radio,1 Sí,2 No,TOTAL
020010101,173,134,307
020010201,160,242,402
020010202,122,205,327
020010203,104,175,279
020010204,161,354,515
020010205,93,154,247
020010206,212,377,589
020010207,120,247,367
020010208,141,245,386
020010209,176,246,422
020010210,105,182,287
020010211,213,300,513
020010212,440,599,1039
020010213,160,252,412
020010214,264,325,589
020010215,280,355,635
020010216,449,518,967
020010217,251,333,584
020010218,167,229,396
020010219,227,238,465
020010301,207,240,447
020010302,197,272,469
020010303,179,336,515
020010304,123,224,347
020010305,359,581,940
020010306,351,486,837
020010307,155,174,329
020010308,259,405,664
020010309,400,489,889
020010310,277,317,594
020010311,300,291,591
020010312,204,246,450
020010313,163,136,299
020010314,186,175,361
020010315,359,315,674
020010316,284,320,604
020010317,204,250,454
020010318,269,342,611
020010319,348,482,830
020010320,132,178,310
020010321,133,106,239
020010322,242,277,519
020010323,276,410,686
020010401,776,599,1375
020010402,763,464,1227
020010403,732,406,1138
020010404,980,459,1439
020010405,625,380,1005
020010406,791,410,1201
020010407,758,526,1284
020010408,657,400,1057
020010501,395,188,583
020010502,298,214,512
020010503,494,385,879
020010504,730,379,1109
020010505,337,272,609
020010506,509,329,838
020010507,308,243,551
020010601,618,277,895
020010602,413,190,603
020010603,794,317,1111
020010604,482,272,754
020010605,193,118,311
020010606,365,177,542
020010607,287,191,478
020010608,463,229,692
020010609,642,328,970
020010610,254,137,391
020010701,410,230,640
020010702,601,159,760
020010703,146,107,253
020010704,330,202,532
020010705,280,108,388
020010706,177,116,293
020010707,374,196,570
020010708,347,223,570
020010709,181,141,322
020010710,205,167,372
020010711,121,84,205
020010712,338,152,490
020010713,1136,279,1415
020010801,190,153,343
020010802,805,478,1283
020010803,641,422,1063
020010804,350,216,566
020010805,344,229,573
020010806,678,408,1086
020010807,827,441,1268
020010808,243,180,423
020010809,331,306,637
020010810,242,185,427
020010901,154,125,279
020010902,203,167,370
020010903,276,153,429
020010904,148,94,242
020010905,185,191,376
020010906,180,161,341
020010907,279,287,566
020010908,123,121,244
020010909,381,224,605
020010910,244,113,357
020010911,306,100,406
020010912,273,95,368
020010913,243,280,523
020010914,121,118,239
020010915,143,86,229
020010916,596,353,949
020010917,174,162,336
020010918,215,157,372
020010919,48,65,113
020011001,197,102,299
020011002,277,205,482
020011003,535,389,924
020011004,233,180,413
020011005,256,223,479
020011006,280,230,510
020011007,139,159,298
020011008,148,111,259
020011009,177,147,324
020011010,334,293,627
020011011,318,263,581
020011012,326,236,562
020011013,353,293,646
020011014,101,106,207
020011101,297,199,496
020011102,215,193,408
020011103,172,160,332
020011104,360,272,632
020011105,264,239,503
020011106,259,164,423
020011107,294,206,500
020011108,440,331,771
020011109,208,219,427
020011110,323,277,600
020011111,131,123,254
020011112,468,414,882
020011113,360,272,632
020011114,359,383,742
020011201,200,124,324
020011202,110,115,225
020011203,438,262,700
020011204,213,171,384
020011205,301,266,567
020011206,235,197,432
020011207,352,380,732
020011208,175,148,323
020011209,782,498,1280
020011210,173,116,289
020011211,330,169,499
020011212,331,147,478
020011301,398,155,553
020011302,83,36,119
020011303,27,16,43
020011304,394,252,646
020011305,204,69,273
020011306,127,48,175
020011307,347,122,469
020011308,190,100,290
020011309,271,117,388
020011310,371,179,550
020011311,169,92,261
020011312,185,81,266
020011313,248,88,336
020011314,755,864,1619
020011315,0,0,0
020011401,362,222,584
020011402,509,501,1010
020011403,170,174,344
020011404,45,24,69
020011405,260,190,450
020011406,287,349,636
020011407,242,194,436
020011408,207,163,370
020011409,241,253,494
020011410,237,165,402
020011411,243,252,495
020011412,257,222,479
020011501,380,292,672
020011502,381,260,641
020011503,207,190,397
020011504,420,297,717
020011505,238,205,443
020011506,406,337,743
020011507,271,276,547
020011508,341,380,721
020011509,368,423,791
020011510,300,297,597
020011511,284,227,511
020011601,319,206,525
020011602,155,145,300
020011603,502,408,910
020011604,277,273,550
020011605,224,203,427
020011606,239,264,503
020011607,562,457,1019
020011608,261,246,507
020011609,216,145,361
020011610,323,227,550
020011611,236,201,437
020011612,166,169,335
020011701,414,402,816
020011702,302,304,606
020011703,334,341,675
020011704,300,248,548
020011705,288,244,532
020011706,390,311,701
020011707,294,271,565
020011708,299,266,565
020011709,221,185,406
020011710,286,255,541
020011711,240,202,442
020011801,457,329,786
020011802,351,333,684
020011803,346,257,603
020011804,364,324,688
020011805,372,278,650
020011806,517,570,1087
020011807,329,347,676
020011808,342,295,637
020011809,348,260,608
020011901,429,397,826
020011902,560,423,983
020011903,168,185,353
020011904,351,322,673
020011905,276,327,603
020011906,213,188,401
020011907,376,327,703
020011908,197,223,420
020011909,260,222,482
020012001,317,255,572
020012002,360,321,681
020012003,273,243,516
020012004,380,337,717
020012005,392,275,667
020012006,411,322,733
020012007,248,204,452
020012008,294,236,530
020012009,283,255,538
020012010,331,439,770
020012101,309,269,578
020012102,293,274,567
020012103,175,194,369
020012104,540,515,1055
020012105,361,309,670
020012106,286,273,559
020012107,380,351,731
020012108,301,216,517
020012109,356,306,662
020012110,375,379,754
020012201,308,219,527
020012202,400,364,764
020012203,381,371,752
020012204,201,223,424
020012205,234,198,432
020012206,344,199,543
020012207,266,247,513
020012208,263,251,514
020012209,430,395,825
020012210,644,494,1138
020012301,278,289,567
020012302,263,245,508
020012303,424,329,753
020012304,174,159,333
020012305,242,229,471
020012306,276,189,465
020012307,240,284,524
020012308,343,293,636
020012309,467,376,843
020012310,180,163,343
020012401,122,112,234
020012402,144,127,271
020012403,259,243,502
020012404,180,130,310
020012405,159,153,312
020012406,387,298,685
020012407,306,216,522
020012408,224,163,387
020012501,225,160,385
020012502,190,177,367
020012503,249,216,465
020012504,450,391,841
020012505,260,186,446
020012506,375,321,696
020012507,217,171,388
020012508,316,260,576
020012509,260,310,570
020012510,272,235,507
020012511,281,241,522
020012601,309,297,606
020012602,369,259,628
020012603,219,192,411
020012604,288,230,518
020012605,340,281,621
020012606,269,159,428
020012607,159,139,298
020012608,224,192,416
020012609,385,314,699
020012701,302,240,542
020012702,346,357,703
020012703,455,350,805
020012704,381,354,735
020012705,315,275,590
020012706,400,439,839
020012707,358,409,767
020012708,361,292,653
020012709,351,310,661
020012710,257,235,492
020012801,269,207,476
020012802,338,331,669
020012803,285,318,603
020012804,352,264,616
020012805,386,356,742
020012806,291,268,559
020012807,346,314,660
020012808,149,145,294
020012809,341,336,677
020012810,393,432,825
020012811,313,226,539
020012812,266,253,519
020012813,263,308,571
020012901,487,524,1011
020012902,279,256,535
020012903,325,410,735
020012904,343,317,660
020012905,333,401,734
020012906,473,445,918
020012907,502,364,866
020012908,273,319,592
020012909,492,348,840
020020101,55,41,96
020020102,163,277,440
020020201,329,221,550
020020202,536,296,832
020020203,398,156,554
020020204,318,189,507
020020205,353,216,569
020020206,280,164,444
020020207,168,113,281
020020208,404,256,660
020020301,495,363,858
020020302,426,283,709
020020303,171,84,255
020020304,223,134,357
020020305,399,277,676
020020306,427,224,651
020020307,551,292,843
020020308,356,215,571
020020401,466,291,757
020020402,153,75,228
020020403,238,121,359
020020404,320,155,475
020020405,427,223,650
020020406,363,155,518
020020407,438,163,601
020020408,623,316,939
020020409,511,258,769
020020410,559,280,839
020020501,455,230,685
020020502,492,316,808
020020503,434,205,639
020020504,342,174,516
020020505,474,253,727
020020506,470,301,771
020020507,485,298,783
020020508,397,253,650
020020509,365,219,584
020020601,243,163,406
020020602,818,458,1276
020020603,367,227,594
020020604,521,266,787
020020605,261,195,456
020020606,390,246,636
020020607,233,132,365
020020608,304,221,525
020020609,280,191,471
020020610,290,193,483
020020701,826,520,1346
020020702,628,384,1012
020020703,534,308,842
020020704,381,248,629
020020705,309,188,497
020020706,352,210,562
020020707,500,372,872
020020708,242,164,406
020020709,292,210,502
020020801,388,279,667
020020802,396,268,664
020020803,538,319,857
020020804,636,383,1019
020020805,501,357,858
020020806,706,474,1180
020020807,880,550,1430
020020808,495,319,814
020020901,441,290,731
020020902,356,293,649
020020903,509,319,828
020020904,559,394,953
020020905,578,392,970
020020906,501,361,862
020020907,515,390,905
020020908,734,560,1294
020020909,585,500,1085
020021001,507,408,915
020021002,342,268,610
020021003,204,212,416
020021004,437,293,730
020021005,401,357,758
020021006,389,262,651
020021007,482,354,836
020021008,496,319,815
020021009,349,222,571
020021101,659,471,1130
020021102,287,242,529
020021103,900,630,1530
020021104,776,530,1306
020021105,165,126,291
020021106,280,226,506
020021201,557,360,917
020021202,469,300,769
020021203,499,373,872
020021204,694,518,1212
020021205,670,488,1158
020021206,520,395,915
020021301,632,500,1132
020021302,499,337,836
020021303,528,390,918
020021304,586,462,1048
020021305,713,579,1292
020021306,577,419,996
020021307,642,512,1154
020021401,445,265,710
020021402,310,229,539
020021403,195,142,337
020021404,386,325,711
020021405,579,483,1062
020021406,528,445,973
020021407,362,260,622
020021408,375,299,674
020021409,729,643,1372
020021410,513,441,954
020021501,350,219,569
020021502,474,276,750
020021503,758,553,1311
020021504,355,233,588
020021505,295,228,523
020021506,312,259,571
020021507,415,305,720
020021508,383,289,672
020021601,498,260,758
020021602,404,273,677
020021603,370,279,649
020021604,330,178,508
020021605,460,338,798
020021606,371,272,643
020021607,430,295,725
020021608,255,148,403
020021701,620,539,1159
020021702,452,351,803
020021703,540,369,909
020021704,175,157,332
020021705,278,234,512
020021706,518,424,942
020021707,581,478,1059
020021708,454,412,866
020021709,425,292,717
020021801,462,397,859
020021802,644,477,1121
020021803,417,332,749
020021804,660,440,1100
020021805,314,198,512
020021806,412,296,708
020021807,332,233,565
020021808,467,369,836
020021901,413,382,795
020021902,337,288,625
020021903,377,292,669
020021904,553,399,952
020021905,400,345,745
020021906,365,356,721
020021907,337,299,636
020021908,431,351,782
020022001,509,405,914
020022002,419,363,782
020022003,378,337,715
020022004,441,336,777
020022005,271,199,470
020022006,333,277,610
020022007,280,241,521
020022008,340,254,594
020022101,591,407,998
020022102,531,371,902
020022103,399,338,737
020022104,552,442,994
020022105,521,423,944
020022106,483,410,893
020022201,399,272,671
020022202,329,184,513
020022203,248,166,414
020022204,557,359,916
020022205,581,461,1042
020022206,523,458,981
020022301,637,376,1013
020022302,536,432,968
020022303,504,380,884
020022304,446,350,796
020022305,335,278,613
020022306,252,139,391
020022307,265,174,439
020022308,225,201,426
020022309,515,389,904
020022401,623,356,979
020022402,471,286,757
020022403,419,330,749
020022404,610,385,995
020022405,509,375,884
020022406,545,378,923
020022501,312,237,549
020022502,322,292,614
020022503,320,276,596
020022504,417,305,722
020022505,475,404,879
020022506,425,305,730
020022507,389,324,713
020022508,569,470,1039
020022509,378,348,726
020022510,309,260,569
020022511,548,400,948
020030101,503,449,952
020030102,428,414,842
020030103,450,431,881
020030104,241,212,453
020030105,400,448,848
020030106,285,354,639
020030107,394,364,758
020030108,182,234,416
020030109,272,237,509
020030110,216,193,409
020030111,259,180,439
020030201,365,322,687
020030202,332,330,662
020030203,326,296,622
020030204,337,330,667
020030205,382,393,775
020030206,430,413,843
020030207,480,437,917
020030208,381,407,788
020030209,368,383,751
020030210,216,159,375
020030211,305,243,548
020030212,400,360,760
020030301,505,481,986
020030302,411,394,805
020030303,279,277,556
020030304,252,223,475
020030305,254,277,531
020030306,453,319,772
020030307,398,332,730
020030308,348,311,659
020030309,153,118,271
020030310,474,380,854
020030311,390,395,785
020030401,327,358,685
020030402,257,202,459
020030403,310,335,645
020030404,347,374,721
020030405,330,299,629
020030406,285,312,597
020030407,334,295,629
020030408,353,311,664
020030501,338,415,753
020030502,271,328,599
020030503,430,487,917
020030504,282,235,517
020030505,288,294,582
020030506,218,201,419
020030507,405,322,727
020030601,375,303,678
020030602,158,170,328
020030603,314,274,588
020030604,341,251,592
020030605,470,354,824
020030606,246,247,493
020030607,357,285,642
020030701,158,124,282
020030702,447,369,816
020030703,457,462,919
020030704,466,416,882
020030705,287,259,546
020030706,296,255,551
020030707,510,366,876
020030708,211,173,384
020030709,460,379,839
020030801,332,282,614
020030802,279,227,506
020030803,490,296,786
020030804,256,240,496
020030805,247,201,448
020030806,236,190,426
020030807,186,206,392
020030808,248,237,485
020030809,365,304,669
020030810,297,206,503
020030901,403,394,797
020030902,262,192,454
020030903,357,330,687
020030904,539,390,929
020030905,291,231,522
020030906,250,219,469
020030907,375,343,718
020030908,380,306,686
020030909,390,361,751
020030910,390,350,740
020031001,386,340,726
020031002,396,370,766
020031003,508,356,864
020031004,341,325,666
020031005,238,209,447
020031006,489,401,890
020031007,397,293,690
020031008,363,252,615
020031101,412,344,756
020031102,464,416,880
020031103,471,355,826
020031104,625,500,1125
020031105,377,286,663
020031106,508,358,866
020031107,445,347,792
020031108,323,241,564
020031201,385,244,629
020031202,472,375,847
020031203,317,235,552
020031204,236,215,451
020031205,528,388,916
020031206,128,125,253
020031207,455,419,874
020031208,272,235,507
020031209,281,165,446
020031210,410,355,765
020031301,385,296,681
020031302,380,330,710
020031303,397,363,760
020031304,253,222,475
020031305,320,279,599
020031306,373,304,677
020031307,371,215,586
020031308,263,193,456
020031309,368,304,672
020031310,333,304,637
020031311,457,349,806
020031401,429,376,805
020031402,439,433,872
020031403,481,491,972
020031404,377,361,738
020031405,389,379,768
020031406,572,474,1046
020031407,302,271,573
020031408,380,278,658
020031409,48,48,96
020031410,470,383,853
020031501,336,303,639
020031502,456,377,833
020031503,293,309,602
020031504,396,336,732
020031505,426,287,713
020031506,406,354,760
020031507,624,541,1165
020031508,689,522,1211
020031509,159,106,265
020031601,432,392,824
020031602,568,473,1041
020031603,421,417,838
020031604,234,209,443
020031605,306,289,595
020031606,329,351,680
020031607,340,369,709
020031608,398,306,704
020031609,545,467,1012
020031701,366,311,677
020031702,386,371,757
020031703,231,194,425
020031704,392,427,819
020031705,412,319,731
020031706,356,306,662
020031707,429,389,818
020031708,494,544,1038
020031709,312,331,643
020031801,238,296,534
020031802,370,303,673
020031803,266,184,450
020031804,390,401,791
020031805,199,163,362
020031806,306,270,576
020031807,365,296,661
020031808,263,238,501
020031809,428,408,836
020031810,264,277,541
020031811,267,278,545
020031901,577,514,1091
020031902,157,128,285
020031903,392,234,626
020031904,341,339,680
020031905,396,355,751
020031906,376,351,727
020031907,456,431,887
020031908,574,508,1082
020031909,317,303,620
020031910,267,219,486
020032001,313,249,562
020032002,521,324,845
020032003,321,252,573
020032004,323,257,580
020032005,237,211,448
020032006,232,207,439
020032007,392,354,746
020032008,410,334,744
020032009,520,393,913
020032010,331,264,595
020032011,278,174,452
020032101,468,428,896
020032102,489,371,860
020032103,384,311,695
020032104,418,310,728
020032105,256,220,476
020032106,427,318,745
020032107,195,191,386
020032108,359,277,636
020032109,201,197,398
020032110,472,422,894
020032201,396,318,714
020032202,324,281,605
020032203,211,159,370
020032204,283,202,485
020032205,387,358,745
020032206,377,326,703
020032207,348,331,679
020032208,470,404,874
020032209,417,451,868
020032301,380,358,738
020032302,414,336,750
020032303,432,319,751
020032304,238,179,417
020032305,354,230,584
020032306,308,255,563
020032307,369,235,604
020032308,421,355,776
020032309,443,439,882
020032310,484,458,942
020032401,339,306,645
020032402,431,352,783
020032403,309,307,616
020032404,362,273,635
020032405,269,202,471
020032406,537,442,979
020032407,371,246,617
020032408,403,294,697
020032409,226,191,417
020032501,671,421,1092
020032502,351,297,648
020032503,247,248,495
020032504,341,302,643
020032505,410,323,733
020032506,489,380,869
020032507,273,216,489
020032508,746,677,1423
020032509,394,286,680
020032601,470,361,831
020032602,556,496,1052
020032603,407,318,725
020032604,298,189,487
020032605,404,370,774
020032606,288,277,565
020032607,406,353,759
020032608,293,272,565
020032609,370,353,723
020032701,499,389,888
020032702,408,377,785
020032703,426,395,821
020032704,464,301,765
020032705,382,335,717
020032706,371,399,770
020032707,457,401,858
020040101,360,345,705
020040102,363,321,684
020040103,261,303,564
020040104,314,383,697
020040105,273,433,706
020040106,238,386,624
020040107,230,241,471
020040108,337,303,640
020040109,296,308,604
020040110,249,199,448
020040111,294,251,545
020040112,278,218,496
020040113,174,196,370
020040114,317,366,683
020040201,380,302,682
020040202,420,341,761
020040203,525,428,953
020040204,381,341,722
020040205,367,315,682
020040206,315,296,611
020040207,434,395,829
020040208,271,206,477
020040209,293,286,579
020040210,434,485,919
020040301,465,435,900
020040302,407,379,786
020040303,313,271,584
020040304,443,382,825
020040305,505,472,977
020040306,475,358,833
020040307,344,279,623
020040308,407,364,771
020040309,266,267,533
020040310,403,345,748
020040311,486,355,841
020040312,498,445,943
020040313,278,257,535
020040401,353,263,616
020040402,372,311,683
020040403,486,355,841
020040404,486,463,949
020040405,476,463,939
020040406,398,317,715
020040407,464,360,824
020040408,360,349,709
020040409,394,387,781
020040410,315,286,601
020040411,485,387,872
020040501,451,382,833
020040502,308,281,589
020040503,451,292,743
020040504,345,298,643
020040505,257,155,412
020040506,490,377,867
020040507,441,349,790
020040508,586,435,1021
020040509,826,1042,1868
020040510,545,599,1144
020040511,469,453,922
020040601,551,444,995
020040602,369,375,744
020040603,347,333,680
020040604,468,412,880
020040605,370,316,686
020040606,489,386,875
020040607,384,320,704
020040608,407,418,825
020040609,356,302,658
020040610,320,301,621
020040611,361,240,601
020040701,441,393,834
020040702,339,349,688
020040703,394,423,817
020040704,1172,848,2020
020040705,395,319,714
020040706,399,386,785
020040707,383,344,727
020040708,378,264,642
020040709,362,309,671
020040710,317,245,562
020040711,495,541,1036
020040712,411,374,785
020040801,364,296,660
020040802,372,347,719
020040803,323,253,576
020040804,389,342,731
020040805,327,233,560
020040806,342,310,652
020040807,1030,1139,2169
020040808,187,184,371
020040809,483,504,987
020040810,286,389,675
020040811,424,416,840
020040901,603,693,1296
020040902,317,351,668
020040903,246,235,481
020040904,222,228,450
020040905,231,259,490
020040906,338,430,768
020040907,347,379,726
020041001,26,39,65
020041002,734,934,1668
020041003,565,836,1401
020041004,143,248,391
020041005,602,816,1418
020041006,302,551,853
020041007,292,465,757
020041008,575,654,1229
020041009,681,1040,1721
020041101,361,417,778
020041102,427,367,794
020041103,392,334,726
020041104,315,278,593
020041105,244,187,431
020041106,427,454,881
020041107,394,499,893
020041108,419,436,855
020041109,280,478,758
020041201,277,283,560
020041202,249,228,477
020041203,394,287,681
020041204,447,450,897
020041205,291,284,575
020041206,373,342,715
020041207,203,239,442
020041208,225,153,378
020041209,390,303,693
020041210,393,400,793
020041211,358,240,598
020041212,307,226,533
020041301,457,362,819
020041302,307,258,565
020041303,298,266,564
020041304,303,153,456
020041305,516,384,900
020041306,272,255,527
020041307,490,334,824
020041308,211,162,373
020041309,258,127,385
020041310,267,188,455
020041311,602,440,1042
020041401,291,294,585
020041402,286,251,537
020041403,317,280,597
020041404,552,495,1047
020041405,366,259,625
020041406,264,199,463
020041407,334,357,691
020041408,521,404,925
020041409,314,302,616
020041501,300,288,588
020041502,741,471,1212
020041503,651,358,1009
020041504,401,298,699
020041505,296,217,513
020041506,303,249,552
020041507,323,274,597
020041508,351,274,625
020041509,340,267,607
020041510,252,226,478
020041601,322,309,631
020041602,930,852,1782
020041603,577,579,1156
020041604,302,302,604
020041605,511,394,905
020041606,269,237,506
020041607,193,180,373
020041608,259,294,553
020041609,498,476,974
020041610,363,358,721
020041701,330,223,553
020041702,305,238,543
020041703,240,288,528
020041704,328,290,618
020041705,392,318,710
020041706,349,199,548
020041707,322,249,571
020041708,412,493,905
020041709,389,309,698
020041710,342,444,786
020041801,47,26,73
020041901,318,281,599
020041902,346,322,668
020041903,410,400,810
020041904,496,490,986
020041905,338,370,708
020041906,451,564,1015
020041907,315,493,808
020041908,522,789,1311
020041909,401,554,955
020041910,296,289,585
020042001,409,429,838
020042002,338,301,639
020042003,385,373,758
020042004,255,276,531
020042005,251,416,667
020042006,366,406,772
020042007,369,413,782
020042008,333,377,710
020042009,359,400,759
020042010,466,534,1000
020042011,398,410,808
020042012,631,460,1091
020042101,253,372,625
020042102,286,410,696
020042103,241,268,509
020042104,251,417,668
020042105,307,281,588
020042106,326,338,664
020042107,370,386,756
020042108,343,513,856
020042109,304,436,740
020042110,301,347,648
020042111,325,483,808
020042112,260,250,510
020042201,328,219,547
020042202,320,348,668
020042203,480,331,811
020042204,660,548,1208
020042205,358,335,693
020042206,322,245,567
020042207,498,339,837
020042208,465,436,901
020042209,308,308,616
020042210,294,234,528
020042211,339,332,671
020042212,275,280,555
020042301,358,398,756
020042302,369,422,791
020042303,336,382,718
020042304,371,376,747
020042305,278,229,507
020042306,356,295,651
020042307,334,266,600
020042308,400,380,780
020042309,199,226,425
020042310,355,376,731
020042311,222,285,507
020042312,356,334,690
020042401,462,719,1181
020042402,616,957,1573
020042403,392,626,1018
020042404,596,1042,1638
020042405,405,699,1104
020042406,415,786,1201
020042501,850,1035,1885
020042502,765,1106,1871
020042503,1340,1870,3210
020042504,588,1077,1665
020042601,251,569,820
020042602,321,705,1026
020042603,406,581,987
020050101,279,246,525
020050102,450,370,820
020050103,367,356,723
020050104,385,261,646
020050105,534,493,1027
020050106,256,211,467
020050107,322,251,573
020050108,399,301,700
020050109,359,299,658
020050110,329,306,635
020050201,480,351,831
020050202,286,295,581
020050203,342,311,653
020050204,501,368,869
020050205,244,281,525
020050206,313,257,570
020050207,260,261,521
020050208,527,423,950
020050209,389,391,780
020050210,348,290,638
020050211,441,344,785
020050301,353,348,701
020050302,554,506,1060
020050303,196,143,339
020050304,307,237,544
020050305,358,325,683
020050306,333,292,625
020050307,270,253,523
020050308,169,161,330
020050309,296,280,576
020050310,252,248,500
020050311,392,394,786
020050401,637,330,967
020050402,396,272,668
020050403,341,321,662
020050404,369,280,649
020050405,375,276,651
020050406,501,461,962
020050407,311,204,515
020050408,646,380,1026
020050409,338,379,717
020050501,404,317,721
020050502,712,562,1274
020050503,398,292,690
020050504,356,320,676
020050505,286,262,548
020050506,390,274,664
020050507,419,412,831
020050508,357,305,662
020050601,377,310,687
020050602,554,383,937
020050603,460,368,828
020050604,750,635,1385
020050605,587,475,1062
020050606,471,366,837
020050607,468,351,819
020050608,506,353,859
020050701,619,496,1115
020050702,281,202,483
020050703,303,296,599
020050704,700,585,1285
020050705,668,516,1184
020050706,306,288,594
020050707,517,341,858
020050708,493,361,854
020050801,606,489,1095
020050802,366,292,658
020050803,635,452,1087
020050804,534,391,925
020050805,221,148,369
020050806,473,358,831
020050807,449,350,799
020050808,451,331,782
020050809,428,288,716
020050901,596,412,1008
020050902,286,275,561
020050903,288,237,525
020050904,243,257,500
020050905,286,263,549
020050906,276,250,526
020050907,245,215,460
020050908,472,415,887
020050909,456,410,866
020050910,416,329,745
020051001,605,470,1075
020051002,586,423,1009
020051003,217,172,389
020051004,302,233,535
020051005,356,306,662
020051006,382,353,735
020051007,611,508,1119
020051008,336,277,613
020051009,433,301,734
020051010,268,243,511
020051101,548,497,1045
020051102,402,395,797
020051103,334,289,623
020051104,351,275,626
020051105,381,315,696
020051106,385,310,695
020051107,510,482,992
020051108,392,335,727
020051109,474,463,937
020051110,493,316,809
020051201,300,256,556
020051202,1075,630,1705
020051203,501,384,885
020051204,398,295,693
020051205,269,149,418
020051206,876,604,1480
020051207,440,382,822
020051301,520,279,799
020051302,392,278,670
020051303,424,286,710
020051304,417,265,682
020051305,448,278,726
020051306,428,342,770
020051307,387,305,692
020051308,513,372,885
020051309,545,405,950
020051401,367,253,620
020051402,376,262,638
020051403,565,500,1065
020051404,495,375,870
020051405,821,663,1484
020051406,685,464,1149
020051407,281,151,432
020051408,321,268,589
020051409,473,379,852
020051501,549,502,1051
020051502,604,427,1031
020051503,294,244,538
020051504,656,459,1115
020051505,506,371,877
020051506,421,365,786
020051507,355,303,658
020051508,368,357,725
020051509,199,180,379
020051601,423,347,770
020051602,321,262,583
020051603,326,271,597
020051604,426,503,929
020051605,431,357,788
020051606,347,325,672
020051607,329,231,560
020051608,488,444,932
020051609,447,403,850
020051610,441,419,860
020051611,550,430,980
020051701,326,341,667
020051702,384,349,733
020051703,392,299,691
020051704,386,390,776
020051705,399,293,692
020051706,428,306,734
020051707,475,374,849
020051708,489,389,878
020051709,291,222,513
020051710,357,338,695
020051711,476,348,824
020051801,491,385,876
020051802,471,358,829
020051803,395,397,792
020051804,391,346,737
020051805,387,387,774
020051806,319,311,630
020051807,363,307,670
020051808,198,189,387
020051809,339,290,629
020051810,411,357,768
020051811,396,261,657
020051901,413,358,771
020051902,342,294,636
020051903,467,392,859
020051904,471,445,916
020051905,399,313,712
020051906,438,323,761
020051907,231,190,421
020051908,519,350,869
020051909,324,232,556
020051910,411,330,741
020051911,541,436,977
020052001,367,349,716
020052002,472,392,864
020052003,441,511,952
020052004,392,338,730
020052005,422,401,823
020052006,420,360,780
020052007,429,400,829
020052008,402,429,831
020052009,428,358,786
020052010,442,434,876
020052011,405,343,748
020052012,410,418,828
020052101,449,346,795
020052102,435,362,797
020052103,271,219,490
020052104,450,399,849
020052105,298,280,578
020052106,363,302,665
020052107,358,292,650
020052108,325,346,671
020052109,371,298,669
020052110,292,254,546
020052111,343,307,650
020052201,347,324,671
020052202,373,383,756
020052203,322,271,593
020052204,469,394,863
020052205,380,345,725
020052206,434,415,849
020052207,822,661,1483
020052208,331,326,657
020052209,425,410,835
020052210,404,369,773
020052211,427,384,811
020052212,460,366,826
020052213,353,269,622
020060101,350,268,618
020060102,401,367,768
020060103,502,324,826
020060104,346,294,640
020060105,522,496,1018
020060106,495,372,867
020060107,318,299,617
020060108,405,391,796
020060109,345,318,663
020060110,367,222,589
020060111,338,276,614
020060112,343,246,589
020060201,525,476,1001
020060202,468,373,841
020060203,286,261,547
020060204,331,285,616
020060205,352,246,598
020060206,489,350,839
020060207,423,254,677
020060208,553,440,993
020060209,337,267,604
020060210,483,359,842
020060211,685,510,1195
020060301,495,406,901
020060302,426,390,816
020060303,458,382,840
020060304,314,266,580
020060305,384,275,659
020060306,429,378,807
020060307,459,349,808
020060308,393,288,681
020060309,544,487,1031
020060310,492,310,802
020060401,273,240,513
020060402,320,297,617
020060403,424,343,767
020060404,393,319,712
020060405,372,300,672
020060406,394,315,709
020060407,333,288,621
020060408,430,378,808
020060409,646,377,1023
020060410,431,317,748
020060411,368,339,707
020060501,415,291,706
020060502,527,405,932
020060503,428,294,722
020060504,330,258,588
020060505,506,373,879
020060506,390,229,619
020060507,430,266,696
020060508,254,185,439
020060509,313,221,534
020060510,490,415,905
020060511,495,374,869
020060512,193,149,342
020060601,591,438,1029
020060602,1003,700,1703
020060603,603,423,1026
020060604,255,202,457
020060605,376,261,637
020060606,430,299,729
020060607,408,287,695
020060608,566,360,926
020060609,433,270,703
020060701,309,238,547
020060702,430,313,743
020060703,535,367,902
020060704,483,316,799
020060705,406,322,728
020060706,399,244,643
020060707,625,426,1051
020060708,380,309,689
020060709,409,277,686
020060710,392,318,710
020060711,331,243,574
020060712,332,281,613
020060713,258,208,466
020060801,451,305,756
020060802,578,380,958
020060803,340,257,597
020060804,346,240,586
020060805,286,196,482
020060806,636,578,1214
020060807,348,265,613
020060808,766,434,1200
020060809,292,188,480
020060810,415,216,631
020060901,319,242,561
020060902,368,199,567
020060903,403,212,615
020060904,596,372,968
020060905,255,169,424
020060906,493,321,814
020060907,278,229,507
020060908,211,164,375
020060909,490,295,785
020060910,444,243,687
020061001,335,242,577
020061002,286,236,522
020061003,420,293,713
020061004,384,264,648
020061005,568,343,911
020061006,505,365,870
020061007,321,241,562
020061008,695,456,1151
020061009,288,193,481
020061010,546,337,883
020061101,571,402,973
020061102,276,226,502
020061103,478,328,806
020061104,385,316,701
020061105,313,226,539
020061106,409,271,680
020061107,407,287,694
020061108,415,310,725
020061109,382,291,673
020061110,268,226,494
020061201,271,205,476
020061202,310,181,491
020061203,311,261,572
020061204,202,136,338
020061205,464,322,786
020061206,303,219,522
020061207,387,266,653
020061208,394,299,693
020061209,398,322,720
020061210,307,194,501
020061211,434,331,765
020061212,260,207,467
020061301,389,259,648
020061302,746,488,1234
020061303,469,241,710
020061304,688,470,1158
020061305,529,294,823
020061306,312,187,499
020061307,490,299,789
020061308,650,442,1092
020061309,569,285,854
020061401,489,340,829
020061402,335,235,570
020061403,463,340,803
020061404,592,402,994
020061405,558,420,978
020061406,635,418,1053
020061407,295,209,504
020061408,296,200,496
020061409,436,291,727
020061410,500,333,833
020061501,369,250,619
020061502,952,623,1575
020061503,428,335,763
020061504,384,243,627
020061505,406,304,710
020061506,444,307,751
020061507,422,369,791
020061508,492,407,899
020061509,306,179,485
020061510,389,251,640
020061601,352,283,635
020061602,396,236,632
020061603,555,315,870
020061604,377,261,638
020061605,562,338,900
020061606,536,360,896
020061607,545,411,956
020061608,749,509,1258
020061609,571,405,976
020061610,616,441,1057
020061611,463,357,820
020061701,451,335,786
020061702,494,342,836
020061703,352,287,639
020061704,425,278,703
020061705,950,670,1620
020061706,540,439,979
020061707,335,224,559
020061801,350,236,586
020061802,365,221,586
020061803,407,221,628
020061804,446,234,680
020061805,481,288,769
020061806,602,435,1037
020061807,674,411,1085
020061808,599,386,985
020061809,484,293,777
020061901,520,314,834
020061902,880,515,1395
020061903,809,542,1351
020061904,520,421,941
020061905,452,244,696
020061906,515,416,931
020061907,537,359,896
020061908,490,363,853
020062001,252,212,464
020062002,307,210,517
020062003,552,348,900
020062004,288,214,502
020062005,464,328,792
020062006,484,293,777
020062007,283,286,569
020062008,652,463,1115
020062009,406,290,696
020062010,470,339,809
020062101,311,271,582
020062102,542,370,912
020062103,535,413,948
020062104,318,267,585
020062105,409,306,715
020062106,295,194,489
020062107,477,414,891
020062108,625,483,1108
020062109,397,281,678
020062110,438,344,782
020062111,548,381,929
020070101,321,227,548
020070102,426,378,804
020070103,405,377,782
020070104,324,333,657
020070105,209,160,369
020070106,362,309,671
020070107,254,175,429
020070108,414,264,678
020070109,334,264,598
020070110,537,516,1053
020070201,420,346,766
020070202,532,374,906
020070203,411,356,767
020070204,845,770,1615
020070205,440,402,842
020070206,548,448,996
020070207,289,349,638
020070208,358,279,637
020070209,489,427,916
020070301,345,307,652
020070302,495,396,891
020070303,566,472,1038
020070304,580,485,1065
020070305,396,330,726
020070306,486,365,851
020070307,580,492,1072
020070308,389,277,666
020070309,339,300,639
020070310,540,422,962
020070401,646,364,1010
020070402,418,314,732
020070403,577,369,946
020070404,643,528,1171
020070405,531,269,800
020070406,596,498,1094
020070407,669,408,1077
020070408,543,338,881
020070409,299,265,564
020070410,484,364,848
020070501,448,271,719
020070502,375,239,614
020070503,469,347,816
020070504,589,385,974
020070505,659,397,1056
020070506,374,218,592
020070507,357,262,619
020070508,408,286,694
020070509,547,459,1006
020070601,467,376,843
020070602,405,324,729
020070603,291,278,569
020070604,388,383,771
020070605,466,362,828
020070606,435,415,850
020070607,491,324,815
020070608,229,189,418
020070609,400,257,657
020070701,337,244,581
020070702,332,202,534
020070703,528,322,850
020070704,376,215,591
020070705,359,239,598
020070706,499,375,874
020070707,355,253,608
020070708,269,202,471
020070709,466,391,857
020070710,495,231,726
020070711,360,213,573
020070801,411,237,648
020070802,444,346,790
020070803,341,207,548
020070804,436,318,754
020070805,562,402,964
020070806,436,398,834
020070807,377,249,626
020070808,414,336,750
020070901,352,262,614
020070902,336,249,585
020070903,318,186,504
020070904,446,324,770
020070905,243,211,454
020070906,483,340,823
020070907,379,326,705
020070908,555,355,910
020070909,345,303,648
020070910,354,283,637
020070911,272,261,533
020071001,422,265,687
020071002,219,136,355
020071003,334,214,548
020071004,392,258,650
020071005,327,274,601
020071006,400,319,719
020071007,405,258,663
020071008,591,417,1008
020071009,377,250,627
020071010,533,345,878
020071101,495,314,809
020071102,486,342,828
020071103,484,314,798
020071104,515,368,883
020071105,311,205,516
020071106,472,274,746
020071107,610,454,1064
020071108,567,363,930
020071109,582,341,923
020071110,371,232,603
020071201,592,363,955
020071202,305,228,533
020071203,392,334,726
020071204,411,317,728
020071205,380,309,689
020071206,388,299,687
020071207,288,273,561
020071208,323,227,550
020071209,404,358,762
020071301,407,264,671
020071302,375,277,652
020071303,526,386,912
020071304,333,189,522
020071305,459,315,774
020071306,394,299,693
020071307,279,203,482
020071308,291,225,516
020071309,263,197,460
020071310,254,206,460
020071311,392,307,699
020071312,327,318,645
020071313,288,242,530
020071314,368,302,670
020071315,268,194,462
020071401,398,365,763
020071402,387,372,759
020071403,355,293,648
020071404,363,286,649
020071405,449,410,859
020071406,534,485,1019
020071407,453,409,862
020071408,441,415,856
020071409,400,375,775
020071410,372,323,695
020071411,429,413,842
020071412,474,386,860
020071413,343,343,686
020071501,288,323,611
020071502,530,447,977
020071503,446,419,865
020071504,315,282,597
020071505,364,287,651
020071506,501,468,969
020071507,307,354,661
020071508,322,404,726
020071509,527,572,1099
020071510,406,515,921
020071511,538,519,1057
020071601,401,292,693
020071602,390,333,723
020071603,396,368,764
020071604,348,324,672
020071605,367,374,741
020071606,481,456,937
020071607,479,385,864
020071608,480,533,1013
020071609,480,460,940
020071701,500,889,1389
020071702,485,795,1280
020071703,451,655,1106
020071704,526,814,1340
020071705,270,437,707
020071706,383,669,1052
020071707,778,1166,1944
020071708,320,581,901
020071709,635,881,1516
020071710,508,735,1243
020071711,208,252,460
020071801,450,789,1239
020071802,136,263,399
020071803,327,425,752
020071804,313,388,701
020071805,290,556,846
020071806,502,846,1348
020071807,420,638,1058
020071808,363,508,871
020071809,366,583,949
020071810,438,781,1219
020071811,382,700,1082
020071901,350,425,775
020071902,609,817,1426
020071903,484,648,1132
020071904,515,798,1313
020071905,522,679,1201
020071906,624,1019,1643
020072001,507,432,939
020072002,249,266,515
020072003,339,318,657
020072004,255,233,488
020072005,372,361,733
020072006,403,334,737
020072007,402,342,744
020072008,563,524,1087
020072009,412,412,824
020072010,644,537,1181
020072011,539,451,990
020072012,314,286,600
020072013,738,735,1473
020072101,614,423,1037
020072102,619,403,1022
020072103,529,363,892
020072104,320,202,522
020072105,377,254,631
020072106,542,305,847
020072107,386,283,669
020072108,243,165,408
020072109,391,267,658
020072110,504,358,862
020072111,440,322,762
020072112,468,394,862
020072201,341,247,588
020072202,475,359,834
020072203,483,338,821
020072204,506,365,871
020072205,471,431,902
020072206,418,417,835
020072207,291,221,512
020072208,314,208,522
020072209,319,256,575
020072210,410,313,723
020072211,396,306,702
020072212,336,212,548
020072213,408,277,685
020072301,431,336,767
020072302,545,320,865
020072303,409,265,674
020072304,341,240,581
020072305,389,298,687
020072306,394,313,707
020072307,450,310,760
020072308,400,340,740
020072309,430,257,687
020072401,481,342,823
020072402,479,368,847
020072403,562,524,1086
020072404,487,466,953
020072405,461,413,874
020072406,542,422,964
020072407,404,372,776
020072408,423,400,823
020072409,488,394,882
020072410,450,434,884
020072411,540,416,956
020080101,366,600,966
020080102,694,660,1354
020080103,422,663,1085
020080104,535,982,1517
020080105,529,925,1454
020080106,771,1100,1871
020080107,416,717,1133
020080108,451,553,1004
020080109,1031,1120,2151
020080110,508,752,1260
020080111,244,307,551
020080112,1237,1549,2786
020080201,542,598,1140
020080202,247,231,478
020080203,202,271,473
020080204,327,383,710
020080205,250,257,507
020080206,370,268,638
020080207,556,556,1112
020080208,392,414,806
020080209,403,355,758
020080210,289,217,506
020080301,443,419,862
020080302,396,333,729
020080303,264,252,516
020080304,383,323,706
020080305,346,318,664
020080306,217,143,360
020080307,358,329,687
020080308,638,873,1511
020080309,720,979,1699
020080310,566,874,1440
020080401,432,379,811
020080402,304,259,563
020080403,323,276,599
020080404,342,267,609
020080405,436,429,865
020080406,531,446,977
020080407,418,345,763
020080408,396,389,785
020080409,399,315,714
020080410,425,371,796
020080411,379,292,671
020080501,387,345,732
020080502,344,342,686
020080503,397,331,728
020080504,432,368,800
020080505,310,251,561
020080506,370,382,752
020080507,483,424,907
020080508,306,264,570
020080509,441,397,838
020080510,545,509,1054
020080511,465,378,843
020080601,385,465,850
020080602,593,486,1079
020080603,567,528,1095
020080604,334,351,685
020080605,477,424,901
020080606,410,488,898
020080607,320,243,563
020080608,361,346,707
020080609,388,388,776
020080610,298,267,565
020080611,250,321,571
020080701,485,647,1132
020080702,529,821,1350
020080703,579,831,1410
020080704,499,780,1279
020080705,509,895,1404
020080706,401,702,1103
020080707,670,1083,1753
020080708,508,1015,1523
020080709,870,1612,2482
020080710,342,497,839
020080711,492,863,1355
020080712,491,946,1437
020080713,472,813,1285
020080714,579,982,1561
020080801,440,365,805
020080802,452,379,831
020080803,360,260,620
020080804,443,308,751
020080805,302,266,568
020080806,448,405,853
020080807,433,352,785
020080808,328,264,592
020080809,358,315,673
020080810,406,410,816
020080811,454,398,852
020080901,378,369,747
020080902,438,382,820
020080903,501,443,944
020080904,263,208,471
020080905,501,356,857
020080906,420,488,908
020080907,385,335,720
020080908,377,317,694
020080909,500,334,834
020081001,445,362,807
020081002,399,298,697
020081003,494,443,937
020081004,1051,957,2008
020081005,1120,1065,2185
020081006,753,685,1438
020081007,765,707,1472
020081008,419,592,1011
020081101,1254,1373,2627
020081102,926,934,1860
020081103,1418,1304,2722
020081104,903,871,1774
020081105,562,618,1180
020081201,495,334,829
020081202,507,404,911
020081203,444,480,924
020081204,441,441,882
020081205,457,430,887
020081206,319,347,666
020081207,381,368,749
020081301,15,22,37
020081302,156,179,335
020081303,480,435,915
020081304,519,430,949
020081305,450,412,862
020081306,323,264,587
020081307,358,315,673
020081308,423,389,812
020081401,481,1002,1483
020081402,490,734,1224
020081403,650,1060,1710
020081404,879,1343,2222
020081405,501,552,1053
020081406,365,352,717
020081407,434,432,866
020081408,362,363,725
020081409,469,425,894
020081410,452,437,889
020081501,865,1349,2214
020081502,722,1237,1959
020081503,724,1231,1955
020081504,301,463,764
020081505,985,1788,2773
020081506,295,470,765
020081507,265,512,777
020081508,364,742,1106
020081509,648,801,1449
020081510,507,610,1117
020081601,419,501,920
020081602,228,303,531
020081603,420,550,970
020081604,357,471,828
020081605,436,439,875
020081606,360,373,733
020081607,369,527,896
020081608,311,385,696
020081609,399,404,803
020081610,345,466,811
020081701,276,249,525
020081702,302,272,574
020081703,291,327,618
020081704,378,340,718
020081705,176,218,394
020090101,264,225,489
020090102,232,173,405
020090103,347,220,567
020090104,349,338,687
020090105,372,317,689
020090106,380,363,743
020090107,333,310,643
020090108,336,288,624
020090109,396,301,697
020090201,460,306,766
020090202,367,347,714
020090203,428,322,750
020090204,536,354,890
020090205,602,448,1050
020090206,359,296,655
020090207,393,325,718
020090208,343,280,623
020090209,407,388,795
020090210,398,307,705
020090211,595,382,977
020090212,298,267,565
020090301,315,276,591
020090302,327,278,605
020090303,318,239,557
020090304,327,269,596
020090305,284,215,499
020090306,398,302,700
020090307,445,313,758
020090308,381,329,710
020090309,350,293,643
020090310,461,305,766
020090311,443,335,778
020090312,305,237,542
020090313,475,368,843
020090401,477,377,854
020090402,493,344,837
020090403,430,393,823
020090404,472,381,853
020090405,514,403,917
020090406,363,232,595
020090407,385,257,642
020090408,384,287,671
020090409,388,266,654
020090410,403,299,702
020090411,453,420,873
020090501,483,326,809
020090502,456,313,769
020090503,522,433,955
020090504,445,335,780
020090505,539,396,935
020090506,428,354,782
020090507,429,305,734
020090508,420,356,776
020090509,410,310,720
020090510,430,343,773
020090511,463,377,840
020090601,549,469,1018
020090602,452,309,761
020090603,482,379,861
020090604,482,347,829
020090605,578,446,1024
020090606,364,294,658
020090607,502,418,920
020090608,398,314,712
020090609,463,314,777
020090610,425,404,829
020090611,400,349,749
020090612,418,337,755
020090701,396,314,710
020090702,445,341,786
020090703,315,221,536
020090704,342,271,613
020090705,371,292,663
020090706,475,305,780
020090707,320,241,561
020090708,379,293,672
020090709,449,324,773
020090710,361,242,603
020090711,393,310,703
020090712,498,391,889
020090713,425,339,764
020090714,447,340,787
020090801,389,317,706
020090802,385,290,675
020090803,443,331,774
020090804,353,307,660
020090805,448,384,832
020090806,507,414,921
020090807,466,488,954
020090808,438,513,951
020090809,297,396,693
020090810,443,371,814
020090811,449,384,833
020090812,476,406,882
020090813,310,267,577
020090901,392,306,698
020090902,355,308,663
020090903,506,424,930
020090904,291,276,567
020090905,342,317,659
020090906,446,351,797
020090907,520,375,895
020090908,294,245,539
020090909,367,367,734
020090910,416,352,768
020090911,395,291,686
020090912,316,299,615
020090913,292,277,569
020090914,442,445,887
020091001,409,358,767
020091002,510,446,956
020091003,537,478,1015
020091004,313,261,574
020091005,415,384,799
020091006,376,354,730
020091007,342,260,602
020091008,473,390,863
020091009,211,206,417
020091010,392,306,698
020091011,284,256,540
020091012,248,232,480
020091101,560,510,1070
020091102,509,480,989
020091103,385,382,767
020091104,560,421,981
020091105,603,501,1104
020091106,483,395,878
020091107,550,454,1004
020091108,462,374,836
020091109,568,415,983
020091110,416,404,820
020091111,463,417,880
020091112,608,546,1154
020091201,491,455,946
020091202,250,240,490
020091203,423,361,784
020091204,397,347,744
020091205,420,313,733
020091206,486,437,923
020091207,339,317,656
020091208,557,385,942
020091209,398,394,792
020091210,491,465,956
020091211,423,372,795
020091212,360,297,657
020091301,479,391,870
020091302,526,507,1033
020091303,530,540,1070
020091304,400,339,739
020091305,499,380,879
020091306,470,413,883
020091307,464,555,1019
020091401,547,461,1008
020091402,438,391,829
020091403,359,330,689
020091404,319,437,756
020091405,583,976,1559
020091406,759,1373,2132
020091407,461,683,1144
020091408,532,901,1433
020091409,404,413,817
020091410,587,934,1521
020091501,286,252,538
020091502,386,398,784
020091503,399,376,775
020091504,357,426,783
020091505,455,397,852
020091506,559,404,963
020091507,514,432,946
020091508,348,407,755
020091509,378,338,716
020091510,297,317,614
020091511,452,391,843
020091601,463,397,860
020091602,428,374,802
020091603,298,254,552
020091604,331,327,658
020091605,411,374,785
020091606,468,426,894
020091607,453,446,899
020091608,463,388,851
020091609,486,443,929
020091610,409,363,772
020091611,324,361,685
020091612,363,343,706
020091613,377,329,706
020100101,333,254,587
020100102,496,320,816
020100103,475,371,846
020100104,437,327,764
020100105,352,287,639
020100106,437,316,753
020100107,381,305,686
020100108,503,418,921
020100201,514,352,866
020100202,302,250,552
020100203,360,289,649
020100204,449,355,804
020100205,433,336,769
020100206,551,470,1021
020100207,515,378,893
020100208,484,326,810
020100301,303,262,565
020100302,451,330,781
020100303,414,331,745
020100304,333,201,534
020100305,416,322,738
020100306,376,285,661
020100307,464,380,844
020100308,462,437,899
020100401,535,397,932
020100402,553,465,1018
020100403,439,376,815
020100404,409,347,756
020100405,433,295,728
020100406,359,266,625
020100407,370,343,713
020100408,348,312,660
020100409,391,325,716
020100501,365,286,651
020100502,351,312,663
020100503,483,386,869
020100504,473,376,849
020100505,437,318,755
020100506,440,349,789
020100507,421,370,791
020100508,490,394,884
020100509,382,253,635
020100510,415,324,739
020100511,348,286,634
020100512,397,316,713
020100513,457,294,751
020100514,371,322,693
020100601,320,297,617
020100602,345,297,642
020100603,531,468,999
020100604,453,348,801
020100605,482,323,805
020100606,449,333,782
020100607,401,362,763
020100608,488,311,799
020100609,487,386,873
020100610,561,435,996
020100611,410,310,720
020100612,406,271,677
020100613,554,408,962
020100701,591,457,1048
020100702,528,429,957
020100703,627,503,1130
020100704,597,454,1051
020100705,432,348,780
020100706,519,360,879
020100707,732,696,1428
020100708,504,464,968
020100709,491,369,860
020100710,592,430,1022
020100801,557,434,991
020100802,632,477,1109
020100803,424,311,735
020100804,530,411,941
020100805,400,371,771
020100806,463,324,787
020100807,625,448,1073
020100808,594,446,1040
020100809,370,261,631
020100901,419,346,765
020100902,448,370,818
020100903,423,338,761
020100904,431,347,778
020100905,515,388,903
020100906,470,426,896
020100907,419,392,811
020100908,353,326,679
020100909,380,260,640
020100910,382,343,725
020101001,370,318,688
020101002,524,481,1005
020101003,461,418,879
020101004,401,325,726
020101005,414,394,808
020101006,435,402,837
020101007,406,348,754
020101008,383,289,672
020101009,463,406,869
020101010,372,295,667
020101011,333,410,743
020101012,456,371,827
020101101,408,368,776
020101102,577,437,1014
020101103,439,338,777
020101104,480,428,908
020101105,452,375,827
020101106,266,196,462
020101107,541,440,981
020101108,460,320,780
020101109,578,415,993
020101110,339,275,614
020101111,346,248,594
020101201,508,400,908
020101202,482,328,810
020101203,412,322,734
020101204,342,236,578
020101205,323,221,544
020101206,311,234,545
020101207,326,272,598
020101208,367,332,699
020101209,396,292,688
020101210,334,226,560
020101301,361,311,672
020101302,423,274,697
020101303,369,294,663
020101304,313,249,562
020101305,437,309,746
020101306,427,342,769
020101307,360,301,661
020101308,446,297,743
020101309,356,321,677
020101310,333,218,551
020101311,330,255,585
020101312,340,226,566
020101401,451,377,828
020101402,480,365,845
020101403,394,335,729
020101404,421,341,762
020101405,394,281,675
020101406,304,234,538
020101407,443,336,779
020101408,294,263,557
020101409,441,370,811
020101410,426,339,765
020101411,332,304,636
020101501,312,268,580
020101502,481,371,852
020101503,277,232,509
020101504,331,295,626
020101505,444,327,771
020101506,322,249,571
020101507,275,218,493
020101508,505,451,956
020101509,606,548,1154
020101601,378,246,624
020101602,572,412,984
020101603,372,332,704
020101604,472,348,820
020101605,608,363,971
020101606,522,402,924
020101607,457,273,730
020101608,414,366,780
020101609,509,359,868
020101701,405,299,704
020101702,414,350,764
020101703,467,421,888
020101704,524,455,979
020101705,537,425,962
020101706,435,368,803
020101707,433,345,778
020101708,329,298,627
020101709,311,284,595
020101710,372,315,687
020101801,382,298,680
020101802,407,287,694
020101803,391,327,718
020101804,548,465,1013
020101805,414,306,720
020101806,289,272,561
020101807,421,313,734
020101808,312,248,560
020101809,690,485,1175
020101810,285,198,483
020101811,354,256,610
020101812,399,341,740
020101901,303,220,523
020101902,531,469,1000
020101903,496,478,974
020101904,402,315,717
020101905,424,322,746
020101906,385,375,760
020101907,440,280,720
020101908,236,237,473
020101909,378,290,668
020101910,484,427,911
020101911,447,398,845
020101912,563,458,1021
020110101,620,339,959
020110102,492,369,861
020110103,352,322,674
020110104,437,340,777
020110105,329,219,548
020110106,414,336,750
020110107,387,290,677
020110108,369,261,630
020110109,410,305,715
020110110,438,329,767
020110111,510,315,825
020110112,351,284,635
020110201,439,336,775
020110202,527,371,898
020110203,377,313,690
020110204,288,225,513
020110205,566,413,979
020110206,523,388,911
020110207,425,347,772
020110208,460,367,827
020110209,362,268,630
020110210,584,360,944
020110211,470,325,795
020110301,392,269,661
020110302,483,272,755
020110303,402,240,642
020110304,366,217,583
020110305,317,220,537
020110306,408,295,703
020110307,428,303,731
020110308,414,285,699
020110309,420,256,676
020110310,431,284,715
020110311,408,282,690
020110312,403,313,716
020110401,438,325,763
020110402,398,331,729
020110403,417,273,690
020110404,575,319,894
020110405,418,318,736
020110406,370,227,597
020110407,409,271,680
020110408,382,279,661
020110409,469,302,771
020110410,402,253,655
020110411,489,373,862
020110412,466,348,814
020110413,417,318,735
020110501,377,277,654
020110502,433,374,807
020110503,488,424,912
020110504,346,243,589
020110505,474,317,791
020110506,452,363,815
020110507,405,299,704
020110508,465,340,805
020110509,437,345,782
020110510,446,302,748
020110601,373,272,645
020110602,499,398,897
020110603,434,331,765
020110604,464,373,837
020110605,392,288,680
020110606,440,360,800
020110607,428,394,822
020110608,389,294,683
020110609,474,315,789
020110610,395,343,738
020110611,427,381,808
020110701,1028,1126,2154
020110702,404,409,813
020110703,404,333,737
020110704,488,381,869
020110705,506,389,895
020110706,448,279,727
020110707,398,334,732
020110708,373,266,639
020110709,436,298,734
020110710,413,324,737
020110711,402,346,748
020110712,456,328,784
020110801,444,354,798
020110802,445,382,827
020110803,281,212,493
020110804,429,265,694
020110805,362,251,613
020110806,515,410,925
020110807,506,422,928
020110808,536,375,911
020110809,445,321,766
020110901,428,377,805
020110902,447,287,734
020110903,567,359,926
020110904,334,279,613
020110905,403,274,677
020110906,317,239,556
020110907,445,289,734
020110908,482,324,806
020110909,294,207,501
020110910,341,280,621
020110911,339,206,545
020110912,398,219,617
020111001,411,260,671
020111002,524,374,898
020111003,408,261,669
020111004,529,364,893
020111005,533,351,884
020111006,580,323,903
020111007,463,428,891
020111008,389,294,683
020111009,373,331,704
020111010,335,338,673
020111101,409,370,779
020111102,439,386,825
020111103,460,415,875
020111104,162,117,279
020111105,470,406,876
020111106,529,415,944
020111107,436,372,808
020111108,393,403,796
020111109,434,397,831
020111201,301,242,543
020111202,306,238,544
020111203,527,400,927
020111204,345,253,598
020111205,327,291,618
020111206,455,361,816
020111207,347,274,621
020111208,383,299,682
020111209,305,248,553
020111210,302,266,568
020111301,437,228,665
020111302,465,307,772
020111303,411,271,682
020111304,428,282,710
020111305,535,313,848
020111306,572,336,908
020111307,451,298,749
020111308,400,267,667
020111309,526,372,898
020111310,348,262,610
020111311,446,342,788
020111401,478,416,894
020111402,436,314,750
020111403,501,436,937
020111404,355,292,647
020111405,489,407,896
020111406,542,406,948
020111407,883,624,1507
020111501,492,426,918
020111502,426,400,826
020111503,506,435,941
020111504,506,394,900
020111505,414,333,747
020111506,443,388,831
020111507,337,292,629
020111508,465,301,766
020111509,463,298,761
020111510,467,383,850
020111511,530,473,1003
020111601,420,407,827
020111602,432,379,811
020111603,327,299,626
020111604,367,236,603
020111605,379,321,700
020111606,384,335,719
020111607,423,352,775
020111608,540,378,918
020111609,331,263,594
020111610,321,289,610
020111701,408,337,745
020111702,425,316,741
020111703,446,361,807
020111704,457,385,842
020111705,395,364,759
020111706,601,463,1064
020111707,420,403,823
020111708,454,339,793
020111801,447,345,792
020111802,417,332,749
020111803,440,364,804
020111804,449,358,807
020111805,402,332,734
020111806,630,558,1188
020111807,487,458,945
020111808,443,381,824
020111809,395,347,742
020111901,284,248,532
020111902,459,339,798
020111903,356,294,650
020111904,561,378,939
020111905,412,323,735
020111906,451,392,843
020111907,451,392,843
020111908,393,363,756
020111909,433,383,816
020112001,445,384,829
020112002,417,373,790
020112003,499,532,1031
020112004,417,397,814
020112005,427,367,794
020112006,334,320,654
020112007,329,273,602
020112008,271,188,459
020112009,351,396,747
020112010,416,299,715
020112011,347,294,641
020112101,364,358,722
020112102,373,334,707
020112103,512,424,936
020112104,354,345,699
020112105,455,390,845
020112106,379,509,888
020112107,336,311,647
020112108,328,311,639
020112109,253,228,481
020112110,395,356,751
020112111,450,396,846
020112201,442,381,823
020112202,450,457,907
020112203,509,401,910
020112204,335,308,643
020112205,471,360,831
020112206,504,437,941
020112207,460,337,797
020112208,457,330,787
020112209,355,357,712
020112210,381,342,723
020112211,389,261,650
020120101,329,211,540
020120102,297,250,547
020120103,370,269,639
020120104,412,406,818
020120105,307,243,550
020120106,409,286,695
020120107,545,471,1016
020120108,254,223,477
020120109,530,373,903
020120110,404,414,818
020120111,496,457,953
020120201,552,446,998
020120202,379,299,678
020120203,463,323,786
020120204,529,425,954
020120205,490,451,941
020120206,469,418,887
020120207,424,368,792
020120208,481,425,906
020120301,126,97,223
020120302,398,250,648
020120303,418,354,772
020120304,424,323,747
020120305,404,350,754
020120306,690,895,1585
020120307,477,458,935
020120308,308,351,659
020120309,328,299,627
020120310,417,372,789
020120311,421,307,728
020120401,401,319,720
020120402,392,337,729
020120403,540,449,989
020120404,476,358,834
020120405,274,292,566
020120406,404,297,701
020120407,587,395,982
020120408,394,331,725
020120409,305,245,550
020120410,326,268,594
020120501,310,269,579
020120502,332,286,618
020120503,694,531,1225
020120504,353,250,603
020120505,373,278,651
020120506,354,238,592
020120507,393,311,704
020120508,576,337,913
020120509,411,304,715
020120510,371,275,646
020120511,388,340,728
020120601,413,310,723
020120602,426,379,805
020120603,360,267,627
020120604,498,384,882
020120605,524,400,924
020120606,502,404,906
020120607,365,315,680
020120608,409,256,665
020120609,386,289,675
020120610,415,309,724
020120701,422,362,784
020120702,432,356,788
020120703,503,323,826
020120704,477,388,865
020120705,436,264,700
020120706,485,348,833
020120707,437,336,773
020120708,490,332,822
020120709,685,439,1124
020120710,565,416,981
020120801,741,583,1324
020120802,391,298,689
020120803,432,359,791
020120804,411,301,712
020120805,322,247,569
020120806,446,328,774
020120807,454,353,807
020120808,449,374,823
020120809,571,326,897
020120810,403,264,667
020120811,363,243,606
020120901,488,380,868
020120902,624,425,1049
020120903,474,438,912
020120904,554,393,947
020120905,484,403,887
020120906,501,384,885
020120907,407,400,807
020121001,509,402,911
020121002,555,361,916
020121003,399,283,682
020121004,372,319,691
020121005,363,316,679
020121006,447,361,808
020121007,410,291,701
020121008,622,449,1071
020121009,442,322,764
020121010,449,292,741
020121011,451,348,799
020121101,383,321,704
020121102,317,287,604
020121103,242,276,518
020121104,428,379,807
020121105,370,434,804
020121106,422,364,786
020121107,423,307,730
020121108,454,381,835
020121109,524,295,819
020121110,449,358,807
020121111,382,338,720
020121201,352,258,610
020121202,594,404,998
020121203,625,466,1091
020121204,458,388,846
020121205,453,306,759
020121206,331,197,528
020121207,445,352,797
020121208,370,299,669
020121301,476,354,830
020121302,475,333,808
020121303,895,519,1414
020121304,704,452,1156
020121305,622,363,985
020121306,489,361,850
020121307,275,177,452
020121401,611,332,943
020121402,491,354,845
020121403,436,267,703
020121404,475,329,804
020121405,574,330,904
020121406,425,282,707
020121407,550,408,958
020121408,606,310,916
020121409,429,296,725
020121410,535,408,943
020121501,448,361,809
020121502,473,312,785
020121503,602,316,918
020121504,554,345,899
020121505,529,285,814
020121506,477,310,787
020121507,497,350,847
020121508,464,393,857
020121509,558,332,890
020121510,442,350,792
020121511,446,336,782
020121512,400,337,737
020121513,409,231,640
020121601,570,473,1043
020121602,479,332,811
020121603,489,359,848
020121604,604,428,1032
020121605,721,511,1232
020121606,786,498,1284
020121607,410,284,694
020121608,577,406,983
020121609,483,283,766
020121610,388,236,624
020121611,431,317,748
020121612,392,270,662
020121613,272,183,455
020121614,208,118,326
020121701,487,418,905
020121702,554,438,992
020121703,471,365,836
020121704,426,299,725
020121705,553,465,1018
020121706,526,382,908
020121707,502,420,922
020121708,688,457,1145
020121801,302,278,580
020121802,497,354,851
020121803,486,320,806
020121804,425,346,771
020121805,475,343,818
020121806,435,383,818
020121807,474,336,810
020121808,515,369,884
020121809,395,346,741
020121810,391,285,676
020121811,358,281,639
020121812,633,429,1062
020121813,401,311,712
020121901,402,441,843
020121902,288,263,551
020121903,386,313,699
020121904,558,460,1018
020121905,571,431,1002
020121906,533,469,1002
020121907,505,416,921
020121908,493,388,881
020121909,436,304,740
020121910,583,426,1009
020121911,524,469,993
020121912,431,347,778
020121913,386,273,659
020122001,453,332,785
020122002,671,514,1185
020122003,536,406,942
020122004,570,389,959
020122005,509,426,935
020122006,524,410,934
020122007,474,340,814
020122008,474,391,865
020122101,577,392,969
020122102,591,385,976
020122103,471,366,837
020122104,522,424,946
020122105,450,309,759
020122106,471,331,802
020122107,476,403,879
020122108,448,319,767
020122109,438,304,742
020122110,352,258,610
020122201,388,340,728
020122202,465,402,867
020122203,414,317,731
020122204,399,416,815
020122205,618,492,1110
020122206,553,478,1031
020122207,612,425,1037
020122208,524,389,913
020122209,485,355,840
020122210,511,392,903
020122211,514,365,879
020130101,430,261,691
020130102,439,277,716
020130103,324,239,563
020130104,426,275,701
020130105,504,248,752
020130106,506,303,809
020130107,282,198,480
020130108,303,195,498
020130109,267,169,436
020130110,413,245,658
020130111,385,227,612
020130112,299,210,509
020130113,336,243,579
020130114,388,211,599
020130201,634,356,990
020130202,483,317,800
020130203,337,214,551
020130204,333,277,610
020130205,452,256,708
020130206,545,334,879
020130207,375,237,612
020130208,355,222,577
020130209,563,377,940
020130210,594,410,1004
020130211,339,212,551
020130301,452,307,759
020130302,339,279,618
020130303,412,322,734
020130304,611,368,979
020130305,419,309,728
020130306,370,231,601
020130307,383,228,611
020130308,320,253,573
020130309,463,400,863
020130310,519,353,872
020130401,360,201,561
020130402,390,322,712
020130403,384,259,643
020130404,540,394,934
020130405,427,288,715
020130406,492,323,815
020130407,417,261,678
020130408,349,239,588
020130409,359,298,657
020130410,247,161,408
020130411,443,303,746
020130412,779,482,1261
020130413,419,245,664
020130414,427,270,697
020130501,387,315,702
020130502,691,441,1132
020130503,643,459,1102
020130504,561,375,936
020130505,489,339,828
020130506,560,313,873
020130507,429,287,716
020130508,528,265,793
020130601,397,257,654
020130602,538,444,982
020130603,456,415,871
020130604,480,355,835
020130605,493,377,870
020130606,524,288,812
020130607,557,349,906
020130608,444,303,747
020130701,418,301,719
020130702,331,208,539
020130703,615,322,937
020130704,438,270,708
020130705,566,402,968
020130706,495,270,765
020130707,468,266,734
020130708,416,296,712
020130709,463,276,739
020130801,373,228,601
020130802,287,242,529
020130803,543,323,866
020130804,482,319,801
020130805,550,336,886
020130806,367,255,622
020130807,454,282,736
020130808,561,352,913
020130809,393,254,647
020130810,352,244,596
020130901,332,299,631
020130902,378,272,650
020130903,285,189,474
020130904,305,237,542
020130905,680,403,1083
020130906,381,248,629
020130907,392,228,620
020130908,472,264,736
020130909,501,300,801
020130910,285,232,517
020131001,441,270,711
020131002,519,294,813
020131003,486,387,873
020131004,631,376,1007
020131005,297,219,516
020131006,470,364,834
020131007,405,227,632
020131008,523,338,861
020131009,388,274,662
020131010,472,365,837
020131011,336,241,577
020131101,297,249,546
020131102,404,287,691
020131103,341,212,553
020131104,294,237,531
020131105,323,231,554
020131106,590,425,1015
020131107,403,272,675
020131201,385,270,655
020131202,503,336,839
020131203,325,261,586
020131204,476,310,786
020131205,371,264,635
020131206,324,210,534
020131207,440,386,826
020131208,335,248,583
020131209,527,342,869
020131210,322,209,531
020131301,605,379,984
020131302,163,135,298
020131303,426,258,684
020131304,464,321,785
020131305,457,323,780
020131306,152,89,241
020131307,347,226,573
020131308,382,229,611
020131309,477,252,729
020131310,538,311,849
020131311,330,220,550
020131312,630,316,946
020131313,708,416,1124
020131314,382,234,616
020131401,466,255,721
020131402,221,132,353
020131403,381,239,620
020131404,415,276,691
020131405,301,197,498
020131406,487,301,788
020131407,242,119,361
020131408,360,213,573
020131409,345,153,498
020131410,452,236,688
020131411,449,285,734
020131501,421,275,696
020131502,408,275,683
020131503,442,261,703
020131504,292,174,466
020131505,432,299,731
020131506,350,267,617
020131507,431,322,753
020131508,404,273,677
020131509,477,335,812
020131510,370,229,599
020131511,412,283,695
020131512,373,239,612
020131601,518,264,782
020131602,529,293,822
020131603,279,203,482
020131604,409,250,659
020131605,281,208,489
020131606,235,148,383
020131607,421,279,700
020131608,435,184,619
020131609,460,314,774
020131610,488,279,767
020131611,401,272,673
020131612,428,247,675
020131613,306,207,513
020131701,604,359,963
020131702,624,401,1025
020131703,448,308,756
020131704,294,226,520
020131705,412,247,659
020131706,454,264,718
020131707,479,294,773
020131708,403,294,697
020131709,555,379,934
020131710,529,345,874
020131711,298,220,518
020131801,452,368,820
020131802,435,365,800
020131803,505,371,876
020131804,399,260,659
020131805,402,233,635
020131806,385,312,697
020131807,545,359,904
020131808,459,283,742
020131809,325,174,499
020131810,467,301,768
020131901,461,293,754
020131902,505,350,855
020131903,395,247,642
020131904,297,168,465
020131905,604,261,865
020131906,256,216,472
020131907,414,268,682
020131908,447,249,696
020131909,406,209,615
020131910,426,207,633
020131911,222,153,375
020131912,472,243,715
020132001,401,206,607
020132002,525,355,880
020132003,240,144,384
020132004,407,231,638
020132005,361,213,574
020132006,478,303,781
020132007,473,290,763
020132008,466,271,737
020132009,291,222,513
020132010,299,225,524
020132011,331,226,557
020132012,342,186,528
020132101,365,199,564
020132102,167,125,292
020132103,314,203,517
020132104,522,292,814
020132105,471,302,773
020132106,435,271,706
020132107,652,398,1050
020132108,430,247,677
020132109,492,301,793
020132110,575,303,878
020132201,332,217,549
020132202,306,188,494
020132203,273,173,446
020132204,529,314,843
020132205,690,415,1105
020132206,646,386,1032
020132207,643,409,1052
020132208,485,270,755
020132209,294,216,510
020132301,655,441,1096
020132302,281,201,482
020132303,596,423,1019
020132304,354,207,561
020132305,282,185,467
020132306,454,261,715
020132307,316,179,495
020132308,582,391,973
020132309,603,364,967
020132310,334,193,527
020132311,468,319,787
020132401,253,180,433
020132402,332,204,536
020132403,370,250,620
020132404,479,283,762
020132405,405,278,683
020132406,398,277,675
020132407,505,367,872
020132408,462,322,784
020132409,526,370,896
020132410,426,311,737
020132501,341,213,554
020132502,373,270,643
020132503,466,352,818
020132504,348,277,625
020132505,295,242,537
020132506,404,268,672
020132507,619,441,1060
020132508,434,301,735
020132601,429,365,794
020132602,429,333,762
020132603,414,286,700
020132604,506,356,862
020132605,419,286,705
020132606,431,311,742
020132607,252,206,458
020132608,263,163,426
020132609,260,221,481
020132610,511,362,873
020132611,338,267,605
020132701,255,148,403
020132702,504,302,806
020132703,597,383,980
020132704,481,288,769
020132705,349,226,575
020132706,651,394,1045
020132707,586,401,987
020132708,431,323,754
020132709,518,293,811
020132801,266,216,482
020132802,262,157,419
020132803,376,250,626
020132804,209,143,352
020132805,301,212,513
020132806,464,310,774
020132807,414,231,645
020132808,542,331,873
020132809,432,286,718
020132810,350,241,591
020132901,364,284,648
020132902,333,261,594
020132903,278,230,508
020132904,463,322,785
020132905,308,233,541
020132906,380,330,710
020132907,446,364,810
020132908,523,498,1021
020132909,305,227,532
020132910,396,336,732
020132911,389,333,722
020140101,267,148,415
020140102,320,206,526
020140103,504,318,822
020140104,564,309,873
020140105,772,484,1256
020140106,604,349,953
020140107,516,295,811
020140108,557,343,900
020140109,567,392,959
020140110,650,489,1139
020140201,673,406,1079
020140202,321,185,506
020140203,517,292,809
020140204,362,258,620
020140205,397,274,671
020140206,341,289,630
020140207,416,236,652
020140208,532,336,868
020140209,534,305,839
020140210,619,443,1062
020140301,937,587,1524
020140302,297,167,464
020140303,221,185,406
020140304,422,278,700
020140305,516,293,809
020140306,242,139,381
020140307,398,199,597
020140308,478,317,795
020140309,505,331,836
020140310,363,222,585
020140311,405,261,666
020140312,375,264,639
020140401,507,316,823
020140402,334,224,558
020140403,337,196,533
020140404,379,236,615
020140405,512,292,804
020140406,766,457,1223
020140407,545,314,859
020140408,663,414,1077
020140409,455,316,771
020140410,808,560,1368
020140501,407,322,729
020140502,404,458,862
020140503,524,366,890
020140504,317,210,527
020140505,595,388,983
020140506,310,266,576
020140507,313,196,509
020140508,240,186,426
020140509,675,415,1090
020140510,685,492,1177
020140601,568,357,925
020140602,443,320,763
020140603,498,382,880
020140604,435,247,682
020140605,424,313,737
020140606,565,478,1043
020140607,441,286,727
020140608,345,156,501
020140609,450,287,737
020140610,214,155,369
020140701,455,365,820
020140702,469,372,841
020140703,428,330,758
020140704,513,432,945
020140705,423,274,697
020140706,388,293,681
020140707,324,278,602
020140708,318,230,548
020140709,309,275,584
020140801,459,318,777
020140802,312,242,554
020140803,185,157,342
020140804,258,176,434
020140805,503,433,936
020140806,506,378,884
020140807,334,252,586
020140808,345,312,657
020140809,642,423,1065
020140901,589,478,1067
020140902,391,375,766
020140903,648,372,1020
020140904,634,467,1101
020140905,242,140,382
020140906,393,242,635
020140907,380,226,606
020140908,452,263,715
020140909,427,299,726
020140910,513,329,842
020140911,426,295,721
020140912,576,386,962
020140913,416,232,648
020141001,13,10,23
020141101,596,309,905
020141102,553,285,838
020141103,313,158,471
020141104,401,256,657
020141105,483,248,731
020141106,515,310,825
020141107,297,236,533
020141108,614,342,956
020141109,351,308,659
020141110,233,194,427
020141111,253,246,499
020141112,402,273,675
020141113,496,228,724
020141114,303,183,486
020141201,239,176,415
020141202,397,388,785
020141203,317,263,580
020141204,480,254,734
020141205,440,344,784
020141206,287,237,524
020141207,175,139,314
020141208,190,128,318
020141209,315,317,632
020141210,420,282,702
020141211,326,251,577
020141301,288,354,642
020141302,326,298,624
020141303,400,297,697
020141304,278,276,554
020141305,364,313,677
020141306,300,254,554
020141307,212,147,359
020141308,315,298,613
020141309,394,330,724
020141310,383,303,686
020141311,343,234,577
020141312,277,253,530
020141401,487,353,840
020141402,332,227,559
020141403,413,248,661
020141404,230,156,386
020141405,193,207,400
020141406,245,197,442
020141407,279,206,485
020141408,482,411,893
020141409,550,356,906
020141410,389,275,664
020141411,462,319,781
020141501,363,303,666
020141502,393,323,716
020141503,384,264,648
020141504,457,310,767
020141505,460,396,856
020141506,495,375,870
020141507,358,246,604
020141508,1033,771,1804
020141601,805,404,1209
020141602,439,267,706
020141603,672,364,1036
020141604,568,302,870
020141605,542,317,859
020141606,166,113,279
020141607,394,267,661
020141701,487,268,755
020141702,486,349,835
020141703,475,286,761
020141704,227,171,398
020141705,406,276,682
020141706,381,242,623
020141707,438,266,704
020141708,757,491,1248
020141801,430,279,709
020141802,410,279,689
020141803,625,386,1011
020141804,516,333,849
020141805,545,390,935
020141806,468,294,762
020141807,341,246,587
020141808,511,366,877
020141901,294,218,512
020141902,524,392,916
020141903,589,396,985
020141904,692,472,1164
020141905,847,518,1365
020142001,694,493,1187
020142002,723,498,1221
020142003,546,383,929
020142004,404,355,759
020142005,395,328,723
020142006,280,204,484
020142007,162,142,304
020142101,517,391,908
020142102,356,283,639
020142103,172,145,317
020142104,287,211,498
020142105,203,171,374
020142106,280,241,521
020142107,349,293,642
020142108,338,321,659
020142109,295,231,526
020142110,297,217,514
020142111,341,314,655
020142201,476,327,803
020142202,476,347,823
020142203,264,199,463
020142204,329,219,548
020142205,436,421,857
020142206,545,447,992
020142207,383,329,712
020142208,388,336,724
020142209,682,586,1268
020142210,360,270,630
020142301,331,233,564
020142302,278,166,444
020142303,281,242,523
020142304,413,285,698
020142305,531,427,958
020142306,237,176,413
020142307,358,294,652
020142308,569,448,1017
020142309,469,417,886
020142310,352,362,714
020142311,455,401,856
020142401,336,305,641
020142402,247,180,427
020142403,297,199,496
020142404,220,159,379
020142405,383,382,765
020142406,383,283,666
020142407,367,274,641
020142408,316,194,510
020142409,372,292,664
020142501,439,367,806
020142502,236,192,428
020142503,484,266,750
020142504,307,195,502
020142505,239,196,435
020142506,242,192,434
020142507,404,292,696
020142508,380,288,668
020142509,373,283,656
020142601,585,404,989
020142602,377,322,699
020142603,210,174,384
020142604,922,715,1637
020142605,508,379,887
020142606,526,367,893
020142607,699,408,1107
020142701,717,441,1158
020142702,617,455,1072
020142703,312,250,562
020142704,459,300,759
020142705,516,354,870
020142706,237,170,407
020142707,263,139,402
020142801,350,245,595
020142802,341,234,575
020142803,379,258,637
020142804,365,297,662
020142805,306,201,507
020142806,522,358,880
020142807,410,285,695
020142808,254,256,510
020142809,310,234,544
020142810,457,323,780
020142811,602,336,938
020142812,357,194,551
020142901,309,195,504
020142902,543,321,864
020142903,272,205,477
020142904,403,303,706
020142905,255,198,453
020142906,508,268,776
020142907,477,301,778
020142908,378,205,583
020142909,373,313,686
020142910,448,283,731
020142911,365,226,591
020143001,462,297,759
020143002,534,352,886
020143003,514,262,776
020143004,377,150,527
020143005,576,313,889
020143006,298,150,448
020143007,220,151,371
020143008,993,529,1522
020143009,756,446,1202
020143101,399,263,662
020143102,476,310,786
020143103,373,216,589
020143104,394,203,597
020143105,341,233,574
020143106,696,398,1094
020143107,569,259,828
020143108,437,249,686
020143109,386,213,599
020143110,315,186,501
020143111,225,144,369
020143112,325,217,542
020150101,536,390,926
020150102,480,409,889
020150103,349,303,652
020150104,341,243,584
020150105,417,314,731
020150106,367,320,687
020150107,374,269,643
020150108,388,279,667
020150109,453,424,877
020150110,461,413,874
020150111,321,225,546
020150112,378,310,688
020150201,374,314,688
020150202,423,327,750
020150203,468,306,774
020150204,312,214,526
020150205,295,184,479
020150206,380,271,651
020150207,362,263,625
020150208,360,252,612
020150209,318,222,540
020150210,294,249,543
020150301,377,293,670
020150302,505,367,872
020150303,445,409,854
020150304,396,324,720
020150305,373,331,704
020150306,410,284,694
020150307,474,300,774
020150308,489,357,846
020150309,455,337,792
020150310,468,342,810
020150311,401,304,705
020150312,567,524,1091
020150313,387,328,715
020150401,420,362,782
020150402,331,312,643
020150403,493,370,863
020150404,258,267,525
020150405,285,293,578
020150406,375,344,719
020150407,404,364,768
020150408,401,289,690
020150409,296,288,584
020150410,327,258,585
020150411,395,307,702
020150412,415,339,754
020150413,402,321,723
020150414,405,418,823
020150501,405,309,714
020150502,533,386,919
020150503,401,307,708
020150504,300,236,536
020150505,398,314,712
020150506,388,337,725
020150507,316,335,651
020150508,420,419,839
020150509,461,401,862
020150510,306,303,609
020150511,351,311,662
020150512,375,291,666
020150513,367,318,685
020150514,348,320,668
020150601,376,252,628
020150602,345,277,622
020150603,338,268,606
020150604,388,281,669
020150605,280,213,493
020150606,249,230,479
020150607,334,278,612
020150701,408,415,823
020150702,328,324,652
020150703,289,311,600
020150704,445,438,883
020150705,459,355,814
020150706,398,463,861
020150707,503,453,956
020150708,491,437,928
020150709,357,381,738
020150710,488,407,895
020150711,458,357,815
020150712,430,467,897
020150801,430,456,886
020150802,305,364,669
020150803,450,490,940
020150804,405,444,849
020150805,365,318,683
020150806,332,329,661
020150807,528,402,930
020150808,460,398,858
020150809,544,418,962
020150810,450,385,835
020150901,254,228,482
020150902,244,212,456
020150903,228,248,476
020150904,333,331,664
020150905,378,313,691
020150906,280,279,559
020150907,307,348,655
020150908,1005,995,2000
020151001,395,276,671
020151002,611,435,1046
020151003,479,518,997
020151004,405,335,740
020151005,327,321,648
020151006,229,223,452
020151007,437,335,772
020151008,360,319,679
020151009,375,311,686
020151010,303,230,533
020151011,360,248,608
020151012,389,330,719
020151013,683,318,1001
020151101,406,332,738
020151102,409,296,705
020151103,403,272,675
020151104,387,381,768
020151105,290,334,624
020151106,334,399,733
020151107,319,310,629
020151108,371,307,678
020151109,550,403,953
020151110,343,271,614
020151111,561,519,1080
020151112,456,333,789
020151113,452,396,848
020151201,378,323,701
020151202,363,341,704
020151203,373,306,679
020151204,369,290,659
020151205,474,388,862
020151206,351,319,670
020151207,263,206,469
020151208,372,320,692
020151209,279,197,476
020151301,353,426,779
020151302,395,290,685
020151303,348,241,589
020151304,318,314,632
020151305,245,162,407
020151306,288,188,476
020151307,367,251,618
020151308,218,186,404
020151309,554,413,967
020151310,339,258,597
020151401,416,372,788
020151402,435,411,846
020151403,369,297,666
020151404,375,293,668
020151405,471,420,891
020151406,291,196,487
020151407,450,316,766
020151408,402,372,774
020151409,441,368,809
020151410,333,304,637
020151411,504,458,962
020151501,365,289,654
020151502,344,380,724
020151503,551,436,987
020151504,424,490,914
020151505,425,349,774
020151506,461,358,819
020151507,433,364,797
020151508,308,315,623
020151509,516,419,935
020151510,435,433,868
020151601,430,360,790
020151602,414,359,773
020151603,520,465,985
020151604,371,324,695
020151605,304,285,589
020151606,405,319,724
020151607,428,353,781
020151608,454,330,784
020151609,386,298,684
020151610,381,351,732
020151611,391,317,708
020151701,367,327,694
020151702,318,221,539
020151703,426,369,795
020151704,466,473,939
020151705,454,358,812
020151706,351,310,661
020151707,369,323,692
020151708,323,244,567
020151709,339,282,621
020151710,515,338,853
020151711,411,344,755
020151712,388,299,687
020151801,299,229,528
020151802,236,211,447
020151803,376,288,664
020151804,266,176,442
020151805,273,184,457
020151806,292,192,484
020151807,409,311,720
020151808,300,225,525
020151809,249,203,452
020151810,292,240,532
020151811,345,270,615
020151812,293,231,524
020151813,314,196,510
020151901,258,184,442
020151902,401,331,732
020151903,335,301,636
020151904,378,314,692
020151905,438,355,793
020151906,381,330,711
020151907,405,290,695
020151908,339,216,555
020151909,365,253,618
020151910,455,437,892
020151911,427,337,764
020152001,434,375,809
020152002,395,349,744
020152003,411,335,746
020152004,347,240,587
020152005,300,253,553
020152006,357,308,665
020152007,373,294,667
020152008,342,266,608
020152009,239,209,448
020152010,387,354,741
020152011,340,350,690
020152012,365,328,693
020152101,362,295,657
020152102,397,354,751
020152103,345,251,596
020152104,396,280,676
020152105,223,210,433
020152106,549,411,960
020152107,198,186,384
020152108,306,240,546
020152109,442,367,809
020152110,305,251,556
020152111,398,242,640
020152112,255,218,473
020152113,489,351,840
060280101,500,646,1146
060280102,430,622,1052
060280103,482,591,1073
060280104,400,465,865
060280105,241,306,547
060280106,391,396,787
060280107,441,656,1097
060280108,660,763,1423
060280109,671,776,1447
060280110,294,335,629
060280111,573,548,1121
060280112,428,487,915
060280113,347,449,796
060280114,421,547,968
060280115,539,702,1241
060280201,615,786,1401
060280202,536,680,1216
060280203,630,766,1396
060280204,604,898,1502
060280205,439,560,999
060280206,441,696,1137
060280207,430,570,1000
060280208,426,620,1046
060280301,657,778,1435
060280302,614,763,1377
060280303,640,1078,1718
060280304,259,457,716
060280305,478,907,1385
060280306,197,476,673
060280307,410,781,1191
060280308,704,967,1671
060280309,416,508,924
060280310,417,492,909
060280311,361,422,783
060280312,385,488,873
060280401,590,1015,1605
060280402,416,760,1176
060280403,554,798,1352
060280404,402,712,1114
060280405,422,810,1232
060280406,522,895,1417
060280407,567,807,1374
060280408,563,807,1370
060280409,575,921,1496
060280410,491,730,1221
060280411,536,693,1229
060280412,689,806,1495
060280501,32,31,63
060280502,45,35,80
060280503,18,19,37
060280504,413,546,959
060280505,28,57,85
060280506,295,343,638
060280507,153,214,367
060280508,104,127,231
060280509,74,128,202
060280510,92,108,200
060280511,463,609,1072
060280512,52,56,108
060280513,582,581,1163
060280601,505,597,1102
060280602,1023,1054,2077
060280603,650,706,1356
060280604,1660,2096,3756
060280605,739,995,1734
060280606,765,896,1661
060280607,579,714,1293
060280608,325,411,736
060280609,476,540,1016
060280610,1404,1820,3224
060280611,402,527,929
060280612,346,522,868
060280613,342,345,687
060280614,1108,1352,2460
060280615,1452,1968,3420
060280701,856,1203,2059
060280702,717,978,1695
060280703,826,1039,1865
060280704,563,715,1278
060280705,610,709,1319
060280706,607,694,1301
060280707,977,1173,2150
060280708,461,487,948
060280709,481,700,1181
060280710,481,528,1009
060280711,623,774,1397
060280801,109,206,315
060280802,106,140,246
060280803,29,41,70
060280804,81,123,204
060280805,519,584,1103
060280806,374,443,817
060280807,377,450,827
060280808,422,546,968
060280809,47,49,96
060280810,715,731,1446
060280811,624,669,1293
060280812,469,480,949
060280813,521,413,934
060280901,626,795,1421
060280902,479,659,1138
060280903,385,555,940
060280904,701,958,1659
060280905,474,463,937
060280906,557,566,1123
060280907,508,541,1049
060280908,486,667,1153
060280909,633,825,1458
060281001,303,408,711
060281002,338,312,650
060281003,523,490,1013
060281004,296,412,708
060281005,387,409,796
060281006,392,500,892
060281007,525,625,1150
060281008,653,701,1354
060281009,388,514,902
060281010,438,559,997
060281011,430,545,975
060281012,441,516,957
060281013,754,946,1700
060281014,467,629,1096
060281015,428,445,873
060281016,421,490,911
060281017,373,376,749
060281101,442,490,932
060281102,375,441,816
060281103,385,352,737
060281104,339,294,633
060281105,367,301,668
060281106,314,252,566
060281107,297,275,572
060281108,204,165,369
060281109,650,645,1295
060281110,698,622,1320
060281111,696,790,1486
060281112,371,421,792
060281113,352,327,679
060281201,560,530,1090
060281202,509,369,878
060281203,598,539,1137
060281204,442,371,813
060281205,537,350,887
060281206,320,197,517
060281207,394,295,689
060281208,465,360,825
060281209,472,442,914
060281210,632,664,1296
060281211,578,478,1056
060281301,570,624,1194
060281302,377,343,720
060281303,330,507,837
060281304,716,741,1457
060281305,453,512,965
060281306,411,544,955
060281307,371,489,860
060281308,473,663,1136
060281309,451,650,1101
060281310,516,526,1042
060281311,523,551,1074
060281312,407,410,817
060281313,310,386,696
060281401,541,790,1331
060281402,406,576,982
060281403,708,765,1473
060281404,638,772,1410
060281405,556,711,1267
060281406,568,867,1435
060281407,640,835,1475
060281408,483,466,949
060281409,361,455,816
060281410,447,634,1081
060281501,360,462,822
060281502,350,421,771
060281503,405,433,838
060281504,378,528,906
060281505,409,541,950
060281506,358,449,807
060281507,634,622,1256
060281508,357,332,689
060281509,783,845,1628
060281510,506,659,1165
060281511,289,367,656
060281512,401,512,913
060281601,409,405,814
060281602,533,503,1036
060281603,804,968,1772
060281604,419,543,962
060281605,431,578,1009
060281606,578,786,1364
060281607,344,369,713
060281608,390,435,825
060281701,334,364,698
060281702,464,552,1016
060281703,267,290,557
060281704,364,415,779
060281705,402,397,799
060281706,668,711,1379
060281707,478,473,951
060281708,626,628,1254
060281709,422,392,814
060281801,618,679,1297
060281802,410,432,842
060281803,606,830,1436
060281804,347,402,749
060281805,335,417,752
060281806,650,922,1572
060281807,420,653,1073
060281808,621,827,1448
060281809,397,627,1024
060281810,435,586,1021
060281811,303,445,748
060281901,507,625,1132
060281902,460,486,946
060281903,559,748,1307
060281904,549,727,1276
060281905,178,333,511
060281906,105,156,261
060281907,257,394,651
060281908,429,615,1044
060281909,591,704,1295
060281910,277,336,613
060281911,539,695,1234
060281912,481,529,1010
060281913,204,410,614
060282001,547,632,1179
060282002,436,719,1155
060282003,318,338,656
060282004,618,1051,1669
060282005,523,762,1285
060282006,504,743,1247
060282007,330,578,908
060282008,391,683,1074
060282009,405,606,1011
060282010,396,742,1138
060282011,348,568,916
060282012,228,344,572
060282013,498,800,1298
060282014,456,706,1162
060282015,520,736,1256
060282101,294,304,598
060282102,351,357,708
060282103,549,609,1158
060282104,364,315,679
060282105,377,507,884
060282106,273,271,544
060282107,438,493,931
060282108,413,575,988
060282109,424,681,1105
060282110,377,443,820
060282111,476,549,1025
060282112,402,548,950
060282113,418,368,786
060282201,215,182,397
060282202,441,420,861
060282203,446,612,1058
060282204,365,472,837
060282205,647,843,1490
060282206,591,749,1340
060282207,260,357,617
060282208,412,342,754
060282209,562,627,1189
060282210,722,849,1571
060282211,371,417,788
060282212,310,381,691
060282213,356,424,780
060282214,355,399,754
060282215,349,350,699
060282216,761,919,1680
060282217,292,340,632
060282218,322,364,686
060282301,594,661,1255
060282302,684,606,1290
060282303,362,367,729
060282304,535,456,991
060282305,319,333,652
060282306,448,386,834
060282307,460,391,851
060282308,300,270,570
060282309,371,422,793
060282310,404,328,732
060282311,348,318,666
060282312,309,290,599
060282313,291,272,563
060282401,558,521,1079
060282402,548,765,1313
060282403,431,394,825
060282404,483,343,826
060282405,741,741,1482
060282406,528,466,994
060282407,538,517,1055
060282408,494,372,866
060282409,511,374,885
060282501,371,319,690
060282502,501,341,842
060282503,202,115,317
060282504,201,107,308
060282505,520,368,888
060282506,564,441,1005
060282507,329,214,543
060282508,285,218,503
060282509,292,219,511
060282510,567,476,1043
060282511,601,428,1029
060282512,450,330,780
060282513,407,396,803
060282601,243,174,417
060282602,199,157,356
060282603,423,403,826
060282604,363,212,575
060282605,340,258,598
060282606,314,352,666
060282607,233,279,512
060282608,254,185,439
060282609,426,367,793
060282610,252,304,556
060282611,230,211,441
060282612,185,221,406
060282701,318,299,617
060282702,428,421,849
060282703,483,796,1279
060282704,439,424,863
060282705,369,378,747
060282706,458,753,1211
060282707,204,286,490
060282708,627,728,1355
060282709,185,190,375
060282710,200,200,400
060282711,327,316,643
060282712,413,386,799
060282713,470,425,895
060282801,488,492,980
060282802,359,389,748
060282803,557,625,1182
060282804,477,624,1101
060282805,616,802,1418
060282806,792,922,1714
060282807,556,563,1119
060282808,350,419,769
060282809,492,634,1126
060282810,476,611,1087
060282811,228,282,510
060282901,465,616,1081
060282902,336,297,633
060282903,405,497,902
060282904,428,478,906
060282905,315,506,821
060282906,297,529,826
060282907,422,613,1035
060282908,397,516,913
060282909,407,564,971
060282910,341,485,826
060282911,419,570,989
060282912,389,551,940
060282913,359,483,842
060283001,336,425,761
060283002,346,391,737
060283003,287,419,706
060283004,432,570,1002
060283005,421,435,856
060283006,406,449,855
060283007,450,745,1195
060283008,641,1049,1690
060283009,392,710,1102
060283010,459,786,1245
060283011,411,529,940
060283012,397,491,888
060283013,336,395,731
060283014,416,561,977
060283015,462,499,961
060283016,409,486,895
060283017,18,14,32
060283101,397,384,781
060283102,378,352,730
060283103,414,348,762
060283104,240,266,506
060283105,348,322,670
060283106,550,567,1117
060283107,489,668,1157
060283108,295,424,719
060283109,401,508,909
060283110,593,687,1280
060283111,509,530,1039
060283112,401,449,850
060283201,359,422,781
060283202,293,395,688
060283203,463,479,942
060283204,403,351,754
060283205,295,328,623
060283206,338,373,711
060283207,459,422,881
060283208,496,667,1163
060283209,610,691,1301
060283301,680,1043,1723
060283302,582,680,1262
060283303,339,397,736
060283304,346,411,757
060283305,327,341,668
060283306,0,1,1
060283307,559,726,1285
060283308,552,689,1241
060283309,524,500,1024
060283310,405,352,757
060283311,523,485,1008
060283312,480,592,1072
060283313,509,790,1299
060283314,574,971,1545
060283401,402,469,871
060283402,500,695,1195
060283403,563,621,1184
060283404,489,656,1145
060283405,408,499,907
060283406,544,510,1054
060283407,339,301,640
060283408,488,400,888
060283409,589,560,1149
060283410,505,458,963
060283411,413,490,903
060283412,527,522,1049
060283501,454,753,1207
060283502,431,819,1250
060283503,486,670,1156
060283504,431,532,963
060283505,623,1001,1624
060283506,498,761,1259
060283507,614,802,1416
060283508,429,497,926
060283509,581,867,1448
060283601,276,337,613
060283602,204,234,438
060283603,319,362,681
060283604,595,625,1220
060283605,514,861,1375
060283606,538,767,1305
060283607,635,650,1285
060283608,368,425,793
060283609,364,450,814
060283610,432,577,1009
060283611,427,602,1029
060283612,454,677,1131
060283613,338,488,826
060283614,550,825,1375
060283615,636,867,1503
060283701,495,503,998
060283702,364,440,804
060283703,359,497,856
060283704,450,549,999
060283705,529,615,1144
060283706,519,778,1297
060283707,315,459,774
060283708,340,394,734
060283709,389,430,819
060283710,490,631,1121
060283711,514,634,1148
060283712,531,783,1314
060283713,409,572,981
060283714,400,589,989
060283801,637,1089,1726
060283802,481,619,1100
060283803,483,690,1173
060283804,545,766,1311
060283805,521,489,1010
060283806,407,420,827
060283807,290,371,661
060283808,516,582,1098
060283809,394,498,892
060283810,397,443,840
060283811,337,447,784
060283812,422,475,897
060283901,462,669,1131
060283902,536,768,1304
060283903,397,634,1031
060283904,471,696,1167
060283905,427,644,1071
060283906,305,476,781
060283907,372,525,897
060283908,363,516,879
060283909,590,939,1529
060283910,570,822,1392
060283911,463,780,1243
060283912,460,836,1296
060283913,668,949,1617
060283914,324,403,727
060283915,374,482,856
060350101,778,1337,2115
060350102,550,842,1392
060350103,330,353,683
060350104,288,336,624
060350105,233,187,420
060350106,331,313,644
060350107,316,362,678
060350108,209,222,431
060350109,183,225,408
060350110,395,529,924
060350111,331,460,791
060350201,361,513,874
060350202,353,603,956
060350203,376,599,975
060350301,430,455,885
060350302,479,606,1085
060350303,371,469,840
060350304,475,447,922
060350305,371,295,666
060350306,542,417,959
060350307,445,381,826
060350308,419,329,748
060350309,274,236,510
060350310,305,312,617
060350311,508,403,911
060350312,371,311,682
060350313,525,417,942
060350314,413,329,742
060350315,458,411,869
060350401,580,623,1203
060350402,433,339,772
060350403,442,504,946
060350404,476,700,1176
060350405,535,504,1039
060350406,499,431,930
060350407,510,452,962
060350408,357,416,773
060350409,616,654,1270
060350410,378,299,677
060350411,650,589,1239
060350412,439,418,857
060350413,480,406,886
060350414,361,290,651
060350415,350,249,599
060350501,280,245,525
060350502,600,507,1107
060350503,342,323,665
060350504,580,450,1030
060350505,1047,1672,2719
060350506,587,860,1447
060350507,551,719,1270
060350508,485,431,916
060350509,470,324,794
060350510,444,349,793
060350511,368,334,702
060350512,398,306,704
060350601,461,513,974
060350602,508,479,987
060350603,485,382,867
060350604,376,345,721
060350605,437,363,800
060350606,421,452,873
060350607,331,216,547
060350608,442,366,808
060350609,419,602,1021
060350610,398,425,823
060350611,277,414,691
060350612,493,363,856
060350701,287,354,641
060350702,483,538,1021
060350703,340,463,803
060350704,383,368,751
060350705,350,410,760
060350706,471,519,990
060350707,253,273,526
060350708,155,143,298
060350709,164,138,302
060350710,203,162,365
060350711,279,272,551
060350712,133,134,267
060350801,380,505,885
060350802,284,317,601
060350803,435,577,1012
060350804,479,438,917
060350805,156,210,366
060350806,311,340,651
060350807,282,329,611
060350808,290,305,595
060350809,359,380,739
060350810,251,267,518
060350811,314,392,706
060350812,1465,1482,2947
060350813,430,668,1098
060350814,259,338,597
060350815,689,864,1553
060350901,271,387,658
060350902,242,313,555
060350903,180,310,490
060350904,741,1451,2192
060350905,239,466,705
060350906,239,388,627
060350907,336,469,805
060350908,391,603,994
060350909,214,302,516
060350910,446,736,1182
060350911,393,623,1016
060350912,220,321,541
060350913,404,346,750
060350914,328,362,690
060351001,279,359,638
060351002,1005,911,1916
060351003,391,413,804
060351004,395,456,851
060351005,250,277,527
060351006,363,325,688
060351007,448,312,760
060351008,270,159,429
060351009,169,126,295
060351010,406,270,676
060351011,319,289,608
060351012,362,248,610
060351101,217,276,493
060351102,387,461,848
060351103,228,229,457
060351104,409,352,761
060351105,663,610,1273
060351106,435,379,814
060351107,148,150,298
060351108,476,381,857
060351109,323,204,527
060351110,490,290,780
060351201,344,270,614
060351202,438,351,789
060351203,166,208,374
060351204,177,151,328
060351205,346,410,756
060351206,280,203,483
060351207,189,145,334
060351208,622,412,1034
060351209,124,100,224
060351210,471,273,744
060351211,403,339,742
060351212,284,230,514
060351301,449,433,882
060351302,468,366,834
060351303,370,294,664
060351304,395,318,713
060351305,337,324,661
060351306,324,242,566
060351307,322,263,585
060351308,345,286,631
060351309,233,210,443
060351310,336,240,576
060351401,384,290,674
060351402,297,223,520
060351403,493,371,864
060351404,396,383,779
060351405,337,254,591
060351406,305,208,513
060351407,270,206,476
060351408,423,366,789
060351409,379,245,624
060351410,446,333,779
060351411,225,273,498
060351412,309,269,578
060351413,268,274,542
060351501,299,406,705
060351502,428,333,761
060351503,468,350,818
060351504,370,324,694
060351505,372,518,890
060351506,629,687,1316
060351507,524,379,903
060351508,448,356,804
060351509,391,293,684
060351510,356,266,622
060351511,384,325,709
060351512,316,281,597
060351601,235,200,435
060351602,447,417,864
060351603,397,409,806
060351604,184,177,361
060351605,375,349,724
060351606,378,384,762
060351607,276,254,530
060351608,480,438,918
060351609,426,400,826
060351610,445,425,870
060351611,367,295,662
060351701,396,339,735
060351702,423,309,732
060351703,419,381,800
060351704,392,399,791
060351705,465,496,961
060351706,337,338,675
060351707,421,369,790
060351708,357,354,711
060351709,345,333,678
060351710,489,479,968
060351711,335,276,611
060351801,429,336,765
060351802,436,401,837
060351803,394,311,705
060351804,394,294,688
060351805,306,370,676
060351806,447,359,806
060351807,343,262,605
060351808,323,273,596
060351809,388,376,764
060351810,355,277,632
060351811,424,396,820
060351901,433,342,775
060351902,486,408,894
060351903,432,358,790
060351904,377,312,689
060351905,467,380,847
060351906,442,407,849
060351907,366,383,749
060351908,384,371,755
060351909,427,354,781
060351910,517,552,1069
060351911,457,508,965
060352001,461,450,911
060352002,598,349,947
060352003,549,463,1012
060352004,313,340,653
060352005,413,375,788
060352006,386,413,799
060352007,499,392,891
060352008,440,458,898
060352009,411,390,801
060352010,446,406,852
060352011,354,412,766
060352101,576,463,1039
060352102,536,428,964
060352103,298,246,544
060352104,268,205,473
060352105,189,161,350
060352106,253,188,441
060352107,298,282,580
060352108,288,242,530
060352109,358,272,630
060352110,390,321,711
060352201,485,729,1214
060352202,346,255,601
060352203,242,179,421
060352204,218,184,402
060352205,312,175,487
060352206,358,311,669
060352207,356,253,609
060352208,275,165,440
060352209,326,234,560
060352210,378,320,698
060352211,245,197,442
060352212,68,48,116
060352301,255,174,429
060352302,236,194,430
060352303,314,262,576
060352304,175,160,335
060352305,498,442,940
060352306,510,437,947
060352307,465,545,1010
060352308,286,436,722
060352309,370,362,732
060352310,447,399,846
060352311,476,431,907
060352312,545,601,1146
060352401,448,427,875
060352402,391,460,851
060352403,582,567,1149
060352404,477,443,920
060352405,380,289,669
060352406,438,397,835
060352407,471,379,850
060352408,518,490,1008
060352409,483,528,1011
060352410,476,490,966
060352411,563,654,1217
060352501,280,311,591
060352502,380,408,788
060352503,603,684,1287
060352504,359,373,732
060352505,469,462,931
060352506,465,449,914
060352507,393,371,764
060352508,401,477,878
060352509,429,432,861
060352510,783,863,1646
060352511,612,504,1116
060352601,577,659,1236
060352602,585,734,1319
060352603,317,362,679
060352604,108,153,261
060352605,782,994,1776
060352606,345,380,725
060352607,411,475,886
060352608,329,430,759
060352609,414,586,1000
060352610,732,861,1593
060352611,613,757,1370
060352612,313,365,678
060352613,284,393,677
060352614,353,442,795
060352615,409,486,895
060352701,76,154,230
060352702,374,375,749
060352703,362,405,767
060352704,733,1190,1923
060352705,373,324,697
060352706,624,851,1475
060352707,489,793,1282
060352708,183,179,362
060352709,412,459,871
060352710,394,475,869
060352711,541,928,1469
060352712,538,714,1252
060352713,327,374,701
060352714,384,606,990
060352801,475,512,987
060352802,489,490,979
060352803,411,422,833
060352804,325,367,692
060352805,407,412,819
060352806,487,370,857
060352807,365,351,716
060352808,501,383,884
060352901,293,305,598
060352902,406,427,833
060352903,490,442,932
060352904,418,352,770
060352905,365,321,686
060352906,396,373,769
060352907,364,334,698
060352908,393,295,688
060352909,299,253,552
060353001,463,466,929
060353002,449,501,950
060353003,378,446,824
060353004,500,538,1038
060353005,367,353,720
060353006,462,383,845
060353007,469,468,937
060353008,516,421,937
060353009,399,384,783
060353010,434,324,758
060353101,221,184,405
060353102,228,205,433
060353103,393,298,691
060353104,504,366,870
060353105,549,512,1061
060353106,272,235,507
060353107,199,211,410
060353108,369,285,654
060353109,318,223,541
060353201,499,448,947
060353202,301,375,676
060353203,424,429,853
060353204,423,353,776
060353205,319,292,611
060353206,458,376,834
060353207,485,429,914
060353208,442,283,725
060353301,438,443,881
060353302,408,367,775
060353303,519,492,1011
060353304,421,330,751
060353305,227,229,456
060353306,404,325,729
060353307,408,337,745
060353308,352,329,681
060353401,365,369,734
060353402,366,342,708
060353403,294,239,533
060353404,308,374,682
060353405,347,375,722
060353406,431,484,915
060353407,299,241,540
060353408,390,345,735
060353409,338,300,638
060353501,500,459,959
060353502,442,360,802
060353503,401,322,723
060353504,359,368,727
060353505,650,724,1374
060353506,340,366,706
060353507,351,305,656
060353508,354,294,648
060910101,504,862,1366
060910102,485,952,1437
060910103,272,288,560
060910104,333,276,609
060910105,290,370,660
060910106,316,310,626
060910107,545,559,1104
060910108,481,371,852
060910109,616,595,1211
060910110,387,470,857
060910201,489,581,1070
060910202,453,424,877
060910203,302,235,537
060910204,429,302,731
060910205,427,260,687
060910206,304,250,554
060910207,311,292,603
060910208,496,459,955
060910209,614,623,1237
060910301,496,435,931
060910302,590,702,1292
060910303,300,275,575
060910304,424,512,936
060910305,334,352,686
060910306,546,682,1228
060910307,565,612,1177
060910308,327,393,720
060910309,562,497,1059
060910310,529,460,989
060910311,397,322,719
060910312,235,153,388
060910313,262,190,452
060910401,505,869,1374
060910402,457,717,1174
060910403,644,745,1389
060910404,629,960,1589
060910405,630,704,1334
060910406,541,832,1373
060910407,522,802,1324
060910408,276,340,616
060910409,729,1037,1766
060910410,737,1034,1771
060910411,529,788,1317
060910412,528,667,1195
060910501,650,1010,1660
060910502,527,544,1071
060910503,631,829,1460
060910504,372,383,755
060910505,535,529,1064
060910506,391,329,720
060910507,442,463,905
060910508,340,391,731
060910509,210,305,515
060910510,36,40,76
060910601,464,612,1076
060910602,430,435,865
060910603,361,362,723
060910604,336,388,724
060910605,313,342,655
060910606,475,528,1003
060910607,569,709,1278
060910608,617,962,1579
060910609,483,832,1315
060910610,417,839,1256
060910611,414,636,1050
060910701,552,568,1120
060910702,424,539,963
060910703,294,400,694
060910704,398,517,915
060910705,372,448,820
060910706,406,475,881
060910707,590,806,1396
060910708,499,735,1234
060910709,430,647,1077
060910710,493,696,1189
060910801,354,348,702
060910802,305,250,555
060910803,311,456,767
060910804,456,518,974
060910805,331,399,730
060910806,425,467,892
060910807,582,721,1303
060910808,614,826,1440
060910809,547,662,1209
060910810,516,517,1033
060910901,327,280,607
060910902,582,538,1120
060910903,569,632,1201
060910904,538,652,1190
060910905,290,249,539
060910906,448,512,960
060910907,599,599,1198
060910908,299,304,603
060911001,501,444,945
060911002,320,238,558
060911003,643,654,1297
060911004,320,328,648
060911005,602,606,1208
060911006,649,710,1359
060911007,401,540,941
060911008,424,419,843
060911009,385,421,806
060911010,759,851,1610
060911011,603,710,1313
060911101,616,588,1204
060911102,603,656,1259
060911103,295,264,559
060911104,303,236,539
060911105,468,409,877
060911106,421,456,877
060911107,517,561,1078
060911108,605,633,1238
060911109,615,581,1196
060911201,449,681,1130
060911202,641,706,1347
060911203,521,573,1094
060911204,487,601,1088
060911205,434,574,1008
060911206,651,849,1500
060911207,346,514,860
060911208,672,860,1532
060911301,472,711,1183
060911302,477,576,1053
060911303,431,599,1030
060911304,483,735,1218
060911305,575,818,1393
060911306,481,631,1112
060911307,387,536,923
060911308,386,686,1072
060911309,633,751,1384
060911310,555,710,1265
060911311,354,489,843
060911312,373,446,819
060911401,732,967,1699
060911402,542,733,1275
060911403,421,479,900
060911404,453,586,1039
060911405,458,824,1282
060911406,493,709,1202
060911407,539,725,1264
060911408,527,641,1168
060911409,356,438,794
060911410,754,881,1635
060911411,615,754,1369
060911412,420,492,912
060911413,423,530,953
060911501,371,397,768
060911502,366,436,802
060911503,421,460,881
060911504,612,609,1221
060911505,393,483,876
060911506,422,502,924
060911507,328,412,740
060911508,414,622,1036
060911509,323,330,653
060911510,428,477,905
060911511,580,732,1312
060911512,378,442,820
060911513,348,380,728
060911601,539,607,1146
060911602,596,733,1329
060911603,373,468,841
060911604,615,678,1293
060911605,586,771,1357
060911606,397,469,866
060911607,256,240,496
060911608,420,375,795
060911609,363,421,784
060911610,408,482,890
060911611,688,939,1627
060911612,341,399,740
060911613,609,723,1332
060911614,510,635,1145
060911701,397,461,858
060911702,569,747,1316
060911703,672,783,1455
060911704,369,441,810
060911705,458,757,1215
060911706,486,631,1117
060911707,526,765,1291
060911708,346,512,858
060911709,540,680,1220
060911710,508,644,1152
060911711,523,615,1138
060911712,551,550,1101
060911713,324,508,832
060911714,574,951,1525
060911801,290,483,773
060911802,309,426,735
060911803,759,969,1728
060911804,570,682,1252
060911805,482,709,1191
060911806,538,799,1337
060911807,601,651,1252
060911808,457,550,1007
060911809,341,369,710
060911810,301,385,686
060911811,622,838,1460
060911812,617,691,1308
060911901,315,312,627
060911902,616,729,1345
060911903,440,610,1050
060911904,622,735,1357
060911905,301,302,603
060911906,276,272,548
060911907,345,298,643
060911908,546,553,1099
060911909,332,290,622
060911910,431,485,916
060911911,411,448,859
060911912,590,611,1201
060912001,479,589,1068
060912002,544,686,1230
060912003,196,294,490
060912004,310,349,659
060912005,533,865,1398
060912006,299,372,671
060912007,491,510,1001
060912008,287,293,580
060912009,310,406,716
060912010,426,572,998
060912011,505,557,1062
060912012,245,468,713
060912013,265,468,733
060912101,348,568,916
060912102,417,413,830
060912103,375,504,879
060912104,380,337,717
060912105,307,343,650
060912106,351,497,848
060912107,411,740,1151
060912108,330,402,732
060912109,398,305,703
060912110,417,402,819
060912111,464,716,1180
060912112,562,825,1387
060912113,378,659,1037
060912114,457,548,1005
060912115,383,480,863
060912116,427,679,1106
060912117,573,809,1382
060912201,521,606,1127
060912202,439,432,871
060912203,585,566,1151
060912204,552,542,1094
060912205,460,470,930
060912206,590,767,1357
060912207,439,544,983
060912208,348,444,792
060912209,290,384,674
060912210,587,939,1526
060912211,200,190,390
060912212,192,151,343
060912213,434,455,889
060912214,273,265,538
060912215,561,713,1274
060912216,543,776,1319
060912217,330,271,601
060912301,363,482,845
060912302,455,494,949
060912303,354,382,736
060912304,502,691,1193
060912305,307,318,625
060912306,526,636,1162
060912307,293,328,621
060912308,315,387,702
060912309,250,308,558
060912310,656,768,1424
060912311,426,628,1054
060912312,248,348,596
060912313,239,295,534
060912314,174,1686,1860
060912315,267,439,706
060912316,136,169,305
060912317,208,241,449
060912318,76,93,169
060912319,102,129,231
060912401,225,364,589
060912402,279,372,651
060912403,352,542,894
060912404,462,773,1235
060912405,322,636,958
060912406,390,386,776
060912407,204,184,388
060912408,176,182,358
060912409,145,135,280
060912410,294,405,699
060912411,316,485,801
060912412,224,288,512
060912413,192,336,528
062600101,601,790,1391
062600102,475,632,1107
062600103,337,557,894
062600104,285,364,649
062600105,314,411,725
062600106,753,887,1640
062600107,489,605,1094
062600108,605,734,1339
062600109,454,737,1191
062600110,604,817,1421
062600111,312,492,804
062600112,544,773,1317
062600113,350,481,831
062600114,444,675,1119
062600115,374,591,965
062600116,446,542,988
062600117,643,783,1426
062600118,236,305,541
062600119,581,726,1307
062600201,776,1091,1867
062600202,700,872,1572
062600203,573,1027,1600
062600204,553,791,1344
062600205,646,1055,1701
062600206,391,686,1077
062600207,596,714,1310
062600208,86,130,216
062600209,627,835,1462
062600210,516,699,1215
062600211,514,752,1266
062600212,485,725,1210
062600213,506,589,1095
062600214,524,614,1138
062600215,594,774,1368
062600216,521,664,1185
062600301,870,982,1852
062600302,328,563,891
062600303,454,706,1160
062600304,673,1050,1723
062600305,508,817,1325
062600306,368,589,957
062600307,499,691,1190
062600308,384,644,1028
062600309,287,409,696
062600310,591,874,1465
062600311,536,982,1518
062600312,584,963,1547
062600313,547,921,1468
062600314,329,521,850
062600315,383,507,890
062600316,623,754,1377
062600317,569,637,1206
062600318,521,578,1099
062600319,448,542,990
062600401,422,416,838
062600402,524,661,1185
062600403,470,589,1059
062600404,467,548,1015
062600405,447,485,932
062600406,512,528,1040
062600407,397,502,899
062600408,497,565,1062
062600409,464,478,942
062600410,325,334,659
062600411,341,356,697
062600412,509,478,987
062600501,484,611,1095
062600502,435,611,1046
062600503,295,440,735
062600504,464,666,1130
062600505,543,693,1236
062600506,551,852,1403
062600507,421,606,1027
062600508,238,281,519
062600509,564,601,1165
062600510,376,521,897
062600511,530,816,1346
062600512,467,628,1095
062600513,531,704,1235
062600514,515,743,1258
062600515,423,691,1114
062600516,352,402,754
062600517,387,431,818
062600601,554,653,1207
062600602,397,442,839
062600603,444,452,896
062600604,597,582,1179
062600605,560,549,1109
062600606,305,305,610
062600607,353,426,779
062600608,322,389,711
062600609,346,337,683
062600610,263,289,552
062600611,294,358,652
062600612,512,381,893
062600613,489,450,939
062600614,436,478,914
062600615,430,370,800
062600616,571,489,1060
062600701,671,655,1326
062600702,590,425,1015
062600703,622,503,1125
062600704,461,432,893
062600705,382,374,756
062600706,433,544,977
062600707,422,604,1026
062600708,350,404,754
062600709,415,408,823
062600710,596,584,1180
062600711,464,433,897
062600712,410,351,761
062600713,445,349,794
062600801,441,693,1134
062600802,551,849,1400
062600803,459,638,1097
062600804,569,917,1486
062600805,360,627,987
062600806,483,608,1091
062600807,349,573,922
062600808,532,578,1110
062600809,466,555,1021
062600810,334,463,797
062600811,529,736,1265
062600812,546,813,1359
062600813,574,813,1387
062600814,390,516,906
062600901,466,599,1065
062600902,470,569,1039
062600903,725,882,1607
062600904,652,842,1494
062600905,417,649,1066
062600906,136,168,304
062600907,539,740,1279
062600908,657,774,1431
062600909,372,403,775
062600910,487,724,1211
062600911,559,811,1370
062600912,400,623,1023
062600913,556,865,1421
062600914,439,519,958
062601001,436,619,1055
062601002,409,447,856
062601003,482,563,1045
062601004,386,481,867
062601005,164,198,362
062601006,1488,1732,3220
062601007,500,696,1196
062601008,471,580,1051
062601009,323,442,765
062601010,332,435,767
062601011,425,593,1018
062601012,400,506,906
062601013,564,837,1401
062601014,374,516,890
062601015,174,249,423
062601101,146,111,257
062601102,224,188,412
062601103,472,406,878
062601104,494,375,869
062601105,406,388,794
062601106,284,206,490
062601107,549,518,1067
062601108,522,458,980
062601109,479,581,1060
062601110,523,632,1155
062601201,407,327,734
062601202,262,239,501
062601203,232,175,407
062601204,429,365,794
062601205,561,559,1120
062601206,529,452,981
062601207,342,284,626
062601208,438,397,835
062601209,399,375,774
062601210,274,334,608
062601211,410,442,852
062601212,454,633,1087
062601301,376,326,702
062601302,644,600,1244
062601303,525,423,948
062601304,461,443,904
062601305,661,557,1218
062601306,490,453,943
062601307,593,486,1079
062601308,480,513,993
062601309,451,522,973
062601310,360,267,627
062601311,388,259,647
062601312,203,161,364
062601313,295,241,536
062601314,249,143,392
062601401,570,530,1100
062601402,385,459,844
062601403,421,382,803
062601404,304,320,624
062601405,512,543,1055
062601406,655,516,1171
062601407,388,405,793
062601408,532,624,1156
062601409,546,581,1127
062601410,578,599,1177
062601411,471,578,1049
062601412,341,321,662
062601413,399,487,886
062601501,592,900,1492
062601502,485,634,1119
062601503,275,362,637
062601504,356,440,796
062601505,468,641,1109
062601506,399,627,1026
062601507,366,591,957
062601508,386,535,921
062601509,510,813,1323
062601510,613,970,1583
062601511,562,961,1523
062601512,405,489,894
062601513,486,602,1088
062601514,336,500,836
062601515,438,573,1011
062601516,458,645,1103
062601517,702,921,1623
062601518,578,888,1466
062601519,408,579,987
062601601,621,664,1285
062601602,431,563,994
062601603,530,794,1324
062601604,384,564,948
062601605,524,631,1155
062601606,490,679,1169
062601607,529,781,1310
062601608,180,238,418
062601609,404,653,1057
062601610,431,517,948
062601611,367,694,1061
062601612,459,662,1121
062601613,436,553,989
062601614,690,834,1524
062601615,569,862,1431
062601616,450,668,1118
062601617,604,723,1327
062601701,620,673,1293
062601702,23,34,57
062601703,1205,1484,2689
062601704,362,487,849
062601705,77,99,176
062601706,662,752,1414
062601707,85,101,186
062601708,295,390,685
062601709,133,121,254
062601710,163,125,288
062601711,138,121,259
062601712,171,186,357
062601713,1041,1061,2102
062601714,60,94,154
062700101,287,271,558
062700102,342,251,593
062700103,882,2179,3061
062700104,402,717,1119
062700105,272,168,440
062700106,257,410,667
062700201,605,1077,1682
062700202,330,483,813
062700203,394,444,838
062700204,461,464,925
062700205,410,425,835
062700206,615,684,1299
062700207,608,608,1216
062700208,621,1004,1625
062700209,614,937,1551
062700210,585,785,1370
062700211,617,812,1429
062700212,539,839,1378
062700213,299,610,909
062700214,336,548,884
062700215,322,522,844
062700216,435,712,1147
062700217,536,716,1252
062700301,308,428,736
062700302,401,432,833
062700303,598,852,1450
062700304,727,952,1679
062700305,595,817,1412
062700306,556,646,1202
062700307,410,407,817
062700308,544,634,1178
062700309,546,764,1310
062700310,537,694,1231
062700311,482,527,1009
062700312,662,588,1250
062700313,359,418,777
062700314,413,374,787
062700315,347,305,652
062700316,407,315,722
062700401,218,285,503
062700402,338,429,767
062700403,463,471,934
062700404,533,614,1147
062700405,525,724,1249
062700406,693,812,1505
062700407,465,469,934
062700408,256,244,500
062700409,536,546,1082
062700410,495,580,1075
062700411,616,921,1537
062700412,513,579,1092
062700413,509,583,1092
062700414,442,683,1125
062700501,378,444,822
062700502,357,429,786
062700503,400,545,945
062700504,588,1023,1611
062700505,494,784,1278
062700506,603,659,1262
062700507,542,600,1142
062700508,580,818,1398
062700509,16,18,34
062700510,563,775,1338
062700511,304,420,724
062700512,324,325,649
062700601,342,528,870
062700602,265,244,509
062700603,156,126,282
062700604,185,234,419
062700605,450,587,1037
062700606,448,813,1261
062700607,533,705,1238
062700608,533,720,1253
062700609,481,573,1054
062700610,653,1128,1781
062700611,495,754,1249
062700612,169,190,359
062700613,152,150,302
062700614,304,437,741
062700615,238,380,618
062700616,382,707,1089
062700617,526,941,1467
062700701,302,548,850
062700702,244,448,692
062700703,423,603,1026
062700704,274,280,554
062700705,404,661,1065
062700706,306,559,865
062700707,573,706,1279
062700708,348,308,656
062700709,324,347,671
062700710,286,357,643
062700711,444,777,1221
062700712,559,997,1556
062700713,333,579,912
062700714,442,589,1031
062700715,353,505,858
062700716,417,668,1085
062700717,402,823,1225
062700718,618,946,1564
062700719,479,801,1280
062700801,99,105,204
062700802,62,51,113
062700803,98,101,199
062700804,17,35,52
062700805,54,72,126
062700806,43,42,85
062700807,101,94,195
062700808,503,666,1169
062700809,300,585,885
062700810,330,508,838
062700811,495,512,1007
062700812,26,38,64
062700813,92,68,160
062700814,146,190,336
062700815,196,277,473
062700816,232,366,598
062700817,58,54,112
062700901,743,1394,2137
062700902,481,795,1276
062700903,405,559,964
062700904,401,426,827
062700905,391,590,981
062700906,445,722,1167
062700907,349,332,681
062700908,283,379,662
062700909,481,901,1382
062700910,476,692,1168
062700911,327,401,728
062700912,387,461,848
062700913,366,554,920
062701001,547,572,1119
062701002,730,1194,1924
062701003,758,1280,2038
062701004,620,904,1524
062701005,505,692,1197
062701006,476,727,1203
062701007,469,792,1261
062701008,438,714,1152
062701009,419,763,1182
062701010,407,700,1107
062701101,474,682,1156
062701102,20,9,29
062701103,22,29,51
062701104,144,161,305
062701105,18,14,32
062740101,547,612,1159
062740102,483,461,944
062740103,312,298,610
062740104,275,327,602
062740105,635,807,1442
062740106,363,477,840
062740107,370,366,736
062740108,238,220,458
062740109,386,434,820
062740110,427,372,799
062740111,400,433,833
062740112,378,407,785
062740113,595,859,1454
062740114,333,447,780
062740115,720,908,1628
062740201,569,588,1157
062740202,549,631,1180
062740203,539,771,1310
062740204,399,389,788
062740205,452,560,1012
062740206,686,780,1466
062740207,427,515,942
062740208,388,544,932
062740209,368,467,835
062740210,441,605,1046
062740211,625,788,1413
062740212,453,554,1007
062740213,483,566,1049
062740214,572,564,1136
062740215,560,587,1147
062740301,502,648,1150
062740302,355,514,869
062740303,322,413,735
062740304,654,871,1525
062740305,521,806,1327
062740306,304,370,674
062740307,585,811,1396
062740308,433,533,966
062740309,393,504,897
062740310,520,670,1190
062740311,472,605,1077
062740312,571,857,1428
062740313,529,745,1274
062740314,495,691,1186
062740315,369,488,857
062740316,417,518,935
062740401,487,660,1147
062740402,531,768,1299
062740403,498,720,1218
062740404,435,766,1201
062740405,374,584,958
062740406,390,567,957
062740407,369,517,886
062740408,323,416,739
062740409,508,871,1379
062740410,416,675,1091
062740411,388,549,937
062740412,578,1006,1584
062740413,424,673,1097
062740414,368,679,1047
062740415,473,709,1182
062740416,373,636,1009
062740417,423,579,1002
062740501,372,418,790
062740502,368,444,812
062740503,356,494,850
062740504,467,630,1097
062740505,339,472,811
062740506,275,478,753
062740507,461,634,1095
062740508,493,689,1182
062740509,338,509,847
062740510,379,554,933
062740511,468,617,1085
062740512,448,641,1089
062740513,391,568,959
062740514,424,808,1232
062740515,456,739,1195
062740516,376,561,937
062740601,539,749,1288
062740602,354,536,890
062740603,421,539,960
062740604,404,491,895
062740605,540,725,1265
062740606,517,756,1273
062740607,290,549,839
062740608,350,451,801
062740609,352,477,829
062740610,361,437,798
062740611,326,503,829
062740612,341,531,872
062740613,308,492,800
062740614,336,515,851
062740615,478,813,1291
062740616,245,488,733
062740617,344,643,987
062740618,276,580,856
062740619,230,453,683
062740620,436,900,1336
062740701,239,290,529
062740702,320,506,826
062740703,365,621,986
062740704,375,607,982
062740705,391,595,986
062740706,453,817,1270
062740707,482,727,1209
062740708,534,801,1335
062740709,477,650,1127
062740710,380,632,1012
062740711,287,475,762
062740712,354,554,908
062740713,411,760,1171
062740801,223,353,576
062740802,351,455,806
062740803,347,330,677
062740804,341,475,816
062740805,352,371,723
062740806,251,342,593
062740807,405,766,1171
062740808,332,424,756
062740809,282,502,784
062740810,343,709,1052
062740811,270,548,818
062740812,278,563,841
062740813,434,887,1321
062740814,445,648,1093
062740815,410,634,1044
062740816,366,528,894
062740817,286,519,805
062740818,387,614,1001
062740819,386,618,1004
062740820,391,729,1120
062740901,409,626,1035
062740902,342,613,955
062740903,347,649,996
062740904,341,624,965
062740905,300,538,838
062740906,485,805,1290
062740907,247,519,766
062740908,264,404,668
062740909,256,371,627
062740910,427,614,1041
062740911,269,459,728
062740912,289,452,741
062740913,322,522,844
062740914,292,552,844
062740915,548,812,1360
062740916,294,475,769
062740917,335,624,959
062740918,335,597,932
062740919,395,699,1094
062740920,387,761,1148
062740921,406,705,1111
062740922,337,571,908
062741001,336,719,1055
062741002,310,590,900
062741003,534,806,1340
062741004,335,592,927
062741005,326,452,778
062741006,299,530,829
062741007,441,739,1180
062741008,448,758,1206
062741009,301,664,965
062741010,321,564,885
062741011,267,379,646
062741012,327,669,996
062741013,181,311,492
062741014,256,529,785
062741015,1471,2479,3950
062741101,400,469,869
062741102,421,618,1039
062741103,466,562,1028
062741104,402,579,981
062741105,584,811,1395
062741106,810,1118,1928
062741107,457,595,1052
062741108,441,600,1041
062741109,691,1028,1719
062741110,725,1028,1753
062741111,337,519,856
062741112,362,590,952
062741113,360,599,959
062741114,389,618,1007
062741115,397,646,1043
062741116,384,563,947
062741117,484,781,1265
062741118,375,539,914
062741201,594,712,1306
062741202,339,437,776
062741203,435,510,945
062741204,298,307,605
062741205,294,288,582
062741206,319,306,625
062741207,340,394,734
062741208,602,800,1402
062741209,538,749,1287
062741210,424,566,990
062741211,491,699,1190
062741212,550,806,1356
062741213,315,435,750
062741214,316,443,759
062741215,500,707,1207
062741216,409,653,1062
062741217,443,612,1055
062741301,566,576,1142
062741302,279,303,582
062741303,303,387,690
062741304,341,393,734
062741305,329,442,771
062741306,464,755,1219
062741307,355,480,835
062741308,329,424,753
062741309,392,569,961
062741310,330,385,715
062741311,380,442,822
062741312,546,570,1116
062741313,266,212,478
062741314,262,245,507
062741315,320,228,548
062741316,373,375,748
062741317,569,729,1298
062741401,562,646,1208
062741402,511,421,932
062741403,284,229,513
062741404,381,359,740
062741405,531,463,994
062741406,276,196,472
062741407,326,249,575
062741408,428,403,831
062741409,518,443,961
062741410,395,357,752
062741411,540,437,977
062741501,417,704,1121
062741502,411,645,1056
062741503,412,466,878
062741504,579,805,1384
062741505,307,351,658
062741506,300,388,688
062741507,425,540,965
062741508,394,536,930
062741509,376,447,823
062741510,556,813,1369
062741511,352,428,780
062741512,330,492,822
062741513,422,543,965
062741514,365,473,838
062741515,351,394,745
062741516,454,601,1055
062741517,483,772,1255
062741518,575,699,1274
062741601,478,789,1267
062741602,516,900,1416
062741603,483,819,1302
062741604,636,1015,1651
062741605,351,437,788
062741606,466,556,1022
062741607,372,532,904
062741608,373,539,912
062741609,319,437,756
062741610,362,648,1010
062741611,316,428,744
062741612,357,582,939
062741613,500,747,1247
062741614,404,554,958
062741701,312,331,643
062741702,302,444,746
062741703,433,552,985
062741704,432,595,1027
062741705,337,571,908
062741706,398,629,1027
062741707,345,391,736
062741708,358,319,677
062741709,432,569,1001
062741710,395,677,1072
062741711,318,410,728
062741712,304,520,824
062741713,498,577,1075
062741714,557,607,1164
062741801,618,890,1508
062741802,332,616,948
062741803,390,507,897
062741804,288,574,862
062741805,295,602,897
062741806,504,1014,1518
062741807,493,929,1422
062741808,303,636,939
062741809,361,724,1085
062741810,372,769,1141
062741811,423,853,1276
062741812,242,363,605
062741813,385,617,1002
062741814,313,515,828
062741815,260,455,715
062741816,490,859,1349
062741817,467,754,1221
062741818,577,976,1553
062741901,359,623,982
062741902,510,805,1315
062741903,385,666,1051
062741904,577,766,1343
062741905,622,1050,1672
062741906,479,832,1311
062741907,558,915,1473
062741908,280,482,762
062741909,272,481,753
062741910,620,932,1552
062741911,650,930,1580
062741912,498,844,1342
062741913,330,560,890
062742001,526,966,1492
062742002,475,854,1329
062742003,455,653,1108
062742004,767,1317,2084
062742005,595,945,1540
062742006,534,833,1367
062742007,726,1112,1838
062742008,390,625,1015
062742009,350,610,960
062742010,421,556,977
062742011,446,599,1045
062742012,481,702,1183
062742013,511,836,1347
062742014,61,136,197
062742015,16,24,40
062742016,338,622,960
062742101,296,305,601
062742102,301,353,654
062742103,557,746,1303
062742104,462,649,1111
062742105,428,985,1413
062742106,478,1252,1730
062742107,492,1143,1635
062742108,523,1099,1622
062742109,334,575,909
062742110,349,476,825
062742111,312,530,842
062742112,302,411,713
062742113,485,759,1244
062742114,407,602,1009
062742115,527,849,1376
062742116,332,480,812
062742117,485,772,1257
062742118,469,722,1191
062742119,434,651,1085
062742120,266,468,734
062742121,299,408,707
062742122,368,505,873
062742123,386,604,990
062742201,309,468,777
062742202,294,552,846
062742203,562,890,1452
062742204,371,489,860
062742205,338,485,823
062742206,368,686,1054
062742207,65,69,134
062742208,110,174,284
062742209,138,320,458
062742210,426,636,1062
062742211,436,805,1241
062742212,257,454,711
063710101,459,684,1143
063710102,389,425,814
063710103,494,826,1320
063710104,324,400,724
063710105,247,364,611
063710106,192,352,544
063710107,98,217,315
063710108,118,281,399
063710109,467,656,1123
063710110,611,927,1538
063710111,26,38,64
063710201,569,652,1221
063710202,527,683,1210
063710203,582,512,1094
063710204,560,667,1227
063710205,696,968,1664
063710206,477,502,979
063710207,367,360,727
063710208,416,379,795
063710209,582,503,1085
063710210,585,574,1159
063710211,350,407,757
063710212,350,354,704
063710301,632,529,1161
063710302,370,381,751
063710303,235,250,485
063710304,677,686,1363
063710305,490,446,936
063710306,520,497,1017
063710307,419,483,902
063710308,513,672,1185
063710309,381,643,1024
063710310,343,426,769
063710311,557,514,1071
063710312,166,231,397
063710313,351,284,635
063710314,322,287,609
063710315,407,503,910
063710401,660,589,1249
063710402,472,516,988
063710403,327,362,689
063710404,308,264,572
063710405,518,429,947
063710406,604,564,1168
063710407,531,443,974
063710408,285,225,510
063710501,468,373,841
063710502,543,423,966
063710503,259,203,462
063710504,357,272,629
063710505,414,287,701
063710506,602,415,1017
063710507,357,392,749
063710508,305,273,578
063710509,530,542,1072
063710510,524,558,1082
063710601,332,294,626
063710602,344,353,697
063710603,408,448,856
063710604,338,303,641
063710605,363,353,716
063710606,382,439,821
063710607,448,402,850
063710608,336,418,754
063710609,517,719,1236
063710610,511,802,1313
063710611,568,807,1375
063710612,421,412,833
063710701,427,411,838
063710702,742,899,1641
063710703,520,567,1087
063710704,522,653,1175
063710705,437,505,942
063710706,618,727,1345
063710707,661,855,1516
063710708,341,294,635
063710709,553,512,1065
063710710,320,260,580
063710711,336,295,631
063710712,443,436,879
063710713,363,367,730
063710801,551,712,1263
063710802,567,480,1047
063710803,465,429,894
063710804,430,443,873
063710805,440,343,783
063710806,520,632,1152
063710807,423,309,732
063710808,530,439,969
063710809,500,486,986
063710810,487,398,885
063710811,483,361,844
063710812,447,502,949
063710901,547,547,1094
063710902,554,494,1048
063710903,400,343,743
063710904,345,268,613
063710905,456,391,847
063710906,732,603,1335
063710907,462,449,911
063710908,543,484,1027
063710909,549,520,1069
063710910,545,444,989
063710911,258,227,485
063710912,329,297,626
063710913,339,328,667
063710914,504,434,938
063710915,283,272,555
063710916,331,251,582
063710917,485,437,922
063711001,414,354,768
063711002,548,457,1005
063711003,544,390,934
063711004,275,233,508
063711005,296,323,619
063711006,533,488,1021
063711007,607,538,1145
063711008,438,336,774
063711009,434,361,795
063711010,506,403,909
063711011,398,362,760
063711012,135,190,325
063711013,568,649,1217
063711014,438,330,768
063711015,489,376,865
063711016,309,222,531
063711101,370,294,664
063711102,341,271,612
063711103,418,304,722
063711104,393,266,659
063711105,297,227,524
063711106,254,224,478
063711107,551,385,936
063711108,284,221,505
063711109,259,201,460
063711110,566,484,1050
063711201,505,471,976
063711202,406,326,732
063711203,254,277,531
063711204,541,460,1001
063711205,300,186,486
063711206,262,215,477
063711207,421,341,762
063711208,626,493,1119
063711209,340,289,629
063711210,360,243,603
063711301,507,403,910
063711302,492,382,874
063711303,629,498,1127
063711304,482,437,919
063711305,482,407,889
063711306,495,537,1032
063711307,562,494,1056
063711308,456,365,821
063711309,634,507,1141
063711310,584,499,1083
063711311,466,404,870
063711312,526,499,1025
063711401,487,578,1065
063711402,406,365,771
063711403,278,273,551
063711404,306,525,831
063711405,240,412,652
063711406,453,767,1220
063711407,183,481,664
063711408,240,563,803
063711409,285,474,759
063711410,321,445,766
063711411,384,435,819
063711412,389,389,778
063711413,398,317,715
063711414,307,587,894
063711501,96,173,269
063711502,302,514,816
063711503,510,789,1299
063711504,220,295,515
063711505,843,1361,2204
063711506,470,772,1242
063711507,236,426,662
063711508,231,402,633
063711509,254,284,538
063711510,186,175,361
063711511,513,640,1153
063711512,393,528,921
063711513,293,457,750
063711514,394,438,832
063711601,275,498,773
063711602,271,381,652
063711603,227,367,594
063711604,436,682,1118
063711605,149,204,353
063711606,282,295,577
063711607,353,308,661
063711608,532,447,979
063711609,450,500,950
063711610,352,400,752
063711611,418,458,876
063711612,122,134,256
063711613,511,476,987
063711614,333,468,801
063711701,478,498,976
063711702,498,387,885
063711703,372,491,863
063711704,435,455,890
063711705,364,354,718
063711706,470,373,843
063711707,425,359,784
063711708,419,371,790
063711709,438,389,827
063711710,554,637,1191
063711711,539,395,934
063711712,369,343,712
063711713,493,536,1029
063711714,485,439,924
063711801,596,449,1045
063711802,303,278,581
063711803,502,378,880
063711804,509,408,917
063711805,508,414,922
063711806,526,506,1032
063711807,500,533,1033
063711808,445,357,802
063711809,353,366,719
063711810,307,337,644
063711811,620,517,1137
063711812,320,328,648
063711813,626,664,1290
063711814,627,653,1280
063711815,628,657,1285
063711901,309,207,516
063711902,393,233,626
063711903,399,348,747
063711904,463,332,795
063711905,498,371,869
063711906,377,361,738
063711907,533,422,955
063711908,469,394,863
063711909,512,420,932
063712001,456,474,930
063712002,490,547,1037
063712003,419,389,808
063712004,528,497,1025
063712005,408,326,734
063712006,529,461,990
063712007,571,544,1115
063712008,341,252,593
063712101,571,432,1003
063712102,534,486,1020
063712103,317,214,531
063712104,239,199,438
063712105,611,530,1141
063712106,195,146,341
063712107,447,327,774
063712108,566,457,1023
063712109,441,338,779
063712110,473,391,864
063712111,535,440,975
063712112,284,261,545
063712113,410,333,743
063712114,415,362,777
063712115,390,495,885
063712201,448,345,793
063712202,392,271,663
063712203,410,346,756
063712204,393,369,762
063712205,292,238,530
063712206,234,172,406
063712207,474,397,871
063712208,274,228,502
063712209,209,177,386
063712210,244,169,413
063712211,138,119,257
063712212,258,181,439
063712213,285,229,514
063712214,298,211,509
063712301,398,307,705
063712302,554,602,1156
063712303,179,147,326
063712304,280,234,514
063712305,286,171,457
063712306,335,312,647
063712307,371,281,652
063712308,416,399,815
063712309,340,193,533
063712310,254,160,414
063712311,327,346,673
063712312,298,296,594
063712313,350,302,652
063712314,454,365,819
063712315,590,578,1168
063712316,588,549,1137
063712317,373,361,734
063712401,520,491,1011
063712402,286,343,629
063712403,567,496,1063
063712404,273,189,462
063712405,278,281,559
063712406,264,290,554
063712407,307,281,588
063712408,295,263,558
063712501,372,361,733
063712502,528,374,902
063712503,269,237,506
063712504,424,424,848
063712505,490,439,929
063712506,453,396,849
063712507,457,429,886
063712508,406,358,764
063712601,492,486,978
063712602,424,314,738
063712603,444,437,881
063712604,451,423,874
063712605,325,254,579
063712606,538,417,955
063712607,340,321,661
063712608,373,316,689
063712701,346,294,640
063712702,468,440,908
063712703,714,836,1550
063712704,483,536,1019
063712705,426,400,826
063712706,253,219,472
063712707,307,199,506
063712708,301,287,588
063712801,210,357,567
063712802,66,48,114
063712803,36,43,79
063712804,146,144,290
063712805,93,83,176
063712806,351,500,851
063712807,125,112,237
063712808,571,369,940
063712901,394,321,715
063712902,271,185,456
063712903,306,268,574
063712904,457,361,818
063712905,582,523,1105
063712906,260,227,487
063712907,674,680,1354
063712908,884,838,1722
063712909,428,445,873
063713001,396,380,776
063713002,524,582,1106
063713003,503,492,995
063713004,356,324,680
063713005,404,364,768
063713006,578,521,1099
063713007,289,277,566
063713008,329,297,626
063713009,388,380,768
063713010,151,283,434
063713011,391,402,793
063713101,460,454,914
063713102,297,292,589
063713103,545,556,1101
063713104,204,238,442
063713105,413,393,806
063713106,691,526,1217
063713107,381,400,781
063713108,405,420,825
063713201,97,114,211
063713202,575,723,1298
063713203,512,645,1157
063713204,563,547,1110
063713205,417,594,1011
063713206,481,414,895
063713207,380,436,816
063713208,621,692,1313
063713209,341,295,636
063713210,588,689,1277
063713211,578,646,1224
063713212,453,592,1045
063713213,545,528,1073
063713214,634,769,1403
063713215,408,413,821
063713301,338,468,806
063713302,534,817,1351
063713303,582,676,1258
063713304,444,435,879
063713305,600,560,1160
063713306,605,592,1197
063713307,473,469,942
063713308,374,343,717
063713309,492,478,970
063713310,229,230,459
063713401,350,343,693
063713402,494,579,1073
063713403,194,217,411
063713404,310,336,646
063713405,625,763,1388
063713406,378,427,805
063713407,430,491,921
063713408,498,446,944
063713409,340,290,630
063713501,539,569,1108
063713502,329,302,631
063713503,351,411,762
063713504,344,343,687
063713505,376,353,729
063713506,531,487,1018
063713507,44,82,126
063713508,71,128,199
063713509,48,92,140
063713510,418,451,869
063713511,531,849,1380
063713512,461,541,1002
063713513,425,530,955
063713514,311,355,666
063713601,838,1188,2026
063713602,489,575,1064
063713603,586,818,1404
063713604,722,891,1613
063713605,455,447,902
063713606,427,534,961
063713607,579,687,1266
063713608,489,450,939
063713609,717,735,1452
063713610,500,477,977
063713611,586,494,1080
063713701,341,503,844
063713702,488,624,1112
063713703,277,380,657
063713704,180,242,422
063713705,240,345,585
063713706,316,377,693
063713707,677,735,1412
063713708,768,1163,1931
063713709,694,866,1560
063713710,544,834,1378
063713711,553,902,1455
063713712,476,671,1147
063713713,637,754,1391
063713714,502,641,1143
063713715,546,669,1215
063713716,667,736,1403
064080101,498,499,997
064080102,394,351,745
064080103,481,515,996
064080104,544,467,1011
064080105,558,579,1137
064080106,306,246,552
064080107,548,562,1110
064080108,587,650,1237
064080109,614,693,1307
064080110,322,334,656
064080111,771,825,1596
064080112,597,594,1191
064080113,568,629,1197
064080114,40,66,106
064080115,133,155,288
064080116,247,283,530
064080117,503,424,927
064080201,423,555,978
064080202,470,590,1060
064080203,574,511,1085
064080204,525,606,1131
064080205,326,313,639
064080206,415,405,820
064080207,594,560,1154
064080208,651,784,1435
064080209,648,780,1428
064080210,605,674,1279
064080211,477,448,925
064080301,132,203,335
064080302,143,143,286
064080303,550,642,1192
064080304,421,473,894
064080305,425,415,840
064080306,486,541,1027
064080307,755,838,1593
064080308,912,1104,2016
064080309,405,493,898
064080310,307,376,683
064080401,534,831,1365
064080402,771,1210,1981
064080403,345,499,844
064080404,705,935,1640
064080405,484,606,1090
064080406,378,505,883
064080407,528,750,1278
064080408,763,1027,1790
064080409,523,686,1209
064080410,795,904,1699
064080411,451,535,986
064080412,534,557,1091
064080501,364,418,782
064080502,461,542,1003
064080503,476,573,1049
064080504,445,541,986
064080505,188,242,430
064080506,287,421,708
064080507,363,481,844
064080508,394,459,853
064080509,445,506,951
064080510,354,377,731
064080511,376,384,760
064080512,308,380,688
064080601,671,481,1152
064080602,287,236,523
064080603,563,376,939
064080604,422,338,760
064080605,552,451,1003
064080606,169,116,285
064080607,466,478,944
064080608,401,372,773
064080609,538,351,889
064080701,458,447,905
064080702,353,463,816
064080703,357,435,792
064080704,563,568,1131
064080705,502,439,941
064080706,471,362,833
064080707,130,124,254
064080708,468,423,891
064080709,274,333,607
064080710,324,429,753
064080801,471,529,1000
064080802,479,514,993
064080803,284,335,619
064080804,255,290,545
064080805,315,345,660
064080806,405,460,865
064080807,381,408,789
064080808,428,399,827
064080809,377,324,701
064080810,424,483,907
064080811,484,573,1057
064080812,260,382,642
064080813,333,465,798
064080814,652,687,1339
064080901,511,506,1017
064080902,309,352,661
064080903,391,407,798
064080904,353,325,678
064080905,508,431,939
064080906,502,426,928
064080907,679,647,1326
064080908,528,536,1064
064081001,444,471,915
064081002,427,439,866
064081003,570,651,1221
064081004,518,487,1005
064081005,618,638,1256
064081006,408,500,908
064081007,559,630,1189
064081008,368,313,681
064081101,393,454,847
064081102,441,536,977
064081103,473,388,861
064081104,459,502,961
064081105,721,930,1651
064081106,442,534,976
064081107,108,111,219
064081108,470,645,1115
064081109,100,147,247
064081110,260,314,574
064081111,99,127,226
064081201,1104,1482,2586
064081202,359,479,838
064081203,392,595,987
064081204,482,673,1155
064081205,655,827,1482
064081206,841,1061,1902
064081207,525,597,1122
064081208,683,792,1475
064081209,398,481,879
064081301,626,681,1307
064081302,385,576,961
064081303,415,629,1044
064081304,391,484,875
064081305,359,390,749
064081306,551,625,1176
064081307,497,582,1079
064081308,391,581,972
064081309,418,530,948
064081310,499,685,1184
064081311,537,610,1147
064081312,471,550,1021
064081313,339,378,717
064081401,556,533,1089
064081402,484,590,1074
064081403,519,647,1166
064081404,606,660,1266
064081405,273,267,540
064081406,297,413,710
064081407,382,305,687
064081408,334,357,691
064081409,342,401,743
064081410,349,436,785
064081411,432,448,880
064081412,378,486,864
064081413,470,432,902
064081501,613,486,1099
064081502,602,686,1288
064081503,85,68,153
064081504,504,552,1056
064081505,630,688,1318
064081506,151,100,251
064081507,368,422,790
064081508,299,390,689
064081509,453,484,937
064081510,276,301,577
064081511,310,386,696
064081512,194,186,380
064081513,484,443,927
064100101,497,727,1224
064100102,573,657,1230
064100103,555,639,1194
064100104,605,750,1355
064100105,348,422,770
064100106,336,318,654
064100107,352,316,668
064100108,572,699,1271
064100109,359,423,782
064100110,493,585,1078
064100111,1000,1463,2463
064100112,469,565,1034
064100113,355,231,586
064100201,414,415,829
064100202,448,467,915
064100203,353,326,679
064100204,78,103,181
064100205,498,728,1226
064100206,132,149,281
064100207,360,355,715
064100208,565,721,1286
064100209,487,491,978
064100210,334,479,813
064100301,775,834,1609
064100302,440,563,1003
064100303,330,385,715
064100304,482,576,1058
064100305,508,608,1116
064100306,410,450,860
064100307,376,500,876
064100308,364,481,845
064100309,632,782,1414
064100310,472,507,979
064100311,333,422,755
064100312,195,249,444
064100401,565,597,1162
064100402,490,592,1082
064100403,580,565,1145
064100404,370,353,723
064100405,371,354,725
064100406,506,585,1091
064100407,355,376,731
064100408,391,443,834
064100409,735,774,1509
064100410,399,413,812
064100411,344,336,680
064100412,563,603,1166
064100413,398,492,890
064100414,506,657,1163
064100415,116,148,264
064100416,251,244,495
064100501,355,389,744
064100502,428,482,910
064100503,576,650,1226
064100504,393,373,766
064100505,455,484,939
064100506,332,345,677
064100507,282,332,614
064100508,483,621,1104
064100509,482,550,1032
064100510,540,618,1158
064100511,427,465,892
064100512,437,586,1023
064100513,567,582,1149
064100514,378,547,925
064100515,932,1391,2323
064100601,520,617,1137
064100602,492,578,1070
064100603,524,562,1086
064100604,524,428,952
064100605,445,454,899
064100606,451,377,828
064100607,547,485,1032
064100608,638,565,1203
064100609,439,322,761
064100610,398,432,830
064100611,278,374,652
064100612,622,716,1338
064100613,625,644,1269
064100614,565,484,1049
064100615,467,406,873
064100701,315,292,607
064100702,272,236,508
064100703,444,378,822
064100704,583,599,1182
064100705,553,489,1042
064100706,400,342,742
064100707,613,730,1343
064100708,443,458,901
064100709,432,434,866
064100710,549,593,1142
064100711,428,454,882
064100712,411,414,825
064100713,530,612,1142
064100714,450,488,938
064100715,376,439,815
064100716,605,727,1332
064100801,318,313,631
064100802,343,376,719
064100803,584,578,1162
064100804,359,406,765
064100805,409,461,870
064100806,566,685,1251
064100807,491,576,1067
064100808,450,436,886
064100809,604,704,1308
064100901,611,597,1208
064100902,384,332,716
064100903,616,602,1218
064100904,546,501,1047
064100905,604,550,1154
064100906,461,397,858
064100907,402,393,795
064100908,413,355,768
064100909,403,340,743
064101001,555,578,1133
064101002,601,564,1165
064101003,523,489,1012
064101004,613,570,1183
064101005,496,437,933
064101006,447,377,824
064101007,623,683,1306
064101008,442,433,875
064101009,462,497,959
064101010,518,425,943
064101101,529,385,914
064101102,577,389,966
064101103,429,334,763
064101104,440,336,776
064101105,312,216,528
064101106,347,207,554
064101107,438,365,803
064101108,445,369,814
064101109,541,455,996
064101110,482,467,949
064101111,557,373,930
064101201,480,372,852
064101202,498,408,906
064101203,296,249,545
064101204,316,321,637
064101205,346,375,721
064101206,385,347,732
064101207,364,323,687
064101208,239,222,461
064101209,313,325,638
064101210,684,648,1332
064101211,400,404,804
064101212,404,467,871
064101213,634,675,1309
064101301,565,581,1146
064101302,358,351,709
064101303,369,281,650
064101304,308,315,623
064101305,340,361,701
064101306,621,686,1307
064101307,653,764,1417
064101308,389,417,806
064101309,368,415,783
064101310,352,378,730
064101311,443,462,905
064120101,302,317,619
064120102,260,237,497
064120103,110,92,202
064120104,245,261,506
064120105,176,178,354
064120106,428,484,912
064120107,103,182,285
064120108,163,228,391
064120109,457,588,1045
064120110,500,712,1212
064120111,265,389,654
064120112,351,712,1063
064120113,399,631,1030
064120114,428,623,1051
064120115,466,503,969
064120116,605,928,1533
064120117,573,951,1524
064120118,578,988,1566
064120201,188,209,397
064120202,468,557,1025
064120203,457,605,1062
064120204,533,793,1326
064120205,628,675,1303
064120206,370,505,875
064120207,465,596,1061
064120208,526,597,1123
064120209,590,676,1266
064120210,507,440,947
064120211,446,438,884
064120301,532,686,1218
064120302,596,832,1428
064120303,597,711,1308
064120304,521,702,1223
064120305,615,599,1214
064120306,482,399,881
064120307,631,617,1248
064120308,464,489,953
064120309,396,458,854
064120310,446,577,1023
064120311,565,485,1050
064120312,221,227,448
064120313,323,262,585
064120401,586,642,1228
064120402,534,576,1110
064120403,598,749,1347
064120404,657,808,1465
064120405,381,446,827
064120406,366,510,876
064120407,475,553,1028
064120408,308,305,613
064120409,294,346,640
064120410,582,579,1161
064120411,534,633,1167
064120412,707,803,1510
064120501,344,341,685
064120502,523,436,959
064120503,500,514,1014
064120504,327,352,679
064120505,273,317,590
064120506,285,331,616
064120507,495,505,1000
064120508,520,575,1095
064120509,537,768,1305
064120510,570,707,1277
064120511,487,532,1019
064120512,498,438,936
064120513,523,650,1173
064120514,414,435,849
064120601,260,207,467
064120602,385,402,787
064120603,407,372,779
064120604,445,365,810
064120605,353,332,685
064120606,529,568,1097
064120607,529,670,1199
064120608,683,753,1436
064120609,401,494,895
064120610,393,443,836
064120611,675,838,1513
064120612,527,580,1107
064120613,484,499,983
064120701,515,721,1236
064120702,565,714,1279
064120703,582,751,1333
064120704,439,489,928
064120705,392,465,857
064120706,359,443,802
064120707,330,414,744
064120708,458,525,983
064120709,315,264,579
064120710,565,710,1275
064120711,582,648,1230
064120712,540,639,1179
064120713,530,657,1187
064120714,442,534,976
064120715,356,477,833
064120716,354,522,876
064120717,396,502,898
064120801,663,744,1407
064120802,598,603,1201
064120803,312,363,675
064120804,369,415,784
064120805,375,376,751
064120806,497,594,1091
064120807,396,563,959
064120808,348,508,856
064120809,461,569,1030
064120810,467,588,1055
064120811,396,537,933
064120812,448,483,931
064120813,436,802,1238
064120814,436,691,1127
064120815,392,551,943
064120901,259,485,744
064120902,321,589,910
064120903,469,747,1216
064120904,494,747,1241
064120905,459,753,1212
064120906,101,143,244
064120907,159,274,433
064120908,512,755,1267
064120909,480,751,1231
064120910,501,742,1243
064120911,443,919,1362
064120912,318,486,804
064120913,259,569,828
064120914,618,820,1438
064120915,454,779,1233
064120916,309,434,743
064120917,244,450,694
064120918,509,831,1340
064121001,590,680,1270
064121002,468,722,1190
064121003,555,798,1353
064121004,540,916,1456
064121005,483,725,1208
064121006,489,624,1113
064121007,476,580,1056
064121008,525,721,1246
064121009,351,511,862
064121010,367,627,994
064121011,423,615,1038
064121012,320,469,789
064121013,335,507,842
064121014,509,790,1299
064121015,362,622,984
064121016,399,778,1177
064121017,709,978,1687
064121018,451,728,1179
064121019,477,901,1378
064121020,435,860,1295
064121021,375,717,1092
064121101,411,819,1230
064121102,372,638,1010
064121103,653,886,1539
064121104,321,518,839
064121105,536,818,1354
064121106,495,651,1146
064121107,420,512,932
064121108,345,553,898
064121109,353,563,916
064121110,248,515,763
064121111,395,562,957
064121112,298,485,783
064121113,356,484,840
064121114,344,467,811
064121115,491,660,1151
064121116,303,635,938
064121117,285,435,720
064121118,489,665,1154
064121119,567,822,1389
064121120,679,990,1669
064121201,431,616,1047
064121202,469,698,1167
064121203,516,830,1346
064121204,568,859,1427
064121205,643,888,1531
064121206,471,671,1142
064121207,534,939,1473
064121208,524,698,1222
064121209,535,788,1323
064121301,522,638,1160
064121302,519,700,1219
064121303,261,456,717
064121304,382,453,835
064121305,647,914,1561
064121306,627,832,1459
064121307,403,669,1072
064121308,489,894,1383
064121309,421,486,907
064121310,335,392,727
064121311,456,574,1030
064121312,548,794,1342
064121401,359,402,761
064121402,475,544,1019
064121403,781,775,1556
064121404,381,507,888
064121405,467,549,1016
064121406,525,693,1218
064121407,475,762,1237
064121408,521,771,1292
064121409,414,629,1043
064121410,534,587,1121
064121411,542,674,1216
064121412,543,787,1330
064121413,437,525,962
064121501,405,420,825
064121502,713,719,1432
064121503,665,878,1543
064121504,529,674,1203
064121505,355,449,804
064121506,435,530,965
064121507,434,558,992
064121508,387,535,922
064121509,433,503,936
064121510,409,505,914
064121511,526,660,1186
064121512,573,953,1526
064270101,234,152,386
064270102,191,149,340
064270103,582,385,967
064270104,137,111,248
064270105,116,96,212
064270106,520,410,930
064270107,508,386,894
064270108,358,235,593
064270109,318,212,530
064270110,392,345,737
064270111,502,334,836
064270112,386,248,634
064270113,399,334,733
064270201,384,292,676
064270202,302,230,532
064270203,150,135,285
064270204,385,235,620
064270205,251,201,452
064270206,227,125,352
064270207,310,215,525
064270208,333,245,578
064270209,354,250,604
064270210,391,221,612
064270211,103,74,177
064270212,326,298,624
064270213,289,190,479
064270214,243,204,447
064270215,238,180,418
064270216,204,145,349
064270217,348,213,561
064270218,418,315,733
064270301,312,238,550
064270302,478,303,781
064270303,286,221,507
064270304,299,247,546
064270305,351,298,649
064270306,487,453,940
064270307,378,303,681
064270308,335,331,666
064270309,264,240,504
064270310,428,322,750
064270311,415,411,826
064270312,479,413,892
064270401,427,409,836
064270402,564,472,1036
064270403,701,577,1278
064270404,419,360,779
064270405,490,440,930
064270406,450,443,893
064270407,504,416,920
064270408,531,446,977
064270409,613,580,1193
064270501,746,726,1472
064270502,398,388,786
064270503,421,369,790
064270504,624,618,1242
064270505,680,558,1238
064270506,532,594,1126
064270507,626,650,1276
064270508,353,286,639
064270509,338,304,642
064270510,414,396,810
064270511,458,418,876
064270601,484,511,995
064270602,786,693,1479
064270603,440,509,949
064270604,875,806,1681
064270605,291,262,553
064270606,338,290,628
064270607,328,299,627
064270608,282,241,523
064270609,530,503,1033
064270610,339,319,658
064270611,338,280,618
064270612,380,351,731
064270613,413,335,748
064270614,413,317,730
064270701,571,525,1096
064270702,630,500,1130
064270703,485,443,928
064270704,531,444,975
064270705,587,482,1069
064270706,421,336,757
064270707,340,234,574
064270708,399,364,763
064270709,477,361,838
064270710,768,813,1581
064270711,503,473,976
064270712,644,600,1244
064270713,450,490,940
064270801,653,584,1237
064270802,626,615,1241
064270803,524,516,1040
064270804,671,692,1363
064270805,531,549,1080
064270806,715,741,1456
064270807,565,576,1141
064270808,319,321,640
064270809,333,269,602
064270810,746,710,1456
064270811,629,584,1213
064270812,694,684,1378
064270901,623,704,1327
064270902,583,595,1178
064270903,827,901,1728
064270904,859,926,1785
064270905,674,705,1379
064270906,776,907,1683
064270907,588,560,1148
064270908,534,442,976
064270909,275,285,560
064270910,430,551,981
064270911,453,539,992
064270912,440,543,983
064271001,642,675,1317
064271002,377,384,761
064271003,392,359,751
064271004,600,643,1243
064271005,613,592,1205
064271006,542,488,1030
064271007,598,591,1189
064271008,547,600,1147
064271009,660,777,1437
064271010,324,337,661
064271011,260,264,524
064271012,632,538,1170
064271101,609,575,1184
064271102,504,552,1056
064271103,675,690,1365
064271104,489,493,982
064271105,488,460,948
064271106,584,576,1160
064271107,561,428,989
064271108,595,626,1221
064271109,602,528,1130
064271110,397,399,796
064271111,392,358,750
064271201,662,645,1307
064271202,588,614,1202
064271203,286,196,482
064271204,325,282,607
064271205,555,530,1085
064271206,630,546,1176
064271207,374,329,703
064271208,333,253,586
064271209,355,319,674
064271210,383,276,659
064271301,688,558,1246
064271302,670,669,1339
064271303,497,409,906
064271304,902,841,1743
064271305,870,835,1705
064271306,380,389,769
064271307,395,349,744
064271308,483,415,898
064271309,456,475,931
064271310,651,566,1217
064271311,652,566,1218
064271401,561,523,1084
064271402,482,544,1026
064271403,570,573,1143
064271404,583,622,1205
064271405,565,947,1512
064271406,234,232,466
064271407,953,870,1823
064271408,1282,1734,3016
064271409,517,639,1156
064271410,1053,1421,2474
064271411,1139,1425,2564
064271412,315,450,765
064271413,1054,1194,2248
064271414,251,240,491
064271415,486,343,829
064271416,654,536,1190
064271417,400,384,784
064271418,388,314,702
064271419,518,430,948
064271420,372,319,691
064271501,420,384,804
064271502,328,400,728
064271503,352,310,662
064271504,656,455,1111
064271505,360,367,727
064271506,470,394,864
064271507,377,350,727
064271508,416,359,775
064271509,294,416,710
064271510,376,356,732
064271511,356,313,669
064271512,579,562,1141
064271513,380,282,662
064271514,446,535,981
064271515,444,441,885
064271601,639,554,1193
064271602,696,495,1191
064271603,571,583,1154
064271604,499,560,1059
064271605,789,997,1786
064271606,527,657,1184
064271607,599,607,1206
064271608,365,454,819
064271609,595,616,1211
064271610,328,368,696
064271611,476,499,975
064271612,527,402,929
064271613,226,220,446
064271701,541,529,1070
064271702,443,354,797
064271703,500,678,1178
064271704,383,430,813
064271705,379,425,804
064271706,342,528,870
064271707,2036,2747,4783
064271708,860,941,1801
064271709,391,560,951
064271710,859,1117,1976
064271711,1361,2305,3666
064271801,722,867,1589
064271802,796,997,1793
064271803,451,712,1163
064271804,978,1426,2404
064271805,1574,2373,3947
064271806,84,107,191
064271807,912,1184,2096
064271808,905,1102,2007
064271809,1131,1461,2592
064271810,685,885,1570
064271811,680,844,1524
064271812,126,190,316
064271813,1825,2448,4273
064271901,418,316,734
064271902,299,319,618
064271903,689,687,1376
064271904,406,454,860
064271905,372,325,697
064271906,603,572,1175
064271907,546,537,1083
064271908,680,529,1209
064271909,638,607,1245
064271910,454,495,949
064272001,312,582,894
064272002,398,397,795
064272003,396,411,807
064272004,332,322,654
064272005,245,247,492
064272006,519,471,990
064272007,409,268,677
064272008,386,335,721
064272009,453,401,854
064272010,447,472,919
064272011,639,594,1233
064272012,185,188,373
064272013,287,291,578
064272014,1053,1346,2399
064272015,510,637,1147
064272016,1028,1198,2226
064272101,605,735,1340
064272102,715,700,1415
064272103,791,760,1551
064272104,743,705,1448
064272105,454,477,931
064272106,495,585,1080
064272107,510,387,897
064272108,595,551,1146
064272201,437,373,810
064272202,374,327,701
064272203,610,670,1280
064272204,544,650,1194
064272205,509,448,957
064272206,421,549,970
064272207,612,587,1199
064272208,474,395,869
064272209,621,482,1103
064272301,206,183,389
064272302,514,527,1041
064272303,832,839,1671
064272304,738,800,1538
064272305,522,569,1091
064272306,602,559,1161
064272307,588,545,1133
064272308,699,658,1357
064272309,860,867,1727
064272310,738,756,1494
064272311,817,821,1638
064272401,606,523,1129
064272402,330,419,749
064272403,818,1143,1961
064272404,393,518,911
064272405,875,990,1865
064272406,519,536,1055
064272407,831,819,1650
064272408,526,536,1062
064272409,531,534,1065
064272410,395,410,805
064272501,341,284,625
064272502,382,385,767
064272503,565,501,1066
064272504,441,476,917
064272505,831,1079,1910
064272506,429,423,852
064272507,295,233,528
064272508,252,208,460
064272509,533,490,1023
064272510,1414,1928,3342
064272511,1037,1500,2537
064272512,1250,1560,2810
064272513,253,240,493
064272514,269,220,489
064272515,411,451,862
064272601,314,273,587
064272602,496,440,936
064272603,670,579,1249
064272604,664,563,1227
064272605,489,453,942
064272606,358,301,659
064272607,690,741,1431
064272608,543,475,1018
064272609,528,539,1067
064272610,509,426,935
064272611,565,540,1105
064272701,792,813,1605
064272702,268,271,539
064272703,373,334,707
064272704,395,325,720
064272705,382,369,751
064272706,514,417,931
064272707,552,505,1057
064272708,565,490,1055
064272709,615,622,1237
064272801,536,443,979
064272802,355,298,653
064272803,401,336,737
064272804,377,379,756
064272805,360,333,693
064272806,622,474,1096
064272807,593,411,1004
064272808,409,398,807
064272809,390,286,676
064272810,605,512,1117
064272811,502,410,912
064272812,553,442,995
064272901,557,503,1060
064272902,532,464,996
064272903,359,260,619
064272904,353,290,643
064272905,502,375,877
064272906,475,374,849
064272907,653,535,1188
064272908,615,559,1174
064272909,250,251,501
064272910,285,244,529
064272911,633,590,1223
064272912,630,568,1198
064272913,473,449,922
064272914,562,530,1092
064273001,342,320,662
064273002,538,495,1033
064273003,320,293,613
064273004,367,246,613
064273005,207,179,386
064273006,406,382,788
064273007,417,343,760
064273008,217,159,376
064273009,228,185,413
064273010,368,299,667
064273011,230,112,342
064273012,312,248,560
064273013,498,377,875
064273101,336,261,597
064273102,438,340,778
064273103,533,466,999
064273104,455,373,828
064273105,633,530,1163
064273106,573,376,949
064273107,365,357,722
064273108,238,196,434
064273109,342,336,678
064273110,367,321,688
064273201,352,281,633
064273202,402,340,742
064273203,368,287,655
064273204,323,331,654
064273205,544,497,1041
064273206,376,323,699
064273207,499,466,965
064273208,625,565,1190
064273209,308,241,549
064273210,299,274,573
064273211,369,314,683
064273212,335,269,604
064273301,298,335,633
064273302,540,492,1032
064273303,275,314,589
064273304,190,159,349
064273305,261,274,535
064273306,228,210,438
064273307,264,269,533
064273308,401,365,766
064273309,368,315,683
064273310,484,389,873
064273311,509,381,890
064273312,781,644,1425
064273313,437,402,839
064273314,568,538,1106
064273315,377,394,771
064273401,464,484,948
064273402,352,414,766
064273403,736,624,1360
064273404,443,407,850
064273405,470,470,940
064273406,888,820,1708
064273407,518,501,1019
064273408,430,441,871
064273409,606,526,1132
064273410,340,340,680
064273411,336,297,633
064273412,625,693,1318
064273413,439,400,839
064273414,443,416,859
064273415,711,502,1213
064273501,543,537,1080
064273502,396,311,707
064273503,372,276,648
064273504,324,330,654
064273505,471,465,936
064273506,548,580,1128
064273507,316,337,653
064273508,454,557,1011
064273509,654,657,1311
064273510,356,320,676
064273511,537,598,1135
064273512,574,510,1084
064273513,405,348,753
064273601,354,301,655
064273602,499,425,924
064273603,366,349,715
064273604,331,308,639
064273605,355,280,635
064273606,364,370,734
064273607,213,223,436
064273608,160,203,363
064273609,558,412,970
064273610,435,373,808
064273611,460,385,845
064273612,262,228,490
064273701,252,249,501
064273702,320,295,615
064273703,263,331,594
064273704,613,644,1257
064273705,417,418,835
064273706,848,717,1565
064273707,678,627,1305
064273708,517,548,1065
064273709,597,734,1331
064273710,882,932,1814
064273801,532,719,1251
064273802,569,709,1278
064273803,918,1109,2027
064273804,342,472,814
064273805,461,525,986
064273806,464,487,951
064273807,567,660,1227
064273808,630,561,1191
064273809,246,240,486
064273810,572,595,1167
064273901,682,858,1540
064273902,467,607,1074
064273903,383,398,781
064273904,548,714,1262
064273905,581,713,1294
064273906,419,453,872
064273907,452,462,914
064273908,35,51,86
064273909,602,640,1242
064273910,402,572,974
064273911,506,578,1084
064274001,500,665,1165
064274002,636,848,1484
064274003,299,554,853
064274004,571,879,1450
064274005,547,690,1237
064274006,574,663,1237
064274007,1227,1746,2973
064274008,1057,1110,2167
064274009,324,358,682
064274010,817,987,1804
064274011,680,863,1543
064274012,384,421,805
064274101,950,1005,1955
064274102,1020,1150,2170
064274103,968,970,1938
064274104,604,647,1251
064274105,503,631,1134
064274106,535,872,1407
064274107,1343,2016,3359
064274108,959,1294,2253
064274109,791,1196,1987
064274110,438,609,1047
064274201,680,667,1347
064274202,739,823,1562
064274203,1017,1019,2036
064274204,943,969,1912
064274205,631,689,1320
064274206,445,477,922
064274207,431,415,846
064274208,365,335,700
064274209,739,787,1526
064274210,358,372,730
064274211,373,530,903
064274301,634,597,1231
064274302,694,577,1271
064274303,647,655,1302
064274304,522,499,1021
064274305,620,665,1285
064274306,658,804,1462
064274307,546,539,1085
064274308,513,528,1041
064274309,522,527,1049
064274310,477,415,892
064274311,442,451,893
064274401,772,936,1708
064274402,443,443,886
064274403,630,685,1315
064274404,518,670,1188
064274405,269,291,560
064274406,363,375,738
064274407,301,286,587
064274408,335,329,664
064274409,364,299,663
064274410,456,448,904
064274411,272,318,590
064274412,656,665,1321
064274501,781,872,1653
064274502,565,537,1102
064274503,423,450,873
064274504,671,662,1333
064274505,474,412,886
064274506,395,399,794
064274507,782,813,1595
064274508,793,805,1598
064274509,416,470,886
064274510,522,554,1076
064274511,539,537,1076
064274601,610,549,1159
064274602,292,552,844
064274603,863,1043,1906
064274604,897,875,1772
064274605,745,897,1642
064274606,830,985,1815
064274607,505,626,1131
064274608,295,391,686
064274609,1692,2110,3802
064274610,441,545,986
064274611,405,661,1066
064274612,711,677,1388
064274613,727,704,1431
064274701,478,409,887
064274702,417,765,1182
064274703,279,374,653
064274704,329,329,658
064274705,391,383,774
064274706,267,494,761
064274707,361,729,1090
064274708,270,514,784
064274709,386,323,709
064274710,518,465,983
064274711,401,447,848
064274712,898,1468,2366
064274801,353,458,811
064274802,829,1005,1834
064274803,631,903,1534
064274804,541,632,1173
064274805,410,410,820
064274806,839,1036,1875
064274807,607,642,1249
064274808,703,902,1605
064274809,637,811,1448
064274810,670,843,1513
064274811,639,886,1525
064274812,722,928,1650
064274813,606,610,1216
064274814,742,795,1537
064274901,900,1066,1966
064274902,444,572,1016
064274903,557,656,1213
064274904,604,772,1376
064274905,513,719,1232
064274906,847,1422,2269
064274907,601,921,1522
064274908,522,732,1254
064274909,733,1046,1779
064274910,551,778,1329
064274911,310,452,762
064274912,352,540,892
064275001,648,638,1286
064275002,573,425,998
064275003,632,477,1109
064275004,663,530,1193
064275005,510,541,1051
064275006,764,650,1414
064275007,574,620,1194
064275008,490,431,921
064275009,444,428,872
064275010,541,551,1092
064275011,582,615,1197
064275012,673,678,1351
064275013,386,447,833
064275101,464,516,980
064275102,470,569,1039
064275103,445,453,898
064275104,486,455,941
064275105,470,516,986
064275106,349,462,811
064275107,466,576,1042
064275108,765,732,1497
064275109,620,534,1154
064275110,633,620,1253
064275111,600,470,1070
064275112,579,444,1023
064275113,629,657,1286
064275114,907,600,1507
064275115,143,118,261
064275201,789,895,1684
064275202,895,867,1762
064275203,509,715,1224
064275204,616,732,1348
064275205,552,870,1422
064275206,593,800,1393
064275207,514,690,1204
064275208,531,735,1266
064275209,657,1099,1756
064275210,407,655,1062
064275211,433,634,1067
064275212,568,794,1362
064275213,741,884,1625
064275301,895,999,1894
064275302,414,586,1000
064275303,380,507,887
064275304,730,1020,1750
064275305,896,1140,2036
064275306,868,1089,1957
064275307,744,857,1601
064275308,603,909,1512
064275309,291,385,676
064275310,753,950,1703
064275401,673,839,1512
064275402,870,1066,1936
064275403,475,651,1126
064275404,491,540,1031
064275405,425,513,938
064275406,409,494,903
064275407,667,731,1398
064275408,640,623,1263
064275409,660,860,1520
064275410,1300,1922,3222
064275411,448,623,1071
064275412,712,742,1454
064275501,326,464,790
064275502,378,349,727
064275503,359,345,704
064275504,404,399,803
064275505,620,731,1351
064275506,585,813,1398
064275507,401,354,755
064275508,466,564,1030
064275509,447,598,1045
064275510,625,813,1438
064275511,699,887,1586
064275512,833,875,1708
064275513,639,794,1433
064275601,456,473,929
064275602,747,819,1566
064275603,2158,2994,5152
064275604,368,469,837
064275605,418,527,945
064275606,709,778,1487
064275607,345,291,636
064275608,541,504,1045
064275609,528,569,1097
064275610,650,604,1254
064275611,550,493,1043
064275612,622,650,1272
064275613,473,447,920
064275701,534,647,1181
064275702,504,558,1062
064275703,433,542,975
064275704,456,585,1041
064275705,488,603,1091
064275706,608,749,1357
064275707,586,743,1329
064275708,418,474,892
064275709,320,331,651
064275710,451,533,984
064275711,395,470,865
064275712,586,714,1300
064275713,684,766,1450
064275714,313,404,717
064275715,301,364,665
064275801,746,812,1558
064275802,613,762,1375
064275803,512,653,1165
064275804,493,714,1207
064275805,352,437,789
064275806,341,432,773
064275807,505,676,1181
064275808,662,820,1482
064275809,241,247,488
064275810,443,557,1000
064275811,336,419,755
064275812,386,480,866
064275813,385,517,902
064275814,363,416,779
064275815,918,1110,2028
064275901,770,953,1723
064275902,265,328,593
064275903,787,1012,1799
064275904,371,514,885
064275905,717,931,1648
064275906,320,448,768
064275907,342,432,774
064275908,454,625,1079
064275909,366,440,806
064275910,495,540,1035
064275911,522,572,1094
064275912,414,483,897
064275913,409,434,843
064276001,662,1070,1732
064276002,541,774,1315
064276003,468,731,1199
064276004,471,582,1053
064276005,682,999,1681
064276006,786,1063,1849
064276007,718,1044,1762
064276008,845,1092,1937
064276009,684,988,1672
064276010,546,816,1362
064276011,703,858,1561
064276012,565,590,1155
064276013,389,462,851
064276014,313,372,685
064276015,396,404,800
064276016,615,741,1356
064276017,435,494,929
064276018,408,563,971
064276101,816,909,1725
064276102,874,1001,1875
064276103,687,783,1470
064276104,753,944,1697
064276105,837,1124,1961
064276106,521,856,1377
064276107,668,806,1474
064276108,723,923,1646
064276109,726,1050,1776
064276110,916,947,1863
064276111,398,517,915
064276112,435,551,986
064276113,523,554,1077
064276114,534,642,1176
064276201,446,577,1023
064276202,650,797,1447
064276203,462,629,1091
064276204,496,573,1069
064276205,1000,1255,2255
064276206,503,624,1127
064276207,485,597,1082
064276208,373,362,735
064276209,568,588,1156
064276210,887,933,1820
064276211,469,716,1185
064276212,476,583,1059
064276213,588,704,1292
064276214,402,359,761
064276215,431,530,961
064276216,575,712,1287
064276301,732,810,1542
064276302,137,251,388
064276303,462,611,1073
064276304,408,559,967
064276305,460,520,980
064276306,596,747,1343
064276307,552,639,1191
064276308,682,786,1468
064276309,833,979,1812
064276310,1102,1132,2234
064276311,760,1110,1870
064276312,561,737,1298
064276401,407,504,911
064276402,376,507,883
064276403,628,870,1498
064276404,419,502,921
064276405,520,648,1168
064276406,444,603,1047
064276407,631,934,1565
064276408,443,518,961
064276409,654,888,1542
064276410,727,937,1664
064276411,328,468,796
064276412,556,694,1250
064276413,307,479,786
064276414,418,554,972
064276415,579,806,1385
064276416,693,1292,1985
064276417,375,442,817
064276501,750,1075,1825
064276502,778,958,1736
064276503,548,694,1242
064276504,809,1109,1918
064276505,377,458,835
064276506,594,661,1255
064276507,667,997,1664
064276508,405,468,873
064276509,338,419,757
064276510,372,605,977
064276511,805,1108,1913
064276512,432,556,988
064276513,390,539,929
064276514,448,597,1045
064276515,697,662,1359
064276516,776,823,1599
064276517,739,961,1700
064276601,532,690,1222
064276602,532,589,1121
064276603,847,1181,2028
064276604,687,796,1483
064276605,702,867,1569
064276606,454,535,989
064276607,405,553,958
064276608,555,540,1095
064276609,489,521,1010
064276610,518,622,1140
064276611,461,596,1057
064276701,520,655,1175
064276702,763,997,1760
064276703,380,538,918
064276704,1085,1869,2954
064276705,445,746,1191
064276706,655,749,1404
064276707,463,667,1130
064276708,477,622,1099
064276709,464,541,1005
064276710,333,520,853
064276711,422,606,1028
064276712,619,812,1431
064276713,444,697,1141
064276714,416,605,1021
064276715,419,750,1169
064276716,413,677,1090
064276717,437,734,1171
064276718,666,817,1483
064276801,414,542,956
064276802,515,690,1205
064276803,325,374,699
064276804,405,479,884
064276805,423,382,805
064276806,576,580,1156
064276807,442,437,879
064276808,480,516,996
064276809,439,543,982
064276810,351,461,812
064276901,459,523,982
064276902,627,706,1333
064276903,599,651,1250
064276904,601,763,1364
064276905,1217,1294,2511
064276906,513,603,1116
064276907,631,664,1295
064276908,510,551,1061
064276909,827,878,1705
064276910,307,286,593
064276911,342,407,749
064276912,366,468,834
064276913,691,745,1436
064276914,596,656,1252
064276915,542,736,1278
064276916,454,585,1039
064276917,569,706,1275
064277001,729,1102,1831
064277002,507,663,1170
064277003,523,630,1153
064277004,750,913,1663
064277005,609,811,1420
064277006,462,607,1069
064277007,423,525,948
064277008,685,757,1442
064277009,499,653,1152
064277010,434,505,939
064277011,442,486,928
064277012,632,791,1423
064277013,345,412,757
064277014,485,554,1039
064277015,373,457,830
064277016,366,466,832
064277017,357,466,823
064277018,392,386,778
064277101,503,647,1150
064277102,577,717,1294
064277103,409,475,884
064277104,360,429,789
064277105,353,409,762
064277106,376,417,793
064277107,660,784,1444
064277108,326,441,767
064277109,379,419,798
064277110,335,366,701
064277111,406,527,933
064277112,716,829,1545
064277113,596,778,1374
064277114,625,799,1424
064277115,565,679,1244
064277116,600,780,1380
064277201,1157,1118,2275
064277202,373,592,965
064277203,391,444,835
064277204,533,591,1124
064277205,578,784,1362
064277206,417,498,915
064277207,399,528,927
064277208,363,482,845
064277209,457,641,1098
064277210,442,595,1037
064277211,693,879,1572
064277212,511,714,1225
064277301,705,839,1544
064277302,743,998,1741
064277303,520,668,1188
064277304,422,619,1041
064277305,612,740,1352
064277306,634,747,1381
064277307,1149,1579,2728
064277308,755,955,1710
064277309,739,985,1724
064277310,667,985,1652
064277311,426,544,970
064277312,425,609,1034
064277313,626,886,1512
064277314,446,666,1112
064277315,478,698,1176
064277316,402,640,1042
064277401,715,921,1636
064277402,820,1087,1907
064277403,654,954,1608
064277404,564,866,1430
064277405,583,805,1388
064277406,726,967,1693
064277407,664,791,1455
064277408,627,731,1358
064277409,383,503,886
064277410,643,845,1488
064277411,1052,1516,2568
064277412,611,837,1448
064277413,490,512,1002
064277414,616,803,1419
064277415,513,810,1323
064277416,414,539,953
064277417,449,689,1138
064277418,1462,2423,3885
064277501,667,1168,1835
064277502,846,1367,2213
064277503,583,789,1372
064277504,741,1153,1894
064277505,702,1041,1743
064277506,566,895,1461
064277507,566,818,1384
064277508,501,791,1292
064277509,463,686,1149
064277510,639,927,1566
064277511,644,1026,1670
064277512,559,717,1276
064277513,457,845,1302
064277514,415,680,1095
064277515,537,767,1304
064277516,586,779,1365
064277601,581,913,1494
064277602,869,1084,1953
064277603,888,1317,2205
064277604,692,1016,1708
064277605,677,935,1612
064277606,671,766,1437
064277607,850,1139,1989
064277608,709,1006,1715
064277609,673,1006,1679
064277610,801,867,1668
064277611,826,1167,1993
064277612,857,1167,2024
064277613,342,464,806
064277614,437,554,991
064277615,722,1074,1796
064277616,744,1043,1787
064277617,434,577,1011
064277618,394,535,929
064277701,554,707,1261
064277702,598,789,1387
064277703,746,862,1608
064277704,802,938,1740
064277705,467,556,1023
064277706,721,925,1646
064277707,505,691,1196
064277708,428,525,953
064277709,376,504,880
064277710,699,829,1528
064277711,525,638,1163
064277712,740,926,1666
064277713,451,579,1030
064277714,391,524,915
064277715,406,465,871
064277716,377,520,897
064277801,1091,1689,2780
064277802,1071,1540,2611
064277803,551,828,1379
064277804,515,589,1104
064277805,649,834,1483
064277806,444,597,1041
064277807,605,789,1394
064277808,418,500,918
064277809,442,570,1012
064277810,490,727,1217
064277811,421,622,1043
064277812,543,836,1379
064277813,663,841,1504
064277901,919,1272,2191
064277902,395,493,888
064277903,507,573,1080
064277904,539,664,1203
064277905,670,933,1603
064277906,463,574,1037
064277907,373,441,814
064277908,394,484,878
064277909,440,449,889
064277910,640,792,1432
064277911,669,935,1604
064278001,1249,1966,3215
064278002,653,875,1528
064278003,567,1072,1639
064278004,394,521,915
064278005,595,782,1377
064278006,568,984,1552
064278007,493,715,1208
064278008,668,825,1493
064278009,457,686,1143
064278010,287,417,704
064278011,366,471,837
064278012,316,533,849
064278013,299,444,743
064278014,387,604,991
064278015,307,475,782
064278016,371,660,1031
064278101,749,868,1617
064278102,513,633,1146
064278103,556,739,1295
064278104,614,643,1257
064278105,337,446,783
064278106,355,318,673
064278107,301,373,674
064278108,55,64,119
064278109,186,169,355
064278110,159,244,403
064278111,461,452,913
064278112,88,133,221
064278201,715,981,1696
064278202,473,593,1066
064278203,612,728,1340
064278204,490,574,1064
064278205,667,924,1591
064278206,796,990,1786
064278207,659,1112,1771
064278208,600,882,1482
064278209,1154,1638,2792
064278210,574,656,1230
064278211,630,645,1275
064278212,442,570,1012
064278213,544,608,1152
064278301,520,659,1179
064278302,526,758,1284
064278303,564,805,1369
064278304,753,816,1569
064278305,856,956,1812
064278306,551,801,1352
064278307,369,586,955
064278308,466,710,1176
064278309,442,746,1188
064278310,439,760,1199
064278311,493,640,1133
064278312,501,713,1214
064278313,657,810,1467
064278314,558,675,1233
064278401,315,453,768
064278402,311,522,833
064278403,459,654,1113
064278404,597,773,1370
064278405,673,993,1666
064278406,519,553,1072
064278407,496,789,1285
064278408,541,824,1365
064278409,730,1152,1882
064278410,445,743,1188
064278411,567,1042,1609
064278412,541,651,1192
064278413,680,903,1583
064278414,330,378,708
064278415,705,1195,1900
064278416,520,826,1346
064278417,609,903,1512
064278501,877,1007,1884
064278502,791,1010,1801
064278503,620,750,1370
064278504,486,536,1022
064278505,482,596,1078
064278506,620,669,1289
064278507,645,776,1421
064278508,392,377,769
064278509,745,807,1552
064278510,400,431,831
064278511,591,747,1338
064278512,590,769,1359
064278513,736,846,1582
064278601,612,601,1213
064278602,499,533,1032
064278603,503,651,1154
064278604,554,594,1148
064278605,435,568,1003
064278606,424,514,938
064278607,551,855,1406
064278608,399,571,970
064278609,494,572,1066
064278610,410,569,979
064278611,505,624,1129
064278612,420,587,1007
064278613,572,696,1268
064278614,504,772,1276
064278701,405,674,1079
064278702,438,634,1072
064278703,396,443,839
064278704,545,687,1232
064278705,696,872,1568
064278706,437,512,949
064278707,470,664,1134
064278708,613,850,1463
064278709,397,570,967
064278710,483,658,1141
064278711,54,80,134
064278712,334,494,828
064278713,474,577,1051
064278714,441,523,964
064278715,346,449,795
064278801,553,653,1206
064278802,892,904,1796
064278803,790,1057,1847
064278804,790,1002,1792
064278805,1026,1191,2217
064278806,442,474,916
064278807,493,588,1081
064278808,598,841,1439
064278809,645,772,1417
064278810,531,669,1200
064278811,297,367,664
064278812,446,575,1021
064278813,563,742,1305
064278901,1416,1781,3197
064278902,895,1243,2138
064278903,796,1175,1971
064278904,862,1156,2018
064278905,754,1050,1804
064278906,722,974,1696
064278907,729,1327,2056
064278908,755,1018,1773
064278909,366,534,900
064278910,496,688,1184
064278911,812,994,1806
064278912,730,1144,1874
064278913,715,1106,1821
064278914,756,1178,1934
064279001,716,752,1468
064279002,739,936,1675
064279003,383,386,769
064279004,441,631,1072
064279005,370,549,919
064279006,523,603,1126
064279007,406,475,881
064279008,555,700,1255
064279009,987,1245,2232
064279010,969,1143,2112
064279011,414,532,946
064279012,388,503,891
064279013,361,460,821
064279014,478,697,1175
064279101,717,1173,1890
064279102,379,564,943
064279103,521,961,1482
064279104,531,721,1252
064279105,373,463,836
064279106,409,517,926
064279107,469,560,1029
064279108,467,686,1153
064279109,359,564,923
064279110,249,393,642
064279111,320,446,766
064279112,1032,966,1998
064279113,179,216,395
064279114,163,184,347
064279115,176,170,346
064279116,126,130,256
064279201,472,917,1389
064279202,565,928,1493
064279203,335,518,853
064279204,580,1053,1633
064279205,598,915,1513
064279206,599,1209,1808
064279207,634,1231,1865
064279208,626,1035,1661
064279209,560,930,1490
064279210,514,984,1498
064279211,499,944,1443
064279212,462,656,1118
064279213,526,660,1186
064279214,563,823,1386
064279215,356,481,837
064279216,539,682,1221
064279217,373,482,855
064279218,312,447,759
064279219,480,843,1323
064279301,497,823,1320
064279302,560,915,1475
064279303,468,683,1151
064279304,520,845,1365
064279305,448,740,1188
064279306,709,1058,1767
064279307,624,921,1545
064279308,639,853,1492
064279309,617,742,1359
064279310,564,779,1343
064279311,715,951,1666
064279312,552,841,1393
064279313,596,941,1537
064279314,600,903,1503
064279315,572,932,1504
064279401,705,1033,1738
064279402,672,923,1595
064279403,685,991,1676
064279404,684,1052,1736
064279405,782,1226,2008
064279406,895,1399,2294
064279407,426,696,1122
064279408,388,598,986
064279409,530,826,1356
064279410,514,769,1283
064279411,650,789,1439
064279412,604,866,1470
064279413,551,760,1311
064279501,434,698,1132
064279502,555,901,1456
064279503,671,1111,1782
064279504,730,1259,1989
064279505,547,1021,1568
064279506,525,880,1405
064279507,1449,2486,3935
064279508,709,1187,1896
064279509,554,781,1335
064279510,577,896,1473
064279511,598,840,1438
064279512,766,1107,1873
064279513,560,768,1328
064279514,524,830,1354
064279601,609,1014,1623
064279602,501,821,1322
064279603,544,838,1382
064279604,839,1510,2349
064279605,699,1056,1755
064279606,705,1008,1713
064279607,399,702,1101
064279608,641,977,1618
064279609,723,1038,1761
064279610,685,1080,1765
064279611,420,651,1071
064279612,513,841,1354
064279613,54,63,117
064279614,593,926,1519
064279615,313,429,742
064279616,200,231,431
064279701,404,707,1111
064279702,1403,2426,3829
064279703,659,1214,1873
064279704,636,919,1555
064279705,268,481,749
064279706,647,1117,1764
064279707,572,1001,1573
064279708,523,815,1338
064279709,384,549,933
064279710,281,451,732
064279711,153,153,306
064279712,192,272,464
064279713,335,481,816
064279714,562,661,1223
064279715,300,350,650
064279716,214,295,509
064279717,361,554,915
064279718,269,311,580
064279719,315,370,685
064279720,460,687,1147
064279721,417,534,951
064279722,278,358,636
064279723,411,555,966
064279724,325,425,750
064340101,656,899,1555
064340102,421,336,757
064340103,359,353,712
064340104,444,393,837
064340105,520,409,929
064340106,476,495,971
064340107,351,355,706
064340108,425,366,791
064340109,344,303,647
064340110,466,383,849
064340111,472,350,822
064340201,358,345,703
064340202,92,61,153
064340203,419,343,762
064340204,330,254,584
064340205,400,313,713
064340206,418,308,726
064340207,81,69,150
064340208,267,246,513
064340209,71,64,135
064340210,255,248,503
064340211,504,412,916
064340212,420,347,767
064340301,482,421,903
064340302,390,310,700
064340303,762,659,1421
064340304,461,367,828
064340305,449,406,855
064340306,350,311,661
064340307,497,367,864
064340308,629,628,1257
064340309,696,658,1354
064340310,474,386,860
064340401,482,415,897
064340402,393,369,762
064340403,381,315,696
064340404,277,276,553
064340405,347,262,609
064340406,538,380,918
064340407,294,297,591
064340408,185,185,370
064340409,266,239,505
064340410,523,400,923
064340501,583,572,1155
064340502,578,480,1058
064340503,360,332,692
064340504,437,333,770
064340505,477,464,941
064340506,386,297,683
064340507,496,445,941
064340508,453,372,825
064340601,459,436,895
064340602,408,451,859
064340603,508,469,977
064340604,496,427,923
064340605,404,335,739
064340606,535,452,987
064340607,463,436,899
064340608,503,472,975
064340609,493,537,1030
064340701,297,413,710
064340702,366,437,803
064340703,408,412,820
064340704,290,319,609
064340705,375,479,854
064340706,196,250,446
064340707,1683,1957,3640
064340708,214,257,471
064340709,237,286,523
064340710,295,310,605
064340711,212,251,463
064340801,283,285,568
064340802,619,623,1242
064340803,296,368,664
064340804,472,489,961
064340805,426,403,829
064340806,614,906,1520
064340807,275,465,740
064340808,107,172,279
064340809,274,584,858
064340810,419,732,1151
064340811,414,647,1061
064340812,612,801,1413
064340813,420,602,1022
064340814,267,374,641
064340815,567,748,1315
064340816,501,694,1195
064340901,306,475,781
064340902,530,622,1152
064340903,514,649,1163
064340904,303,424,727
064340905,294,417,711
064340906,395,533,928
064340907,421,472,893
064340908,402,474,876
064340909,466,554,1020
064340910,387,529,916
064340911,379,361,740
064340912,405,407,812
064340913,339,499,838
064340914,521,634,1155
064340915,547,554,1101
064340916,436,548,984
064340917,303,368,671
064340918,437,480,917
064341001,454,432,886
064341002,235,210,445
064341003,307,237,544
064341004,317,314,631
064341005,334,301,635
064341006,475,442,917
064341007,452,493,945
064341008,506,463,969
064341009,476,553,1029
064341010,487,556,1043
064341011,655,758,1413
064341012,452,473,925
064341101,456,471,927
064341102,556,613,1169
064341103,370,351,721
064341104,372,434,806
064341105,336,368,704
064341106,315,437,752
064341107,247,316,563
064341108,312,374,686
064341109,391,370,761
064341110,245,291,536
064341111,408,432,840
064341112,496,567,1063
064341113,531,517,1048
064341114,351,350,701
064341201,448,438,886
064341202,566,448,1014
064341203,482,369,851
064341204,472,498,970
064341205,445,392,837
064341206,483,533,1016
064341207,500,637,1137
064341208,429,372,801
064341301,491,406,897
064341302,310,266,576
064341303,399,340,739
064341304,254,253,507
064341305,494,485,979
064341306,364,335,699
064341307,407,352,759
064341308,478,484,962
064341309,453,478,931
064341310,453,456,909
064341311,563,681,1244
064341312,453,511,964
064341401,387,346,733
064341402,296,264,560
064341403,348,246,594
064341404,424,336,760
064341405,371,273,644
064341406,429,372,801
064341407,525,354,879
064341408,459,384,843
064341501,243,170,413
064341502,335,264,599
064341503,197,136,333
064341504,317,240,557
064341505,323,254,577
064341506,248,197,445
064341507,353,195,548
064341508,316,219,535
064341509,266,184,450
064341510,224,165,389
064341511,215,151,366
064341512,200,133,333
064341513,443,384,827
064341514,338,297,635
064341515,437,315,752
064341601,450,403,853
064341602,384,343,727
064341603,442,348,790
064341604,263,224,487
064341605,251,191,442
064341606,246,217,463
064341607,326,273,599
064341608,296,205,501
064341609,475,398,873
064341610,624,506,1130
064341611,469,373,842
064341612,595,454,1049
064341613,531,484,1015
064341701,375,315,690
064341702,458,373,831
064341703,496,401,897
064341704,414,359,773
064341705,399,328,727
064341706,292,238,530
064341707,219,184,403
064341708,361,284,645
064341709,326,294,620
064341710,169,134,303
064341711,376,310,686
064341801,619,454,1073
064341802,337,301,638
064341803,582,436,1018
064341804,300,254,554
064341805,438,356,794
064341806,492,329,821
064341807,229,178,407
064341808,305,254,559
064341809,281,177,458
064341810,197,136,333
064341811,228,158,386
064341812,279,188,467
064341813,430,309,739
064341814,128,114,242
064341901,455,458,913
064341902,523,429,952
064341903,509,456,965
064341904,397,408,805
064341905,498,430,928
064341906,439,437,876
064341907,451,350,801
064341908,333,302,635
064341909,379,319,698
064342001,356,308,664
064342002,486,460,946
064342003,539,500,1039
064342004,264,254,518
064342005,460,326,786
064342006,566,526,1092
064342007,388,287,675
064342008,468,411,879
064342009,414,358,772
064342010,398,373,771
064342101,456,460,916
064342102,363,318,681
064342103,389,282,671
064342104,275,261,536
064342105,365,291,656
064342106,293,302,595
064342107,274,278,552
064342108,357,352,709
064342109,268,293,561
064342110,262,260,522
064342111,296,236,532
064342112,462,413,875
064342113,429,459,888
064342201,412,447,859
064342202,362,493,855
064342203,286,273,559
064342204,468,510,978
064342205,404,334,738
064342206,420,476,896
064342207,320,343,663
064342208,503,477,980
064342209,503,659,1162
064342210,675,692,1367
064342211,413,418,831
064342212,395,439,834
064342213,508,546,1054
064342214,454,395,849
064342301,433,606,1039
064342302,349,520,869
064342303,501,661,1162
064342304,588,724,1312
064342305,466,740,1206
064342306,586,714,1300
064342307,253,284,537
064342308,448,707,1155
064342309,378,478,856
064342310,353,439,792
064342311,536,660,1196
064342312,386,448,834
064342313,16,21,37
064342314,280,536,816
064342315,401,545,946
064342401,372,362,734
064342402,271,270,541
064342403,275,243,518
064342404,329,309,638
064342405,356,338,694
064342406,331,329,660
064342407,286,325,611
064342408,574,612,1186
064342409,410,360,770
064342410,398,367,765
064342501,596,572,1168
064342502,312,255,567
064342503,243,247,490
064342504,273,300,573
064342505,326,361,687
064342506,408,421,829
064342507,450,493,943
064342508,456,489,945
064342509,330,314,644
064342510,387,378,765
064342511,411,427,838
064342512,304,341,645
064342513,393,404,797
064342514,330,368,698
064342515,308,308,616
064342516,479,461,940
064342517,363,359,722
064342518,300,300,600
064342601,431,678,1109
064342602,206,316,522
064342603,408,651,1059
064342604,454,741,1195
064342605,146,284,430
064342606,191,249,440
064342607,260,334,594
064342608,430,517,947
064342609,322,384,706
064342610,517,609,1126
064342611,295,419,714
064342612,309,395,704
064342613,533,618,1151
064342614,489,583,1072
064342615,232,341,573
064342616,382,485,867
064342617,398,538,936
064342618,480,664,1144
064342619,479,707,1186
064342701,412,378,790
064342702,441,431,872
064342703,576,561,1137
064342704,382,433,815
064342705,265,262,527
064342706,458,481,939
064342707,385,457,842
064342708,429,356,785
064342709,497,512,1009
064342710,619,716,1335
064342801,503,543,1046
064342802,532,622,1154
064342803,592,730,1322
064342804,440,460,900
064342805,332,425,757
064342806,457,532,989
064342807,379,366,745
064342808,750,652,1402
064342809,630,545,1175
064342810,541,527,1068
064342811,311,329,640
064342812,320,366,686
064342813,296,346,642
064342814,428,405,833
064342901,514,421,935
064342902,586,481,1067
064342903,431,396,827
064342904,398,401,799
064342905,408,346,754
064342906,379,383,762
064342907,462,442,904
064342908,421,378,799
064342909,479,470,949
064342910,293,270,563
064342911,279,258,537
064343001,368,294,662
064343002,306,286,592
064343003,383,369,752
064343004,448,409,857
064343005,459,377,836
064343006,455,383,838
064343007,501,405,906
064343008,325,281,606
064343009,430,404,834
064343101,539,439,978
064343102,303,263,566
064343103,361,289,650
064343104,299,271,570
064343105,456,401,857
064343106,352,224,576
064343107,241,170,411
064343108,241,163,404
064343109,265,193,458
064343110,220,151,371
064343111,234,167,401
064343112,270,218,488
064343113,350,244,594
064343114,274,244,518
064343115,158,164,322
064343201,569,330,899
064343202,394,271,665
064343203,242,208,450
064343204,168,128,296
064343205,244,175,419
064343206,239,157,396
064343207,425,356,781
064343208,403,308,711
064343209,494,419,913
064343210,460,406,866
064343211,330,299,629
064343212,325,259,584
064343213,417,274,691
064343301,395,382,777
064343302,514,459,973
064343303,473,418,891
064343304,329,287,616
064343305,451,359,810
064343306,441,454,895
064343307,459,411,870
064343308,331,287,618
064343401,457,433,890
064343402,466,551,1017
064343403,427,371,798
064343404,317,318,635
064343405,321,321,642
064343406,371,356,727
064343407,408,355,763
064343408,304,301,605
064343409,293,241,534
064343410,434,538,972
064343411,429,495,924
064343412,701,838,1539
064343413,551,465,1016
064343414,449,548,997
064343501,513,466,979
064343502,299,206,505
064343503,266,229,495
064343504,574,726,1300
064343505,207,189,396
064343506,429,367,796
064343507,376,374,750
064343508,567,716,1283
064343509,403,370,773
064343510,374,585,959
064343511,418,559,977
064343512,256,266,522
064343513,446,451,897
064343601,460,508,968
064343602,508,521,1029
064343603,487,408,895
064343604,485,362,847
064343605,418,360,778
064343606,487,472,959
064343607,358,290,648
064343608,411,293,704
064343701,291,298,589
064343702,382,326,708
064343703,321,286,607
064343704,439,368,807
064343705,451,398,849
064343706,434,402,836
064343707,408,360,768
064343708,320,284,604
064343801,232,189,421
064343802,457,345,802
064343803,425,330,755
064343804,407,347,754
064343805,316,229,545
064343806,505,314,819
064343807,279,165,444
064343808,475,372,847
064343809,385,280,665
064343901,395,254,649
064343902,343,239,582
064343903,402,326,728
064343904,334,241,575
064343905,445,347,792
064343906,387,327,714
064343907,410,333,743
064343908,246,179,425
064343909,338,442,780
064344001,509,474,983
064344002,472,450,922
064344003,281,265,546
064344004,223,169,392
064344005,318,218,536
064344006,336,260,596
064344007,371,281,652
064344008,481,404,885
064344101,368,351,719
064344102,367,340,707
064344103,558,430,988
064344104,433,499,932
064344105,437,418,855
064344106,448,516,964
064344107,248,262,510
064344108,477,495,972
064344201,485,528,1013
064344202,513,443,956
064344203,248,289,537
064344204,390,411,801
064344205,393,338,731
064344206,382,435,817
064344207,389,335,724
064344208,485,409,894
064344301,533,451,984
064344302,391,346,737
064344303,562,427,989
064344304,405,351,756
064344305,365,320,685
064344306,417,370,787
064344307,378,354,732
064344308,308,308,616
064344401,240,255,495
064344402,371,398,769
064344403,368,375,743
064344404,264,275,539
064344405,444,632,1076
064344406,590,868,1458
064344407,672,603,1275
064344408,308,318,626
064344409,297,256,553
064344410,393,367,760
064344411,382,321,703
064344412,576,468,1044
064344501,487,501,988
064344502,666,866,1532
064344503,433,539,972
064344504,461,519,980
064344505,553,562,1115
064344506,310,388,698
064344507,425,600,1025
064344508,441,650,1091
064344509,369,410,779
064344510,351,421,772
064344511,482,496,978
064344512,667,759,1426
064900101,308,422,730
064900102,417,566,983
064900103,299,357,656
064900104,352,444,796
064900105,380,511,891
064900106,301,407,708
064900107,308,405,713
064900108,310,442,752
064900109,281,457,738
064900110,235,302,537
064900111,341,471,812
064900112,377,544,921
064900113,211,285,496
064900114,303,439,742
064900201,639,881,1520
064900202,725,1006,1731
064900203,532,654,1186
064900204,365,642,1007
064900205,537,623,1160
064900206,559,636,1195
064900207,600,922,1522
064900208,829,913,1742
064900209,632,799,1431
064900210,555,641,1196
064900301,515,542,1057
064900302,545,669,1214
064900303,396,455,851
064900304,166,229,395
064900305,206,309,515
064900306,538,720,1258
064900307,386,416,802
064900308,340,377,717
064900309,508,535,1043
064900310,607,1008,1615
064900311,210,213,423
064900312,432,573,1005
064900313,507,452,959
064900401,613,613,1226
064900402,465,564,1029
064900403,368,511,879
064900404,319,478,797
064900405,412,671,1083
064900406,532,621,1153
064900407,485,762,1247
064900408,423,631,1054
064900409,253,456,709
064900410,407,529,936
064900411,650,680,1330
064900412,335,393,728
064900413,399,500,899
064900414,712,794,1506
064900501,394,497,891
064900502,515,611,1126
064900503,330,418,748
064900504,345,394,739
064900505,325,329,654
064900506,455,475,930
064900507,389,419,808
064900508,609,665,1274
064900509,422,384,806
064900510,684,727,1411
064900511,433,521,954
064900512,598,733,1331
064900513,305,341,646
064900514,441,559,1000
064900515,675,783,1458
064900516,677,847,1524
064900601,360,336,696
064900602,539,453,992
064900603,355,307,662
064900604,454,490,944
064900605,297,304,601
064900606,283,249,532
064900607,508,457,965
064900608,554,561,1115
064900609,292,418,710
064900610,320,305,625
064900611,417,284,701
064900612,411,339,750
064900613,506,378,884
064900614,405,585,990
064900615,439,461,900
064900701,331,389,720
064900702,367,455,822
064900703,506,614,1120
064900704,348,439,787
064900705,540,490,1030
064900706,595,485,1080
064900707,405,602,1007
064900708,315,255,570
064900709,308,321,629
064900710,418,468,886
064900711,325,339,664
064900712,476,520,996
064900713,361,351,712
064900714,381,351,732
064900715,406,463,869
064900801,305,330,635
064900802,311,322,633
064900803,594,486,1080
064900804,270,192,462
064900805,229,177,406
064900806,290,249,539
064900807,235,180,415
064900808,528,385,913
064900809,544,429,973
064900901,511,473,984
064900902,407,357,764
064900903,277,277,554
064900904,258,252,510
064900905,552,479,1031
064900906,475,399,874
064900907,372,316,688
064900908,379,314,693
064900909,319,208,527
064901001,301,328,629
064901002,523,479,1002
064901003,396,366,762
064901004,488,372,860
064901005,663,470,1133
064901006,263,237,500
064901007,311,240,551
064901008,450,280,730
064901009,354,379,733
064901010,449,399,848
064901011,494,498,992
064901012,452,356,808
064901013,515,360,875
064901014,388,298,686
064901015,429,300,729
064901101,243,163,406
064901102,396,337,733
064901103,386,334,720
064901104,440,349,789
064901105,461,345,806
064901106,206,154,360
064901107,205,143,348
064901108,171,138,309
064901109,235,162,397
064901110,260,175,435
064901111,220,159,379
064901112,289,183,472
064901113,401,336,737
064901114,423,385,808
064901115,336,256,592
064901116,471,374,845
064901117,455,273,728
064901118,365,285,650
064901201,381,313,694
064901202,572,415,987
064901203,461,375,836
064901204,264,212,476
064901205,259,218,477
064901206,476,407,883
064901207,463,361,824
064901208,427,341,768
064901209,455,369,824
064901210,441,415,856
064901301,537,426,963
064901302,552,409,961
064901303,470,373,843
064901304,340,222,562
064901305,315,311,626
064901306,491,530,1021
064901307,364,265,629
064901308,421,310,731
064901309,594,545,1139
064901310,560,575,1135
064901311,541,547,1088
064901312,419,501,920
064901313,433,454,887
064901314,482,652,1134
064901315,639,691,1330
064901401,470,443,913
064901402,506,472,978
064901403,323,328,651
064901404,325,395,720
064901405,445,431,876
064901406,334,307,641
064901407,408,317,725
064901408,395,311,706
064901409,369,334,703
064901410,540,540,1080
064901411,456,565,1021
064901412,552,749,1301
064901501,390,574,964
064901502,420,520,940
064901503,320,447,767
064901504,356,502,858
064901505,366,599,965
064901506,206,373,579
064901507,286,464,750
064901508,316,463,779
064901509,224,377,601
064901510,405,505,910
064901511,460,658,1118
064901601,582,718,1300
064901602,269,307,576
064901603,476,583,1059
064901604,260,259,519
064901605,484,541,1025
064901606,368,367,735
064901607,396,348,744
064901608,455,448,903
064901609,535,476,1011
064901701,491,593,1084
064901702,420,710,1130
064901703,346,501,847
064901704,534,604,1138
064901705,580,659,1239
064901706,574,647,1221
064901707,556,553,1109
064901708,662,661,1323
064901709,405,439,844
064901801,550,524,1074
064901802,464,392,856
064901803,503,466,969
064901804,581,512,1093
064901805,319,290,609
064901806,325,333,658
064901807,498,527,1025
064901808,496,473,969
064901809,530,484,1014
064901810,459,447,906
064901811,481,549,1030
064901812,582,614,1196
064901813,607,670,1277
064901814,626,661,1287
064901815,780,692,1472
064901816,415,497,912
064901901,479,406,885
064901902,410,358,768
064901903,346,302,648
064901904,277,284,561
064901905,381,320,701
064901906,410,325,735
064901907,553,435,988
064901908,362,325,687
064901909,241,200,441
064901910,449,443,892
064901911,321,314,635
064901912,287,246,533
064902001,454,374,828
064902002,402,379,781
064902003,510,492,1002
064902004,297,280,577
064902005,413,340,753
064902006,403,404,807
064902007,498,517,1015
064902008,340,295,635
064902009,302,296,598
064902101,550,420,970
064902102,529,381,910
064902103,511,397,908
064902104,391,282,673
064902105,451,357,808
064902106,431,329,760
064902107,417,308,725
064902108,197,134,331
064902109,279,242,521
064902110,460,307,767
064902201,415,291,706
064902202,348,211,559
064902203,316,214,530
064902204,183,149,332
064902205,279,143,422
064902206,291,141,432
064902207,196,107,303
064902208,108,92,200
064902209,318,249,567
064902210,460,238,698
064902211,279,163,442
064902212,54,34,88
064902301,397,367,764
064902302,328,254,582
064902303,400,344,744
064902304,371,331,702
064902305,430,442,872
064902306,448,322,770
064902307,314,244,558
064902308,128,73,201
064902309,312,219,531
064902310,226,204,430
064902311,269,151,420
064902312,278,120,398
064902313,226,138,364
064902401,380,305,685
064902402,466,328,794
064902403,331,232,563
064902404,456,312,768
064902405,376,286,662
064902406,373,294,667
064902407,273,181,454
064902408,217,108,325
064902409,183,100,283
064902410,272,200,472
064902411,221,120,341
064902501,452,446,898
064902502,427,295,722
064902503,377,329,706
064902504,371,291,662
064902505,323,285,608
064902506,412,356,768
064902507,426,320,746
064902508,529,424,953
064902601,442,376,818
064902602,397,287,684
064902603,463,393,856
064902604,206,212,418
064902605,337,252,589
064902606,516,330,846
064902607,520,494,1014
064902608,326,322,648
064902609,211,190,401
064902610,542,455,997
064902611,365,340,705
064902612,395,349,744
064902613,393,389,782
064902701,377,391,768
064902702,640,585,1225
064902703,443,408,851
064902704,349,300,649
064902705,620,591,1211
064902706,500,425,925
064902707,427,394,821
064902708,426,416,842
064902709,464,343,807
064902710,695,583,1278
064902711,682,706,1388
064902712,548,658,1206
064902713,235,286,521
064902801,413,474,887
064902802,325,305,630
064902803,580,457,1037
064902804,587,697,1284
064902805,445,378,823
064902806,597,508,1105
064902807,322,305,627
064902808,288,251,539
064902809,287,255,542
064902810,559,616,1175
064902811,411,349,760
064902901,540,648,1188
064902902,670,726,1396
064902903,461,522,983
064902904,469,661,1130
064902905,426,628,1054
064902906,527,835,1362
064902907,600,688,1288
064902908,629,694,1323
064902909,583,663,1246
064902910,434,624,1058
064902911,670,630,1300
064903001,382,438,820
064903002,714,965,1679
064903003,412,473,885
064903004,396,461,857
064903005,637,752,1389
064903006,502,456,958
064903007,412,443,855
064903008,463,451,914
064903009,486,413,899
064903010,540,494,1034
064903101,347,416,763
064903102,364,521,885
064903103,578,708,1286
064903104,540,743,1283
064903105,464,600,1064
064903106,429,806,1235
064903107,525,626,1151
064903108,586,770,1356
064903109,498,485,983
064903110,385,440,825
064903201,616,917,1533
064903202,637,820,1457
064903203,535,745,1280
064903204,436,586,1022
064903205,404,470,874
064903206,747,861,1608
064903207,468,599,1067
064903208,546,824,1370
064903209,388,376,764
064903210,425,599,1024
064903301,283,423,706
064903302,376,581,957
064903303,567,743,1310
064903304,471,503,974
064903305,627,860,1487
064903306,481,590,1071
064903307,314,482,796
064903308,363,603,966
064903309,496,703,1199
064903310,559,688,1247
064903401,748,1088,1836
064903402,588,722,1310
064903403,412,562,974
064903404,449,710,1159
064903405,534,830,1364
064903406,416,519,935
064903407,433,488,921
064903408,368,430,798
064903409,428,465,893
064903410,482,655,1137
064903411,515,670,1185
064903412,438,677,1115
064903413,527,724,1251
064903414,521,658,1179
064903415,344,468,812
064903501,355,426,781
064903502,378,422,800
064903503,444,642,1086
064903504,495,618,1113
064903505,444,533,977
064903506,567,722,1289
064903507,400,505,905
064903508,665,822,1487
064903509,373,440,813
064903510,432,592,1024
064903511,421,430,851
064903512,352,516,868
064903513,671,938,1609
064903514,534,776,1310
064903515,364,418,782
064903516,279,356,635
064903517,454,557,1011
064903518,574,582,1156
064903601,616,791,1407
064903602,569,848,1417
064903603,400,497,897
064903604,478,656,1134
064903605,414,525,939
064903606,514,582,1096
064903607,446,554,1000
064903608,413,520,933
064903609,406,493,899
064903610,602,738,1340
064903611,430,534,964
064903612,474,559,1033
064903701,480,629,1109
064903702,421,466,887
064903703,299,405,704
064903704,364,444,808
064903705,402,501,903
064903706,470,614,1084
064903707,318,533,851
064903708,313,359,672
064903709,769,940,1709
064903710,540,677,1217
064903711,803,845,1648
064903712,494,588,1082
064903713,665,790,1455
064903714,597,770,1367
064903801,267,406,673
064903802,442,707,1149
064903803,220,369,589
064903804,319,414,733
064903805,481,789,1270
064903806,365,679,1044
064903807,464,691,1155
064903808,692,936,1628
064903809,425,519,944
064903810,405,510,915
064903811,508,659,1167
064903812,332,499,831
064903813,308,379,687
064903814,330,446,776
064903815,264,354,618
064903816,730,846,1576
064903817,712,984,1696
064903901,357,578,935
064903902,248,339,587
064903903,980,1653,2633
064903904,454,1024,1478
064903905,596,905,1501
064903906,602,810,1412
064903907,269,359,628
064903908,361,564,925
064903909,441,689,1130
064903910,326,566,892
064903911,574,908,1482
064903912,415,542,957
064903913,265,476,741
064903914,537,697,1234
064903915,834,1058,1892
064903916,520,578,1098
064904001,290,484,774
064904002,342,487,829
064904003,434,628,1062
064904004,638,903,1541
064904005,325,594,919
064904006,721,1300,2021
064904007,416,905,1321
064904008,514,945,1459
064904009,642,1087,1729
064904010,488,844,1332
064904011,387,688,1075
064904012,756,1174,1930
064904013,564,930,1494
064904101,19,16,35
064904102,51,44,95
064904201,379,378,757
064904202,472,407,879
064904203,440,389,829
064904204,448,389,837
064904205,383,339,722
064904206,461,415,876
064904207,539,443,982
064904208,365,396,761
064904301,9,23,32
064904302,324,253,577
064904303,377,369,746
064904304,566,432,998
064904305,1,4,5
064904306,424,456,880
064904307,351,446,797
064904308,262,415,677
064904309,603,679,1282
064904310,492,504,996
064904311,269,281,550
064904312,403,391,794
064904313,408,419,827
064904314,356,255,611
064904401,372,372,744
064904402,533,404,937
064904403,473,344,817
064904404,554,556,1110
064904405,605,653,1258
064904406,580,564,1144
064904407,510,460,970
064904408,549,434,983
064904409,586,793,1379
064904410,398,373,771
064904411,408,335,743
064904412,371,443,814
064904413,429,489,918
064904501,361,415,776
064904502,544,492,1036
064904503,488,542,1030
064904504,536,597,1133
064904505,503,558,1061
064904506,488,498,986
064904507,239,233,472
064904508,320,291,611
064904601,461,298,759
064904602,348,255,603
064904603,387,334,721
064904604,398,333,731
064904605,183,114,297
064904606,236,210,446
064904607,422,373,795
064904608,362,331,693
064904609,423,354,777
064904610,397,494,891
064904611,557,454,1011
064904612,345,350,695
064904701,243,177,420
064904702,438,342,780
064904703,289,252,541
064904704,316,242,558
064904705,424,333,757
064904706,368,267,635
064904707,467,430,897
064904708,373,423,796
064904709,355,261,616
064904710,338,344,682
064904711,398,380,778
064904712,430,311,741
064904713,426,317,743
064904801,431,334,765
064904802,424,326,750
064904803,399,298,697
064904804,480,364,844
064904805,242,201,443
064904806,236,181,417
064904807,406,324,730
064904808,432,372,804
064904809,259,220,479
064904810,358,300,658
064904811,344,297,641
064904901,376,305,681
064904902,525,419,944
064904903,350,259,609
064904904,587,383,970
064904905,369,291,660
064904906,546,396,942
064904907,376,366,742
064904908,265,204,469
064904909,315,225,540
064904910,449,381,830
064904911,426,332,758
064905001,507,392,899
064905002,562,449,1011
064905003,401,313,714
064905004,154,163,317
064905005,380,329,709
064905006,526,478,1004
064905007,536,352,888
064905008,448,366,814
064905009,296,252,548
064905010,567,540,1107
064905011,327,320,647
064905101,333,337,670
064905102,372,437,809
064905103,313,305,618
064905104,264,273,537
064905105,559,629,1188
064905106,446,455,901
064905107,583,455,1038
064905108,472,486,958
064905109,401,342,743
064905110,279,209,488
064905111,246,184,430
065150101,268,311,579
065150102,1,0,1
065150103,635,941,1576
065150104,623,838,1461
065150105,647,898,1545
065150106,539,660,1199
065150107,365,440,805
065150108,731,960,1691
065150109,417,478,895
065150110,529,928,1457
065150111,559,923,1482
065150112,632,1072,1704
065150113,807,1144,1951
065150201,120,120,240
065150202,398,577,975
065150203,216,285,501
065150204,43,52,95
065150205,315,310,625
065150206,285,267,552
065150207,490,806,1296
065150208,549,521,1070
065150209,487,644,1131
065150210,729,925,1654
065150211,504,605,1109
065150212,397,598,995
065150213,279,450,729
065150214,567,916,1483
065150215,499,752,1251
065150216,368,619,987
065150301,490,665,1155
065150302,513,746,1259
065150303,551,707,1258
065150304,482,658,1140
065150305,298,440,738
065150306,402,578,980
065150307,446,540,986
065150308,365,412,777
065150309,402,461,863
065150310,448,505,953
065150311,388,424,812
065150312,465,523,988
065150313,322,357,679
065150314,423,428,851
065150401,472,592,1064
065150402,422,520,942
065150403,468,678,1146
065150404,329,317,646
065150405,417,447,864
065150406,569,798,1367
065150407,451,536,987
065150408,478,722,1200
065150409,485,525,1010
065150410,413,490,903
065150411,292,384,676
065150501,337,473,810
065150502,310,473,783
065150503,669,870,1539
065150504,619,788,1407
065150505,422,440,862
065150506,580,519,1099
065150507,522,482,1004
065150508,384,295,679
065150509,482,568,1050
065150510,138,149,287
065150511,751,800,1551
065150512,577,716,1293
065150601,374,488,862
065150602,460,521,981
065150603,317,452,769
065150604,404,499,903
065150605,264,322,586
065150606,594,516,1110
065150607,549,610,1159
065150608,403,446,849
065150609,624,703,1327
065150610,324,481,805
065150611,291,358,649
065150612,335,346,681
065150613,255,307,562
065150614,440,470,910
065150615,339,307,646
065150616,412,430,842
065150701,698,929,1627
065150702,433,592,1025
065150703,415,536,951
065150704,792,979,1771
065150705,416,519,935
065150706,474,566,1040
065150707,545,551,1096
065150708,554,762,1316
065150709,654,797,1451
065150710,363,455,818
065150711,261,318,579
065150712,685,744,1429
065150713,365,418,783
065150714,364,455,819
065150801,628,619,1247
065150802,473,471,944
065150803,432,531,963
065150804,369,422,791
065150805,330,406,736
065150806,344,425,769
065150807,487,555,1042
065150808,529,521,1050
065150809,583,562,1145
065150810,457,607,1064
065150811,500,630,1130
065150812,462,461,923
065150901,420,335,755
065150902,585,604,1189
065150903,387,444,831
065150904,324,384,708
065150905,608,652,1260
065150906,486,476,962
065150907,356,332,688
065150908,386,379,765
065150909,585,647,1232
065150910,629,728,1357
065150911,387,482,869
065150912,411,585,996
065150913,518,831,1349
065150914,485,654,1139
065151001,466,516,982
065151002,698,784,1482
065151003,579,638,1217
065151004,381,347,728
065151005,421,399,820
065151006,474,593,1067
065151007,121,135,256
065151008,562,679,1241
065151009,427,615,1042
065151010,339,337,676
065151011,317,408,725
065151012,261,260,521
065151013,376,547,923
065151014,490,560,1050
065151015,402,423,825
065151101,462,544,1006
065151102,553,650,1203
065151103,533,606,1139
065151104,349,342,691
065151105,318,325,643
065151106,400,331,731
065151107,366,348,714
065151108,386,441,827
065151109,527,599,1126
065151110,585,601,1186
065151111,341,436,777
065151112,330,464,794
065151113,462,493,955
065151201,397,407,804
065151202,352,453,805
065151203,397,621,1018
065151204,327,453,780
065151205,462,560,1022
065151206,393,473,866
065151207,759,673,1432
065151208,369,415,784
065151209,561,760,1321
065151210,428,451,879
065151211,486,611,1097
065151212,488,539,1027
065151213,381,544,925
065151214,437,460,897
065151215,377,479,856
065151216,414,508,922
065151217,371,355,726
065151301,452,552,1004
065151302,444,590,1034
065151303,375,469,844
065151304,459,495,954
065151305,652,642,1294
065151306,642,735,1377
065151307,340,374,714
065151308,360,472,832
065151309,610,699,1309
065151310,537,598,1135
065151311,634,623,1257
065151312,520,677,1197
065151313,468,430,898
065151314,363,461,824
065151401,371,656,1027
065151402,403,496,899
065151403,446,724,1170
065151404,703,980,1683
065151405,246,322,568
065151406,415,525,940
065151407,363,395,758
065151408,693,853,1546
065151409,372,392,764
065151410,499,672,1171
065151411,509,446,955
065151501,603,599,1202
065151502,429,457,886
065151503,486,697,1183
065151504,494,658,1152
065151505,499,786,1285
065151506,532,700,1232
065151507,543,720,1263
065151508,576,665,1241
065151509,491,594,1085
065151510,560,703,1263
065151511,535,739,1274
065151512,479,532,1011
065151513,572,641,1213
065151601,421,363,784
065151602,413,522,935
065151603,335,420,755
065151604,279,369,648
065151605,310,368,678
065151606,360,574,934
065151607,484,658,1142
065151608,509,720,1229
065151609,353,446,799
065151701,496,605,1101
065151702,526,563,1089
065151703,253,261,514
065151704,261,287,548
065151705,278,292,570
065151706,512,826,1338
065151707,418,535,953
065151708,193,237,430
065151709,137,145,282
065151710,428,626,1054
065151801,636,894,1530
065151802,432,542,974
065151803,527,778,1305
065151804,504,826,1330
065151805,410,687,1097
065151806,467,817,1284
065151807,449,743,1192
065151808,365,574,939
065151809,353,361,714
065151810,411,583,994
065151811,397,590,987
065151812,506,805,1311
065151813,453,605,1058
065151901,617,820,1437
065151902,440,542,982
065151903,550,823,1373
065151904,593,827,1420
065151905,416,589,1005
065151906,364,460,824
065151907,736,936,1672
065151908,560,758,1318
065151909,476,642,1118
065151910,629,812,1441
065151911,682,933,1615
065151912,404,414,818
065151913,197,318,515
065151914,362,416,778
065152001,654,859,1513
065152002,353,483,836
065152003,417,605,1022
065152004,355,504,859
065152005,385,530,915
065152006,318,383,701
065152007,392,371,763
065152008,436,595,1031
065152009,478,620,1098
065152010,652,772,1424
065152011,304,380,684
065152012,314,406,720
065152013,603,676,1279
065152014,694,872,1566
065152015,598,688,1286
065152101,183,206,389
065152102,245,279,524
065152103,290,322,612
065152104,307,425,732
065152105,364,455,819
065152106,402,423,825
065152107,319,317,636
065152108,374,538,912
065152109,508,615,1123
065152110,491,606,1097
065152111,425,452,877
065152112,446,434,880
065152113,396,485,881
065152114,310,375,685
065152115,245,409,654
065390101,533,725,1258
065390102,482,574,1056
065390103,333,554,887
065390104,410,535,945
065390105,541,638,1179
065390106,636,769,1405
065390107,450,651,1101
065390108,448,624,1072
065390109,365,441,806
065390110,349,456,805
065390111,458,640,1098
065390112,420,410,830
065390113,393,426,819
065390114,539,493,1032
065390201,362,313,675
065390202,331,370,701
065390203,419,456,875
065390204,716,591,1307
065390205,385,383,768
065390206,573,571,1144
065390207,587,517,1104
065390208,586,547,1133
065390209,296,257,553
065390210,320,352,672
065390211,406,425,831
065390212,346,341,687
065390213,377,332,709
065390214,316,310,626
065390301,436,450,886
065390302,404,462,866
065390303,438,401,839
065390304,467,668,1135
065390305,449,403,852
065390306,393,272,665
065390307,443,413,856
065390308,237,252,489
065390309,406,343,749
065390310,596,616,1212
065390311,571,514,1085
065390401,645,712,1357
065390402,679,567,1246
065390403,541,537,1078
065390404,661,732,1393
065390405,426,472,898
065390406,732,574,1306
065390407,243,173,416
065390408,547,439,986
065390409,651,524,1175
065390410,369,331,700
065390411,498,370,868
065390412,420,389,809
065390413,346,262,608
065390414,267,189,456
065390501,371,379,750
065390502,598,533,1131
065390503,625,565,1190
065390504,491,502,993
065390505,368,383,751
065390506,399,371,770
065390507,561,572,1133
065390508,513,408,921
065390509,594,534,1128
065390601,601,614,1215
065390602,381,372,753
065390603,434,321,755
065390604,416,426,842
065390605,368,311,679
065390606,672,616,1288
065390607,644,745,1389
065390608,514,569,1083
065390609,415,399,814
065390701,570,561,1131
065390702,501,531,1032
065390703,626,602,1228
065390704,743,877,1620
065390705,484,608,1092
065390706,492,596,1088
065390707,278,339,617
065390708,457,464,921
065390709,633,586,1219
065390801,315,365,680
065390802,415,402,817
065390803,510,607,1117
065390804,397,393,790
065390805,595,766,1361
065390806,396,523,919
065390807,413,505,918
065390808,771,999,1770
065390809,500,692,1192
065390810,434,522,956
065390811,388,480,868
065390812,1129,1497,2626
065390813,478,607,1085
065390814,425,519,944
065390815,404,609,1013
065390901,52,61,113
065390902,222,279,501
065390903,423,617,1040
065390904,535,677,1212
065390905,521,719,1240
065390906,589,937,1526
065390907,741,1128,1869
065390908,590,860,1450
065390909,132,165,297
065390910,546,822,1368
065390911,240,541,781
065390912,553,658,1211
065391001,513,686,1199
065391002,567,723,1290
065391003,523,727,1250
065391004,432,529,961
065391005,289,343,632
065391006,353,470,823
065391007,872,1466,2338
065391008,719,1066,1785
065391009,557,914,1471
065391010,681,932,1613
065391011,623,834,1457
065391012,750,885,1635
065391013,613,819,1432
065391014,540,772,1312
065391015,462,575,1037
065391016,613,908,1521
065391017,152,214,366
065391101,430,473,903
065391102,584,646,1230
065391103,405,483,888
065391104,480,586,1066
065391105,327,587,914
065391106,325,476,801
065391107,758,853,1611
065391108,726,928,1654
065391109,543,601,1144
065391110,499,737,1236
065391111,479,660,1139
065391112,369,392,761
065391113,463,577,1040
065391114,565,860,1425
065391115,554,675,1229
065391116,579,666,1245
065391201,457,702,1159
065391202,360,535,895
065391203,476,647,1123
065391204,632,951,1583
065391205,386,593,979
065391206,424,534,958
065391207,455,541,996
065391208,483,763,1246
065391209,451,740,1191
065391210,477,632,1109
065391211,396,542,938
065391212,518,741,1259
065391213,446,603,1049
065391214,403,669,1072
065391215,348,540,888
065391301,675,808,1483
065391302,373,504,877
065391303,398,505,903
065391304,447,780,1227
065391305,437,500,937
065391306,508,593,1101
065391307,412,531,943
065391308,486,477,963
065391309,314,461,775
065391401,464,428,892
065391402,288,294,582
065391403,387,360,747
065391404,327,325,652
065391405,324,335,659
065391406,585,658,1243
065391407,678,879,1557
065391408,483,595,1078
065391409,757,703,1460
065391410,375,359,734
065391411,372,395,767
065391412,387,529,916
065391413,376,510,886
065391414,390,462,852
065391415,373,464,837
065391416,417,410,827
065391501,304,250,554
065391502,316,307,623
065391503,267,199,466
065391504,613,640,1253
065391505,260,159,419
065391506,304,260,564
065391507,381,369,750
065391508,342,300,642
065391509,338,313,651
065391510,262,267,529
065391511,401,443,844
065391601,355,333,688
065391602,635,603,1238
065391603,260,250,510
065391604,254,215,469
065391605,271,190,461
065391606,343,294,637
065391607,592,458,1050
065391608,313,304,617
065391609,288,313,601
065391610,422,391,813
065391611,474,369,843
065391701,450,595,1045
065391702,403,596,999
065391703,412,556,968
065391704,464,512,976
065391705,474,595,1069
065391706,346,512,858
065391707,379,377,756
065391708,374,357,731
065391709,253,225,478
065391710,404,434,838
065391711,331,351,682
065391712,316,347,663
065391713,416,330,746
065391714,351,337,688
065391715,317,278,595
065391716,247,173,420
065391717,320,282,602
065391801,525,751,1276
065391802,540,548,1088
065391803,571,765,1336
065391804,459,404,863
065391805,530,635,1165
065391806,542,730,1272
065391807,532,779,1311
065391808,529,725,1254
065391809,566,636,1202
065391901,414,543,957
065391902,469,579,1048
065391903,440,507,947
065391904,385,514,899
065391905,448,607,1055
065391906,325,548,873
065391907,435,523,958
065391908,369,499,868
065391909,419,488,907
065392001,330,394,724
065392002,115,90,205
065392003,380,475,855
065392004,405,478,883
065392005,406,559,965
065392006,539,614,1153
065392007,314,278,592
065392008,650,747,1397
065392009,597,810,1407
065392010,616,860,1476
065392011,527,719,1246
065392012,577,788,1365
065392013,329,505,834
065392014,325,546,871
065392101,399,377,776
065392102,308,364,672
065392103,564,602,1166
065392104,619,670,1289
065392105,378,364,742
065392106,325,402,727
065392107,410,394,804
065392108,335,358,693
065392201,662,771,1433
065392202,687,884,1571
065392203,616,723,1339
065392204,498,539,1037
065392205,551,679,1230
065392206,605,668,1273
065392207,647,769,1416
065392208,669,779,1448
065392301,420,469,889
065392302,464,698,1162
065392303,401,608,1009
065392304,414,529,943
065392305,564,801,1365
065392306,550,704,1254
065392307,382,587,969
065392308,425,684,1109
065392309,512,695,1207
065392310,444,644,1088
065392311,491,674,1165
065392312,576,893,1469
065392313,494,744,1238
065392314,466,620,1086
065392401,649,819,1468
065392402,385,494,879
065392403,330,444,774
065392404,604,752,1356
065392405,396,573,969
065392406,389,463,852
065392407,363,502,865
065392408,311,454,765
065392409,344,457,801
065392410,333,438,771
065392411,412,529,941
065392412,391,483,874
065392413,360,587,947
065392414,569,885,1454
065392415,631,941,1572
065392501,643,808,1451
065392502,502,635,1137
065392503,685,880,1565
065392504,333,428,761
065392505,396,499,895
065392506,358,529,887
065392507,464,582,1046
065392508,567,686,1253
065392509,560,944,1504
065392510,493,711,1204
065392511,331,487,818
065392512,368,431,799
065392601,550,786,1336
065392602,606,908,1514
065392603,364,582,946
065392604,330,625,955
065392605,533,647,1180
065392606,473,680,1153
065392607,611,953,1564
065392608,546,741,1287
065392609,506,687,1193
065392610,515,613,1128
065392611,366,556,922
065392612,546,745,1291
065392613,288,401,689
065392614,333,506,839
065392701,652,786,1438
065392702,489,761,1250
065392703,582,761,1343
065392704,504,594,1098
065392705,485,517,1002
065392706,574,778,1352
065392707,559,614,1173
065392708,590,680,1270
065392709,528,658,1186
065392710,431,578,1009
065392711,540,720,1260
065392712,578,806,1384
065392801,349,530,879
065392802,476,542,1018
065392803,448,561,1009
065392804,577,785,1362
065392805,533,689,1222
065392806,647,866,1513
065392807,484,688,1172
065392808,600,804,1404
065392809,421,550,971
065392810,599,757,1356
065392811,573,728,1301
065392812,424,470,894
065392901,49,75,124
065392902,93,129,222
065392903,116,152,268
065392904,75,168,243
065392905,112,193,305
065392906,173,262,435
065392907,153,267,420
065392908,135,197,332
065392909,144,297,441
065392910,39,83,122
065392911,206,418,624
065392912,92,160,252
065392913,87,102,189
065392914,319,505,824
065392915,193,310,503
065392916,480,746,1226
065392917,29,28,57
065392918,349,519,868
065392919,274,398,672
065392920,516,919,1435
065392921,468,709,1177
065392922,433,682,1115
065392923,453,445,898
065392924,603,809,1412
065392925,434,530,964
065393001,510,876,1386
065393002,546,866,1412
065393003,383,576,959
065393004,570,733,1303
065393005,349,649,998
065393006,308,488,796
065393007,252,383,635
065393008,318,460,778
065393009,517,596,1113
065393010,463,493,956
065393011,416,594,1010
065393012,367,569,936
065393013,454,739,1193
065393014,638,959,1597
065393015,430,464,894
065393016,505,530,1035
065393101,491,700,1191
065393102,522,809,1331
065393103,506,731,1237
065393104,629,909,1538
065393105,397,572,969
065393106,533,829,1362
065393107,553,958,1511
065393108,372,558,930
065393109,457,682,1139
065393110,566,690,1256
065393111,533,686,1219
065393112,516,565,1081
065393113,451,656,1107
065393114,331,460,791
065393115,402,594,996
065393116,529,749,1278
065393117,527,615,1142
065393201,485,848,1333
065393202,498,793,1291
065393203,566,953,1519
065393204,446,575,1021
065393205,509,847,1356
065393206,505,811,1316
065393207,486,775,1261
065393208,457,769,1226
065393209,363,401,764
065393210,389,467,856
065393211,564,796,1360
065393212,53,79,132
065393213,343,425,768
065393214,324,506,830
065393215,662,809,1471
065393301,467,530,997
065393302,384,525,909
065393303,449,537,986
065393304,295,459,754
065393305,226,382,608
065393306,391,589,980
065393307,498,791,1289
065393308,557,840,1397
065393309,522,968,1490
065393310,390,605,995
065393311,219,299,518
065393312,457,539,996
065393313,547,643,1190
065393314,227,379,606
065393315,239,296,535
065393316,13,20,33
065393401,436,593,1029
065393402,432,807,1239
065393403,392,700,1092
065393404,452,612,1064
065393405,481,694,1175
065393406,444,662,1106
065393407,545,745,1290
065393408,567,718,1285
065393409,499,856,1355
065393410,450,581,1031
065393411,409,596,1005
065393412,422,588,1010
065393413,543,575,1118
065393414,588,772,1360
065393415,347,490,837
065393416,65,67,132
065393417,380,572,952
065393418,292,395,687
065600101,527,737,1264
065600102,558,725,1283
065600103,527,733,1260
065600104,460,675,1135
065600105,725,971,1696
065600106,388,518,906
065600107,385,491,876
065600108,485,798,1283
065600109,448,730,1178
065600110,446,594,1040
065600111,430,675,1105
065600112,405,589,994
065600113,445,548,993
065600114,523,1183,1706
065600115,322,508,830
065600201,540,812,1352
065600202,630,759,1389
065600203,591,720,1311
065600204,642,965,1607
065600205,512,687,1199
065600206,567,885,1452
065600207,529,751,1280
065600208,524,753,1277
065600209,542,887,1429
065600210,565,825,1390
065600211,1101,1567,2668
065600212,403,599,1002
065600213,428,652,1080
065600214,457,739,1196
065600215,486,842,1328
065600216,855,980,1835
065600301,1268,2302,3570
065600302,673,923,1596
065600303,435,583,1018
065600304,405,522,927
065600305,398,523,921
065600306,399,538,937
065600307,628,1046,1674
065600308,495,621,1116
065600309,610,817,1427
065600310,515,717,1232
065600311,524,661,1185
065600312,456,592,1048
065600313,298,312,610
065600314,356,416,772
065600315,461,737,1198
065600316,100,145,245
065600401,373,560,933
065600402,435,442,877
065600403,743,942,1685
065600404,650,910,1560
065600405,457,733,1190
065600406,319,459,778
065600407,363,516,879
065600408,329,377,706
065600409,549,599,1148
065600410,543,673,1216
065600411,439,553,992
065600412,438,504,942
065600413,398,413,811
065600414,366,415,781
065600415,388,397,785
065600416,396,458,854
065600417,618,631,1249
065600418,428,414,842
065600419,559,761,1320
065600420,568,656,1224
065600501,280,359,639
065600502,504,675,1179
065600503,262,342,604
065600504,449,715,1164
065600505,149,134,283
065600506,83,105,188
065600507,493,598,1091
065600508,109,159,268
065600509,120,151,271
065600510,567,686,1253
065600511,447,554,1001
065600512,409,518,927
065600513,565,794,1359
065600514,482,693,1175
065600515,363,521,884
065600601,511,645,1156
065600602,584,833,1417
065600603,594,756,1350
065600604,369,476,845
065600605,943,1332,2275
065600606,607,797,1404
065600607,1729,2284,4013
065600608,578,671,1249
065600609,555,790,1345
065600610,442,627,1069
065600611,574,645,1219
065600612,527,719,1246
065600613,368,405,773
065600614,284,392,676
065600615,328,482,810
065600616,467,668,1135
065600617,438,704,1142
065600618,356,548,904
065600701,299,430,729
065600702,469,537,1006
065600703,469,563,1032
065600704,403,459,862
065600705,532,665,1197
065600706,635,830,1465
065600707,306,460,766
065600708,123,203,326
065600709,246,484,730
065600710,246,405,651
065600711,265,358,623
065600712,264,377,641
065600713,508,749,1257
065600714,629,822,1451
065600715,471,814,1285
065600716,676,937,1613
065600717,595,701,1296
065600718,404,561,965
065600801,452,560,1012
065600802,447,530,977
065600803,446,473,919
065600804,422,452,874
065600805,380,502,882
065600806,412,540,952
065600807,547,685,1232
065600808,558,672,1230
065600809,382,394,776
065600810,402,455,857
065600811,354,482,836
065600812,295,397,692
065600901,259,365,624
065600902,124,169,293
065600903,64,108,172
065600904,202,234,436
065600905,136,208,344
065600906,142,173,315
065600907,233,201,434
065600908,108,155,263
065600909,141,167,308
065600910,73,84,157
065600911,69,80,149
065600912,111,153,264
065601001,206,269,475
065601002,400,417,817
065601003,400,531,931
065601004,511,706,1217
065601005,529,700,1229
065601006,525,711,1236
065601007,603,864,1467
065601008,506,593,1099
065601009,444,671,1115
065601010,543,710,1253
065601011,513,598,1111
065601012,484,612,1096
065601013,437,540,977
065601101,374,532,906
065601102,561,598,1159
065601103,346,367,713
065601104,304,492,796
065601105,315,467,782
065601106,329,511,840
065601107,562,719,1281
065601108,524,737,1261
065601109,538,686,1224
065601110,595,756,1351
065601111,590,788,1378
065601112,475,724,1199
065601113,572,708,1280
065601114,494,530,1024
065601115,408,554,962
065601116,311,346,657
065601117,338,415,753
065601201,533,580,1113
065601202,480,542,1022
065601203,612,773,1385
065601204,286,402,688
065601205,455,575,1030
065601206,400,406,806
065601207,382,477,859
065601208,394,407,801
065601209,689,775,1464
065601210,378,470,848
065601211,312,365,677
065601212,397,480,877
065601213,417,461,878
065601214,585,664,1249
065601215,370,373,743
065601216,327,357,684
065601301,511,592,1103
065601302,574,706,1280
065601303,668,946,1614
065601304,426,550,976
065601305,514,754,1268
065601306,408,477,885
065601307,624,801,1425
065601308,507,555,1062
065601309,477,494,971
065601310,609,893,1502
065601311,675,854,1529
065601401,581,1055,1636
065601402,570,782,1352
065601403,431,601,1032
065601404,458,696,1154
065601405,462,888,1350
065601406,517,862,1379
065601407,362,532,894
065601408,703,959,1662
065601409,303,527,830
065601410,356,475,831
065601411,394,577,971
065601412,506,717,1223
065601413,448,663,1111
065601414,493,659,1152
065601501,401,557,958
065601502,270,369,639
065601503,395,591,986
065601504,389,582,971
065601505,407,487,894
065601506,428,499,927
065601507,315,445,760
065601508,859,1748,2607
065601509,627,1030,1657
065601510,388,562,950
065601511,516,780,1296
065601512,542,842,1384
065601513,521,788,1309
065601514,520,788,1308
065601515,542,869,1411
065601516,517,557,1074
065601601,409,569,978
065601602,375,485,860
065601603,394,608,1002
065601604,437,639,1076
065601605,444,616,1060
065601606,586,717,1303
065601607,445,671,1116
065601608,520,798,1318
065601609,530,699,1229
065601610,481,674,1155
065601611,565,733,1298
065601612,630,842,1472
065601613,526,707,1233
065601614,544,788,1332
065601615,328,470,798
065601616,300,374,674
065601701,486,759,1245
065601702,407,595,1002
065601703,437,556,993
065601704,194,399,593
065601705,319,353,672
065601706,321,320,641
065601707,226,282,508
065601708,135,134,269
065601709,85,98,183
065601710,185,160,345
065601711,249,275,524
065601712,182,170,352
065601713,287,525,812
065601714,195,428,623
065601715,232,314,546
065601716,317,452,769
065601717,369,445,814
065601718,221,362,583
065601719,582,659,1241
065601720,269,424,693
065601721,249,400,649
065601722,337,354,691
065601723,344,344,688
065601724,362,339,701
065601801,312,376,688
065601802,455,646,1101
065601803,312,410,722
065601804,286,385,671
065601805,234,313,547
065601806,804,782,1586
065601807,314,302,616
065601808,233,280,513
065601809,501,788,1289
065601810,650,834,1484
065601811,537,716,1253
065601812,357,382,739
065601813,412,460,872
065601814,605,755,1360
065601815,554,637,1191
065601901,309,454,763
065601902,379,498,877
065601903,413,757,1170
065601904,378,591,969
065601905,246,353,599
065601906,250,357,607
065601907,434,479,913
065601908,398,404,802
065601909,368,494,862
065601910,492,712,1204
065601911,351,411,762
065601912,355,388,743
065601913,261,291,552
065601914,302,446,748
065601915,426,739,1165
065601916,262,365,627
065601917,237,320,557
065601918,146,233,379
065601919,225,344,569
065601920,241,330,571
065602001,574,1425,1999
065602002,519,674,1193
065602003,550,710,1260
065602004,537,666,1203
065602005,395,592,987
065602006,390,799,1189
065602007,419,738,1157
065602008,335,707,1042
065602009,399,724,1123
065602010,470,699,1169
065602011,381,510,891
065602012,407,492,899
065602013,598,860,1458
065602014,513,564,1077
065602101,473,636,1109
065602102,272,315,587
065602103,294,459,753
065602104,224,391,615
065602105,332,431,763
065602106,330,487,817
065602107,583,851,1434
065602108,620,654,1274
065602109,526,664,1190
065602110,325,405,730
065602111,631,772,1403
065602112,340,393,733
065602113,456,512,968
065602201,354,512,866
065602202,419,576,995
065602203,495,575,1070
065602204,504,640,1144
065602205,565,688,1253
065602206,362,378,740
065602207,342,387,729
065602208,611,465,1076
065602209,465,516,981
065602210,449,592,1041
065602301,501,488,989
065602302,409,557,966
065602303,349,410,759
065602304,472,744,1216
065602305,463,538,1001
065602306,477,496,973
065602307,450,436,886
065602308,367,334,701
065602309,281,164,445
065602310,316,245,561
065602311,207,132,339
065602312,373,260,633
065602313,430,368,798
065602314,292,264,556
065602315,338,301,639
065602316,404,369,773
065602317,500,407,907
065602401,283,230,513
065602402,268,181,449
065602403,319,314,633
065602404,418,308,726
065602405,386,402,788
065602406,406,436,842
065602407,455,471,926
065602408,431,382,813
065602409,303,281,584
065602410,269,262,531
065602411,401,304,705
065602412,256,183,439
065602413,257,269,526
065602414,332,243,575
065602415,220,231,451
065602416,389,374,763
065602417,552,715,1267
065602501,345,286,631
065602502,375,352,727
065602503,503,472,975
065602504,588,710,1298
065602505,333,292,625
065602506,365,381,746
065602507,368,371,739
065602508,543,674,1217
065602509,581,727,1308
065602510,743,641,1384
065602511,364,405,769
065602512,340,465,805
065602513,603,743,1346
065602514,473,542,1015
065680101,252,245,497
065680102,442,440,882
065680103,517,446,963
065680201,392,466,858
065680202,329,216,545
065680203,491,395,886
065680204,371,334,705
065680205,414,357,771
065680206,461,440,901
065680207,446,454,900
065680208,486,501,987
065680209,624,596,1220
065680210,307,310,617
065680211,511,447,958
065680212,369,386,755
065680301,460,438,898
065680302,561,441,1002
065680303,449,456,905
065680304,371,393,764
065680305,346,351,697
065680306,302,385,687
065680307,292,339,631
065680308,380,464,844
065680309,467,435,902
065680310,262,520,782
065680311,546,544,1090
065680312,487,435,922
065680313,609,566,1175
065680314,1096,1360,2456
065680315,666,1082,1748
065680316,438,746,1184
065680401,319,298,617
065680402,327,265,592
065680403,317,294,611
065680404,463,290,753
065680405,519,368,887
065680406,273,242,515
065680407,404,311,715
065680408,499,369,868
065680409,530,484,1014
065680410,438,334,772
065680411,542,365,907
065680501,427,330,757
065680502,636,521,1157
065680503,368,274,642
065680504,330,264,594
065680505,584,403,987
065680506,444,348,792
065680507,450,378,828
065680508,542,435,977
065680509,314,280,594
065680510,305,277,582
065680601,660,506,1166
065680602,471,314,785
065680603,432,333,765
065680604,414,381,795
065680605,459,358,817
065680606,448,352,800
065680607,555,392,947
065680608,415,322,737
065680609,530,419,949
065680610,243,201,444
065680611,183,162,345
065680701,427,374,801
065680702,408,383,791
065680703,306,285,591
065680704,341,314,655
065680705,379,368,747
065680706,556,469,1025
065680707,441,323,764
065680708,366,365,731
065680801,458,446,904
065680802,451,412,863
065680803,393,393,786
065680804,503,464,967
065680805,576,494,1070
065680806,509,477,986
065680807,470,423,893
065680808,478,459,937
065680901,283,240,523
065680902,310,342,652
065680903,563,511,1074
065680904,332,297,629
065680905,267,320,587
065680906,396,318,714
065680907,515,473,988
065680908,251,196,447
065680909,344,302,646
065680910,568,410,978
065680911,322,247,569
065680912,283,248,531
065681001,452,492,944
065681002,195,260,455
065681003,202,249,451
065681004,412,384,796
065681005,399,384,783
065681006,286,311,597
065681007,261,284,545
065681008,472,485,957
065681009,456,378,834
065681010,335,266,601
065681011,319,267,586
065681012,462,404,866
065681013,517,413,930
065681014,362,273,635
065681015,328,329,657
065681016,421,307,728
065681017,402,360,762
065681101,417,289,706
065681102,539,424,963
065681103,361,270,631
065681104,242,214,456
065681105,314,258,572
065681106,440,328,768
065681107,400,367,767
065681108,519,401,920
065681109,318,221,539
065681110,299,239,538
065681111,383,276,659
065681112,428,372,800
065681201,386,288,674
065681202,454,362,816
065681203,432,401,833
065681204,416,298,714
065681205,516,423,939
065681206,538,479,1017
065681207,527,469,996
065681208,292,263,555
065681209,309,290,599
065681210,370,357,727
065681301,298,259,557
065681302,305,248,553
065681303,390,300,690
065681304,409,376,785
065681305,435,394,829
065681306,495,536,1031
065681307,622,533,1155
065681308,480,516,996
065681309,521,527,1048
065681310,493,639,1132
065681401,289,391,680
065681402,402,401,803
065681403,629,502,1131
065681404,293,245,538
065681405,293,249,542
065681406,273,231,504
065681407,391,354,745
065681408,364,260,624
065681409,424,365,789
065681410,462,386,848
065681501,376,354,730
065681502,422,501,923
065681503,439,350,789
065681504,562,618,1180
065681505,409,423,832
065681506,403,411,814
065681507,487,422,909
065681508,557,507,1064
065681509,293,258,551
065681510,423,380,803
065681601,473,566,1039
065681602,474,506,980
065681603,335,416,751
065681604,650,543,1193
065681605,475,372,847
065681606,465,490,955
065681607,353,314,667
065681608,300,277,577
065681609,546,603,1149
065681610,534,459,993
065681611,448,378,826
065681612,584,388,972
065681701,561,522,1083
065681702,517,574,1091
065681703,358,370,728
065681704,307,304,611
065681705,580,524,1104
065681706,574,565,1139
065681707,559,447,1006
065681708,524,464,988
065681709,388,284,672
065681710,431,312,743
065681711,498,318,816
065681712,437,307,744
065681801,279,220,499
065681802,181,105,286
065681803,223,168,391
065681804,253,168,421
065681805,345,226,571
065681806,223,163,386
065681807,503,352,855
065681808,380,284,664
065681809,531,381,912
065681810,483,397,880
065681811,479,316,795
065681812,469,322,791
065681813,405,293,698
065681814,350,243,593
065681901,353,318,671
065681902,578,431,1009
065681903,630,488,1118
065681904,357,286,643
065681905,399,315,714
065681906,609,535,1144
065681907,521,466,987
065681908,545,472,1017
065681909,546,472,1018
065681910,310,270,580
065681911,545,634,1179
065682001,530,419,949
065682002,308,222,530
065682003,381,281,662
065682004,390,311,701
065682005,336,229,565
065682006,267,212,479
065682007,317,262,579
065682008,523,385,908
065682009,671,449,1120
065682010,436,382,818
065682011,548,560,1108
065682012,531,485,1016
065682013,379,305,684
065682014,326,330,656
065682101,184,160,344
065682102,158,143,301
065682103,150,151,301
065682104,257,233,490
065682105,140,121,261
065682106,126,83,209
065682107,32,34,66
065682108,145,112,257
065682109,198,143,341
065682110,190,139,329
065682111,132,113,245
065682112,221,221,442
065682113,454,363,817
065682201,233,231,464
065682202,195,142,337
065682203,194,161,355
065682204,268,231,499
065682205,157,171,328
065682206,329,268,597
065682207,187,189,376
065682208,268,227,495
065682209,228,235,463
065682210,268,197,465
065682211,208,146,354
065682212,221,216,437
065682213,378,310,688
065682214,427,510,937
065682215,214,193,407
065682216,258,301,559
065682217,247,266,513
065682218,160,158,318
065682301,301,324,625
065682302,269,310,579
065682303,365,322,687
065682304,290,273,563
065682305,255,242,497
065682306,476,451,927
065682307,483,465,948
065682308,589,501,1090
065682309,483,357,840
065682310,376,304,680
065682311,349,314,663
065682401,488,518,1006
065682402,423,424,847
065682403,261,202,463
065682404,510,520,1030
065682405,484,449,933
065682406,326,348,674
065682407,369,344,713
065682408,568,589,1157
065682409,343,347,690
065682410,312,364,676
065682501,238,217,455
065682502,503,410,913
065682503,504,430,934
065682504,538,565,1103
065682505,311,293,604
065682506,606,744,1350
065682507,644,730,1374
065682508,525,665,1190
065682509,414,582,996
065682510,373,607,980
065682511,597,694,1291
065682512,588,604,1192
065682601,355,246,601
065682602,481,455,936
065682603,466,497,963
065682604,275,302,577
065682605,274,189,463
065682606,286,291,577
065682607,537,612,1149
065682608,270,360,630
065682609,312,302,614
065682610,546,523,1069
065682611,536,538,1074
065682612,498,501,999
065682701,13,31,44
065682702,474,700,1174
065682703,428,537,965
065682704,416,552,968
065682705,373,373,746
065682706,377,489,866
065682707,544,527,1071
065682708,375,425,800
065682709,477,446,923
065682710,353,396,749
065682711,440,468,908
065682801,610,675,1285
065682802,509,544,1053
065682803,722,837,1559
065682804,392,401,793
065682805,589,735,1324
065682806,505,669,1174
065682807,317,364,681
065682808,444,460,904
065682809,509,619,1128
065682810,565,690,1255
065682901,427,581,1008
065682902,435,494,929
065682903,378,419,797
065682904,369,527,896
065682905,374,430,804
065682906,392,423,815
065682907,462,536,998
065682908,396,560,956
065682909,460,516,976
065682910,416,535,951
065682911,805,1061,1866
065682912,462,650,1112
065682913,407,534,941
065682914,328,566,894
065683001,539,609,1148
065683002,571,688,1259
065683003,598,713,1311
065683004,632,732,1364
065683005,358,464,822
065683006,369,478,847
065683007,579,733,1312
065683008,511,617,1128
065683009,421,523,944
065683010,594,706,1300
065683011,551,679,1230
065683101,545,632,1177
065683102,524,621,1145
065683103,543,509,1052
065683104,663,771,1434
065683105,515,604,1119
065683106,582,539,1121
065683107,516,606,1122
065683108,318,305,623
065683109,401,562,963
065683110,398,526,924
065683111,300,318,618
065683112,516,655,1171
066580101,3,2,5
066580102,552,481,1033
066580103,484,399,883
066580104,359,272,631
066580105,436,354,790
066580106,451,422,873
066580107,344,289,633
066580108,379,258,637
066580109,456,387,843
066580110,744,847,1591
066580111,3,5,8
066580112,37,61,98
066580113,32,39,71
066580201,109,195,304
066580202,303,428,731
066580203,264,557,821
066580204,313,628,941
066580205,265,408,673
066580206,521,670,1191
066580207,348,608,956
066580208,433,578,1011
066580209,425,403,828
066580210,362,449,811
066580211,474,787,1261
066580212,382,444,826
066580301,376,608,984
066580302,357,736,1093
066580303,571,489,1060
066580304,412,432,844
066580305,562,596,1158
066580306,440,411,851
066580307,541,500,1041
066580308,661,683,1344
066580309,663,535,1198
066580310,402,376,778
066580311,360,316,676
066580401,229,244,473
066580402,436,576,1012
066580403,422,613,1035
066580404,407,443,850
066580405,333,482,815
066580406,325,477,802
066580407,434,499,933
066580408,572,550,1122
066580409,446,382,828
066580410,456,361,817
066580411,487,470,957
066580412,515,558,1073
066580413,336,283,619
066580414,217,348,565
066580415,435,389,824
066580501,331,290,621
066580502,247,207,454
066580503,441,371,812
066580504,296,275,571
066580505,300,363,663
066580506,451,427,878
066580507,525,593,1118
066580508,440,455,895
066580509,538,466,1004
066580510,246,214,460
066580511,472,522,994
066580512,372,387,759
066580513,382,401,783
066580514,393,379,772
066580601,332,253,585
066580602,425,247,672
066580603,434,316,750
066580604,437,316,753
066580605,409,404,813
066580606,293,202,495
066580607,392,288,680
066580608,276,172,448
066580609,546,553,1099
066580610,502,466,968
066580611,490,449,939
066580612,384,337,721
066580701,384,274,658
066580702,472,310,782
066580703,428,297,725
066580704,481,284,765
066580705,384,235,619
066580706,413,411,824
066580707,403,442,845
066580708,600,626,1226
066580709,396,581,977
066580710,573,1024,1597
066580711,394,366,760
066580801,256,145,401
066580802,238,111,349
066580803,194,134,328
066580804,441,280,721
066580805,379,266,645
066580806,251,168,419
066580807,293,190,483
066580808,252,123,375
066580809,336,191,527
066580810,208,112,320
066580811,355,186,541
066580812,241,124,365
066580813,166,93,259
066580814,223,132,355
066580815,189,99,288
066580901,493,463,956
066580902,509,382,891
066580903,419,248,667
066580904,89,42,131
066580905,238,127,365
066580906,326,210,536
066580907,256,127,383
066580908,212,142,354
066580909,238,134,372
066580910,381,215,596
066580911,241,147,388
066580912,306,156,462
066580913,305,220,525
066581001,308,646,954
066581002,445,728,1173
066581003,381,384,765
066581004,364,273,637
066581005,533,379,912
066581006,326,262,588
066581007,541,398,939
066581008,436,277,713
066581009,346,286,632
066581010,401,334,735
066581011,463,476,939
066581012,532,842,1374
066581013,294,418,712
066581101,477,344,821
066581102,324,290,614
066581103,325,246,571
066581104,322,201,523
066581105,226,173,399
066581106,395,323,718
066581107,354,376,730
066581108,434,309,743
066581109,409,321,730
066581110,434,301,735
066581111,357,289,646
066581112,421,307,728
066581113,309,252,561
066581201,620,611,1231
066581202,526,422,948
066581203,648,572,1220
066581204,558,364,922
066581205,464,370,834
066581206,466,319,785
066581207,428,215,643
066581208,446,258,704
066581209,466,318,784
066581210,461,296,757
066581211,488,390,878
066581212,498,370,868
066581213,380,234,614
066581301,202,334,536
066581302,190,245,435
066581303,134,186,320
066581304,340,384,724
066581305,177,236,413
066581306,235,442,677
066581307,335,462,797
066581308,314,427,741
066581309,322,457,779
066581310,283,402,685
066581401,175,327,502
066581402,62,157,219
066581403,81,190,271
066581404,216,394,610
066581405,125,296,421
066581406,137,284,421
066581407,280,557,837
066581408,235,457,692
066581409,456,858,1314
066581410,233,431,664
066581501,363,314,677
066581502,452,376,828
066581503,414,585,999
066581504,207,261,468
066581505,483,572,1055
066581506,258,248,506
066581507,325,355,680
066581508,376,321,697
066581509,492,458,950
066581510,374,259,633
066581511,308,248,556
066581512,333,250,583
066581513,352,261,613
066581601,352,273,625
066581602,352,250,602
066581603,372,244,616
066581604,248,200,448
066581605,292,232,524
066581606,349,310,659
066581607,336,260,596
066581608,351,272,623
066581609,414,316,730
066581610,316,227,543
066581611,336,260,596
066581612,321,324,645
066581701,397,352,749
066581702,358,304,662
066581703,356,255,611
066581704,417,311,728
066581705,419,353,772
066581706,569,470,1039
066581707,423,339,762
066581708,518,416,934
066581709,511,398,909
066581710,404,299,703
066581711,458,512,970
066581712,378,359,737
066581801,176,145,321
066581802,251,188,439
066581803,329,261,590
066581804,408,289,697
066581805,374,318,692
066581806,371,323,694
066581807,312,247,559
066581808,348,279,627
066581809,444,322,766
066581810,378,275,653
066581811,329,251,580
066581812,203,166,369
066581901,270,221,491
066581902,371,271,642
066581903,295,199,494
066581904,264,168,432
066581905,275,257,532
066581906,274,196,470
066581907,271,205,476
066581908,389,328,717
066581909,313,267,580
066581910,353,395,748
066581911,436,517,953
066582001,428,422,850
066582002,351,325,676
066582003,563,714,1277
066582004,532,560,1092
066582005,501,649,1150
066582006,335,544,879
066582007,335,462,797
066582008,592,750,1342
066582009,743,945,1688
066582010,700,829,1529
066582011,644,794,1438
066582101,679,793,1472
066582102,656,848,1504
066582103,714,826,1540
066582104,452,691,1143
066582105,578,682,1260
066582106,715,803,1518
066582107,670,1060,1730
066582108,753,1060,1813
066582109,421,734,1155
066582110,397,535,932
066582111,551,766,1317
066582112,748,1017,1765
066582113,678,896,1574
066582114,411,663,1074
066582115,332,644,976
066582116,376,590,966
066582201,467,401,868
066582202,435,364,799
066582203,477,361,838
066582204,374,295,669
066582205,325,295,620
066582206,332,312,644
066582207,395,341,736
066582208,293,315,608
066582209,662,749,1411
066582210,503,567,1070
066582211,481,480,961
066582301,393,317,710
066582302,530,558,1088
066582303,643,559,1202
066582304,460,550,1010
066582305,468,429,897
066582306,310,305,615
066582307,269,237,506
066582308,305,238,543
066582309,492,672,1164
066582310,507,686,1193
066582311,447,490,937
066582312,462,341,803
066582401,453,375,828
066582402,471,424,895
066582403,564,631,1195
066582404,389,349,738
066582405,392,413,805
066582406,480,492,972
066582407,471,412,883
066582408,383,334,717
066582409,389,297,686
066582410,322,302,624
066582411,351,257,608
066582412,349,268,617
066582501,293,280,573
066582502,340,267,607
066582503,409,378,787
066582504,294,277,571
066582505,390,331,721
066582506,402,343,745
066582507,341,347,688
066582508,447,414,861
066582509,309,283,592
066582510,499,433,932
066582511,492,591,1083
066582512,318,707,1025
066582513,539,509,1048
066582514,227,163,390
066582601,694,778,1472
066582602,632,696,1328
066582603,465,466,931
066582604,522,413,935
066582605,347,347,694
066582606,488,376,864
066582607,386,318,704
066582608,387,295,682
066582609,356,305,661
066582610,464,459,923
066582701,509,717,1226
066582702,421,587,1008
066582703,286,333,619
066582704,174,226,400
066582705,151,261,412
066582706,549,683,1232
066582707,395,538,933
066582708,318,374,692
066582709,672,798,1470
066582710,407,514,921
066582711,543,768,1311
066582712,519,655,1174
066582713,393,535,928
066582714,307,445,752
066582715,411,530,941
066582716,272,358,630
066582801,283,307,590
066582802,518,489,1007
066582803,401,341,742
066582804,494,498,992
066582805,367,382,749
066582806,537,668,1205
066582807,526,635,1161
066582808,670,643,1313
066582809,531,555,1086
066582810,525,499,1024
066582901,610,571,1181
066582902,366,329,695
066582903,318,263,581
066582904,361,349,710
066582905,507,438,945
066582906,549,576,1125
066582907,579,571,1150
066582908,531,792,1323
066582909,439,614,1053
066582910,632,650,1282
066582911,521,519,1040
066582912,671,745,1416
066583001,533,507,1040
066583002,464,561,1025
066583003,431,441,872
066583004,388,286,674
066583005,496,543,1039
066583006,433,538,971
066583007,574,723,1297
066583008,483,750,1233
066583009,605,796,1401
066583010,466,629,1095
066583011,564,659,1223
066583012,368,492,860
066583101,449,309,758
066583102,507,515,1022
066583103,967,854,1821
066583104,618,608,1226
066583105,455,473,928
066583106,1417,1556,2973
066583107,426,374,800
066583108,303,308,611
066583109,424,290,714
066583110,550,615,1165
066583111,560,608,1168
066583112,305,327,632
066583113,248,260,508
066583201,373,326,699
066583202,560,532,1092
066583203,562,468,1030
066583204,295,283,578
066583205,422,396,818
066583206,158,190,348
066583207,681,744,1425
066583208,768,741,1509
066583209,204,231,435
066583210,621,715,1336
066583211,255,378,633
066583212,711,773,1484
066583213,425,527,952
066583301,773,1002,1775
066583302,514,870,1384
066583303,480,714,1194
066583304,477,813,1290
066583305,869,1319,2188
066583306,661,856,1517
066583307,620,649,1269
066583308,296,342,638
066583309,566,658,1224
066583310,404,342,746
066583311,573,465,1038
066583312,454,438,892
066583313,346,526,872
066583401,528,584,1112
066583402,484,536,1020
066583403,462,516,978
066583404,464,503,967
066583405,438,501,939
066583406,619,521,1140
066583407,494,359,853
066583408,498,440,938
066583409,489,399,888
066583410,316,344,660
066583411,576,553,1129
066583412,575,533,1108
066583413,575,603,1178
066583501,476,468,944
066583502,557,623,1180
066583503,389,428,817
066583504,577,595,1172
066583505,378,369,747
066583506,595,593,1188
066583507,408,513,921
066583508,586,636,1222
066583509,499,498,997
066583510,655,850,1505
066583601,702,1039,1741
066583602,689,1052,1741
066583603,462,542,1004
066583604,353,345,698
066583605,479,526,1005
066583606,347,395,742
066583607,670,880,1550
066583608,397,500,897
066583609,466,576,1042
066583610,429,475,904
066583611,596,819,1415
066583612,509,794,1303
066583613,387,651,1038
066583614,414,547,961
066583701,662,947,1609
066583702,696,1025,1721
066583703,341,582,923
066583704,240,471,711
066583705,241,381,622
066583706,403,658,1061
066583707,627,853,1480
066583708,560,798,1358
066583709,436,530,966
066583710,425,456,881
066583711,793,873,1666
066583712,761,924,1685
066583713,781,953,1734
066583801,650,1044,1694
066583802,635,1000,1635
066583803,304,456,760
066583804,452,710,1162
066583805,596,844,1440
066583806,619,861,1480
066583807,161,200,361
066583808,309,568,877
066583809,237,455,692
066583810,276,401,677
066583811,624,929,1553
066583812,494,530,1024
066583813,485,460,945
066583814,614,722,1336
066583815,658,728,1386
066583816,745,1091,1836
066583901,615,749,1364
066583902,642,665,1307
066583903,589,720,1309
066583904,313,389,702
066583905,571,709,1280
066583906,420,615,1035
066583907,527,648,1175
066583908,416,473,889
066583909,336,408,744
066583910,747,982,1729
066584001,537,873,1410
066584002,385,763,1148
066584003,337,659,996
066584004,544,1015,1559
066584005,427,723,1150
066584006,189,254,443
066584007,619,731,1350
066584008,397,520,917
066584009,276,386,662
066584010,276,345,621
066584011,301,426,727
066584012,550,739,1289
066584013,481,608,1089
066584014,403,540,943
066584015,710,1101,1811
066584016,483,567,1050
066584017,653,874,1527
066584101,392,559,951
066584102,923,1233,2156
066584103,535,726,1261
066584104,676,774,1450
066584105,625,727,1352
066584106,659,759,1418
066584107,763,854,1617
066584108,577,781,1358
066584109,697,788,1485
066584110,679,875,1554
066584111,350,496,846
066584112,385,613,998
066584113,788,842,1630
066584114,433,551,984
066584115,458,557,1015
066584201,324,419,743
066584202,396,451,847
066584203,591,646,1237
066584204,470,528,998
066584205,370,582,952
066584206,406,429,835
066584207,291,383,674
066584208,509,593,1102
066584209,646,737,1383
066584210,559,569,1128
066584211,388,378,766
066584212,634,646,1280
066584213,662,740,1402
066584301,456,419,875
066584302,618,661,1279
066584303,713,818,1531
066584304,549,1092,1641
066584305,407,654,1061
066584306,542,706,1248
066584307,334,562,896
066584308,674,792,1466
066584309,333,362,695
066584310,304,422,726
066584311,533,623,1156
066584312,531,516,1047
066584401,467,580,1047
066584402,496,640,1136
066584403,561,760,1321
066584404,796,1051,1847
066584405,561,619,1180
066584406,510,552,1062
066584407,312,367,679
066584408,579,683,1262
066584409,756,994,1750
066584410,506,761,1267
066584411,721,989,1710
066584412,491,791,1282
066584413,168,297,465
066584414,226,412,638
067490101,29,54,83
067490102,466,787,1253
067490103,590,425,1015
067490104,129,258,387
067490105,234,214,448
067490201,282,247,529
067490202,561,489,1050
067490203,534,419,953
067490204,510,419,929
067490205,638,446,1084
067490206,168,147,315
067490207,401,367,768
067490208,507,461,968
067490209,559,381,940
067490210,579,442,1021
067490211,420,327,747
067490212,348,317,665
067490213,364,306,670
067490301,528,386,914
067490302,192,153,345
067490303,294,206,500
067490304,479,331,810
067490305,448,281,729
067490306,250,242,492
067490307,337,263,600
067490308,365,274,639
067490309,303,238,541
067490310,315,283,598
067490311,380,224,604
067490312,487,376,863
067490401,125,152,277
067490402,114,183,297
067490403,276,270,546
067490404,531,278,809
067490405,184,212,396
067490406,417,292,709
067490501,245,194,439
067490502,384,269,653
067490503,441,226,667
067490504,421,240,661
067490505,328,225,553
067490506,378,171,549
067490507,239,137,376
067490508,238,151,389
067490509,310,250,560
067490510,372,238,610
067490511,179,126,305
067490512,244,161,405
067490513,203,117,320
067490601,286,216,502
067490602,373,283,656
067490603,493,355,848
067490604,323,228,551
067490605,488,306,794
067490701,565,539,1104
067490702,395,364,759
067490703,441,345,786
067490704,514,506,1020
067490705,612,651,1263
067490706,424,363,787
067490707,503,428,931
067490708,566,671,1237
067490709,338,454,792
067490801,372,353,725
067490802,231,268,499
067490803,330,326,656
067490804,486,609,1095
067490805,601,613,1214
067490806,444,450,894
067490807,614,660,1274
067490808,572,489,1061
067490809,421,502,923
067490901,466,366,832
067490902,524,534,1058
067490903,652,797,1449
067490904,560,625,1185
067490905,574,743,1317
067490906,484,553,1037
067490907,312,306,618
067490908,489,477,966
067490909,485,412,897
067490910,350,336,686
067490911,595,578,1173
067490912,579,641,1220
067490913,172,269,441
067491001,671,655,1326
067491002,573,516,1089
067491003,577,619,1196
067491004,524,537,1061
067491005,549,592,1141
067491006,563,524,1087
067491007,449,402,851
067491008,257,338,595
067491009,448,494,942
067491010,332,352,684
067491011,567,565,1132
067491012,475,583,1058
067491013,258,270,528
067491101,438,521,959
067491102,503,779,1282
067491103,459,499,958
067491104,282,297,579
067491105,418,452,870
067491106,317,309,626
067491107,502,485,987
067491108,195,425,620
067491109,186,257,443
067491110,450,570,1020
067491111,427,454,881
067491112,323,318,641
067491113,623,553,1176
067491114,536,639,1175
067491201,486,504,990
067491202,510,471,981
067491203,610,888,1498
067491204,638,656,1294
067491205,613,551,1164
067491206,338,520,858
067491207,369,521,890
067491208,476,507,983
067491209,355,416,771
067491210,590,618,1208
067491211,519,722,1241
067491301,378,805,1183
067491302,692,1066,1758
067491303,412,607,1019
067491304,631,832,1463
067491305,595,825,1420
067491306,726,808,1534
067491307,14,28,42
067491308,380,367,747
067491309,376,443,819
067491310,376,404,780
067491311,361,372,733
067491312,377,448,825
067491313,412,421,833
067491314,450,458,908
067491315,337,366,703
067491316,681,881,1562
067491317,395,478,873
067491318,426,520,946
067491319,455,596,1051
067491320,306,546,852
067491321,271,353,624
067491401,296,296,592
067491402,419,417,836
067491403,404,507,911
067491404,400,545,945
067491405,416,575,991
067491406,424,650,1074
067491407,515,662,1177
067491408,432,618,1050
067491409,473,616,1089
067491410,407,513,920
067491411,144,188,332
067491412,581,570,1151
067491413,558,609,1167
067491414,594,609,1203
067491415,510,540,1050
067491416,481,622,1103
067491417,682,1033,1715
067491418,215,196,411
067491419,522,880,1402
067491420,280,458,738
067491501,30,36,66
067491502,90,135,225
067491503,38,57,95
067491504,109,135,244
067491505,96,93,189
067491506,15,51,66
067491507,19,46,65
067491508,69,72,141
067491509,118,173,291
067491510,141,174,315
067491511,143,207,350
067491512,119,156,275
067491513,87,116,203
067560101,366,320,686
067560102,311,242,553
067560103,365,398,763
067560104,527,399,926
067560105,483,394,877
067560106,436,319,755
067560107,643,432,1075
067560108,250,204,454
067560109,282,210,492
067560110,583,514,1097
067560111,264,223,487
067560112,540,367,907
067560113,484,365,849
067560114,589,495,1084
067560115,272,234,506
067560116,475,414,889
067560117,543,426,969
067560201,442,393,835
067560202,385,356,741
067560203,612,549,1161
067560204,389,476,865
067560205,373,504,877
067560206,441,383,824
067560207,605,443,1048
067560208,332,299,631
067560209,307,179,486
067560301,239,138,377
067560302,144,109,253
067560303,279,176,455
067560304,275,189,464
067560305,153,91,244
067560306,194,110,304
067560307,461,249,710
067560308,353,165,518
067560309,331,185,516
067560310,413,199,612
067560401,349,346,695
067560402,437,359,796
067560403,559,400,959
067560404,470,346,816
067560405,573,440,1013
067560406,360,297,657
067560407,484,395,879
067560408,295,187,482
067560501,469,322,791
067560502,497,363,860
067560503,365,256,621
067560504,541,410,951
067560505,431,257,688
067560506,432,241,673
067560507,385,255,640
067560508,403,245,648
067560509,350,237,587
067560510,472,288,760
067560601,521,328,849
067560602,344,150,494
067560603,244,145,389
067560604,155,85,240
067560605,341,121,462
067560606,337,121,458
067560607,393,195,588
067560608,400,241,641
067560609,387,138,525
067560610,441,209,650
067560611,327,229,556
067560612,372,236,608
067560701,402,283,685
067560702,304,192,496
067560703,190,138,328
067560704,455,322,777
067560705,362,229,591
067560706,414,229,643
067560707,454,274,728
067560708,424,229,653
067560709,531,313,844
067560710,610,358,968
067560801,479,388,867
067560802,459,364,823
067560803,485,357,842
067560804,530,466,996
067560805,560,401,961
067560806,636,514,1150
067560807,473,358,831
067560808,531,402,933
067560809,463,383,846
067560901,297,251,548
067560902,239,187,426
067560903,472,418,890
067560904,563,386,949
067560905,598,422,1020
067560906,580,450,1030
067560907,636,513,1149
067560908,569,439,1008
067560909,509,404,913
067560910,521,420,941
067560911,416,339,755
067560912,467,380,847
067560913,472,362,834
067560914,552,439,991
067560915,529,428,957
067560916,463,349,812
067561001,301,201,502
067561002,336,180,516
067561003,413,193,606
067561004,383,172,555
067561005,267,135,402
067561006,500,171,671
067561007,361,175,536
067561008,276,152,428
067561009,153,87,240
067561010,524,351,875
067561011,546,339,885
067561012,517,398,915
067561101,263,230,493
067561102,250,240,490
067561103,389,236,625
067561104,338,267,605
067561105,446,235,681
067561106,448,227,675
067561107,463,228,691
067561108,266,169,435
067561109,213,121,334
067561110,256,148,404
067561111,363,227,590
067561112,454,367,821
067561113,433,284,717
067561201,622,422,1044
067561202,342,216,558
067561203,346,337,683
067561204,813,632,1445
067561205,475,354,829
067561206,242,133,375
067561207,205,83,288
067561208,501,329,830
067561209,496,389,885
067561210,484,321,805
067561211,561,377,938
067561301,333,225,558
067561302,273,191,464
067561303,627,666,1293
067561304,456,412,868
067561305,482,450,932
067561306,443,308,751
067561307,486,368,854
067561308,506,450,956
067561309,486,636,1122
067561310,311,428,739
067561311,614,660,1274
067561312,548,507,1055
067561313,562,458,1020
067561314,778,1085,1863
067561401,767,1164,1931
067561402,951,1306,2257
067561403,315,238,553
067561404,337,321,658
067561405,349,300,649
067561406,355,319,674
067561407,606,447,1053
067561408,568,471,1039
067561409,469,841,1310
067561410,618,1145,1763
067561411,359,711,1070
067561412,302,555,857
067561413,245,460,705
067561414,275,610,885
067561415,450,441,891
067561501,718,583,1301
067561502,552,589,1141
067561503,498,483,981
067561504,729,657,1386
067561505,566,642,1208
067561506,475,404,879
067561507,325,302,627
067561508,285,233,518
067561509,374,303,677
067561510,522,407,929
067561511,638,522,1160
067561512,349,289,638
067561601,536,396,932
067561602,364,278,642
067561603,538,342,880
067561604,477,367,844
067561605,382,296,678
067561606,251,251,502
067561607,358,144,502
067561608,451,261,712
067561609,449,387,836
067561610,357,315,672
067561611,615,467,1082
067561612,495,382,877
067561613,499,367,866
067561701,423,346,769
067561702,577,474,1051
067561703,518,401,919
067561704,438,363,801
067561705,307,221,528
067561706,481,376,857
067561707,500,461,961
067561708,575,506,1081
067561709,618,497,1115
067561710,401,240,641
067561801,352,347,699
067561802,617,435,1052
067561803,458,295,753
067561804,559,447,1006
067561805,341,267,608
067561806,371,266,637
067561807,294,262,556
067561808,92,59,151
067561809,273,240,513
067561810,360,311,671
067561811,613,500,1113
067561901,582,532,1114
067561902,586,552,1138
067561903,386,340,726
067561904,324,254,578
067561905,621,594,1215
067561906,597,566,1163
067561907,476,516,992
067561908,633,565,1198
067561909,587,489,1076
067561910,413,391,804
067562001,559,431,990
067562002,420,413,833
067562003,583,505,1088
067562004,252,288,540
067562005,323,301,624
067562006,291,251,542
067562007,716,610,1326
067562008,559,500,1059
067562009,422,463,885
067562101,716,614,1330
067562102,567,598,1165
067562103,406,425,831
067562104,787,788,1575
067562105,452,375,827
067562106,577,491,1068
067562107,338,305,643
067562108,614,546,1160
067562109,545,406,951
067562110,109,115,224
067562111,541,357,898
067562201,933,876,1809
067562202,503,549,1052
067562203,750,729,1479
067562204,682,757,1439
067562205,525,435,960
067562206,517,834,1351
067562207,441,405,846
067562208,384,331,715
067562209,394,414,808
067562210,401,401,802
067562211,556,441,997
067562212,314,242,556
067562213,322,248,570
067562301,975,1257,2232
067562302,380,496,876
067562303,418,390,808
067562304,602,552,1154
067562305,551,471,1022
067562306,419,353,772
067562307,555,484,1039
067562308,519,447,966
067562309,555,615,1170
067562310,486,517,1003
067562401,461,472,933
067562402,292,211,503
067562403,310,316,626
067562404,317,317,634
067562405,316,324,640
067562406,442,482,924
067562407,267,238,505
067562408,317,234,551
067562409,346,287,633
067562410,396,299,695
067562411,540,493,1033
067562412,617,534,1151
067562413,452,374,826
067562501,434,636,1070
067562502,406,429,835
067562503,287,201,488
067562504,233,211,444
067562505,307,269,576
067562506,304,279,583
067562507,268,255,523
067562508,249,226,475
067562509,489,515,1004
067562510,507,493,1000
067562511,425,564,989
067562512,574,612,1186
067562513,476,371,847
067562514,382,374,756
067562515,472,384,856
067562516,512,460,972
067562517,352,322,674
067562518,541,529,1070
067562519,540,451,991
067562601,546,512,1058
067562602,319,344,663
067562603,255,226,481
067562604,330,309,639
067562605,303,300,603
067562606,513,460,973
067562607,508,503,1011
067562608,530,549,1079
067562609,303,314,617
067562610,295,308,603
067562611,550,564,1114
067562701,643,905,1548
067562702,666,772,1438
067562703,447,699,1146
067562704,449,629,1078
067562705,536,768,1304
067562706,733,732,1465
067562707,276,292,568
067562708,388,335,723
067562709,296,327,623
067562710,377,418,795
067562711,695,576,1271
067562712,599,615,1214
067600101,426,531,957
067600102,486,551,1037
067600103,536,509,1045
067600104,407,459,866
067600105,640,701,1341
067600106,395,356,751
067600107,708,670,1378
067600108,684,699,1383
067600109,664,860,1524
067600110,571,635,1206
067600111,327,300,627
067600112,306,354,660
067600113,423,444,867
067600114,656,697,1353
067600115,365,371,736
067600116,295,317,612
067600117,298,283,581
067600201,596,552,1148
067600202,577,466,1043
067600203,292,274,566
067600204,374,258,632
067600205,350,230,580
067600206,408,228,636
067600207,514,271,785
067600208,202,136,338
067600209,208,182,390
067600210,560,584,1144
067600211,348,300,648
067600212,398,355,753
067600213,531,379,910
067600214,278,175,453
067600215,221,157,378
067600216,201,148,349
067600217,209,173,382
067600301,301,260,561
067600302,714,609,1323
067600303,407,429,836
067600304,359,373,732
067600305,512,536,1048
067600306,319,313,632
067600307,110,106,216
067600308,384,284,668
067600309,301,258,559
067600310,86,123,209
067600311,407,423,830
067600312,104,97,201
067600313,578,422,1000
067600314,356,236,592
067600315,307,269,576
067600316,159,146,305
067600317,415,340,755
067600401,381,386,767
067600501,755,818,1573
067600502,434,411,845
067600503,750,619,1369
067600504,368,413,781
067600505,553,567,1120
067600506,370,425,795
067600507,502,512,1014
067600508,727,799,1526
067600509,642,604,1246
067600510,847,803,1650
067600511,1057,1123,2180
067600512,527,489,1016
067600601,491,471,962
067600602,544,501,1045
067600603,397,397,794
067600604,421,426,847
067600605,378,433,811
067600606,425,334,759
067600607,474,546,1020
067600608,549,574,1123
067600609,585,814,1399
067600610,503,811,1314
067600701,897,948,1845
067600702,845,798,1643
067600703,635,601,1236
067600704,617,514,1131
067600705,722,681,1403
067600706,372,422,794
067600707,410,331,741
067600708,447,454,901
067600709,561,575,1136
067600710,737,729,1466
067600801,420,435,855
067600802,647,672,1319
067600803,463,473,936
067600804,500,528,1028
067600805,293,285,578
067600806,527,481,1008
067600807,756,844,1600
067600808,324,310,634
067600809,465,541,1006
067600810,466,533,999
067600811,396,361,757
067600812,525,492,1017
067600901,333,315,648
067600902,319,338,657
067600903,500,555,1055
067600904,330,380,710
067600905,327,309,636
067600906,274,254,528
067600907,542,541,1083
067600908,306,298,604
067600909,332,312,644
067600910,639,537,1176
067600911,619,714,1333
067600912,621,690,1311
067600913,578,771,1349
067600914,471,647,1118
067600915,266,282,548
067600916,355,413,768
067601001,332,392,724
067601002,389,444,833
067601003,284,289,573
067601004,319,428,747
067601005,291,418,709
067601006,77,64,141
067601007,135,145,280
067601008,155,217,372
067601009,310,519,829
067601010,98,179,277
067601011,130,241,371
067601012,593,826,1419
067601013,508,735,1243
067601014,491,789,1280
067601015,524,765,1289
067601101,312,346,658
067601102,421,525,946
067601103,807,856,1663
067601104,568,724,1292
067601105,323,301,624
067601106,971,1068,2039
067601107,553,714,1267
067601108,840,1189,2029
067601109,349,407,756
067601110,580,786,1366
067601111,723,1005,1728
067601112,341,335,676
067601113,319,386,705
067601114,262,218,480
067601115,285,287,572
067601116,339,350,689
067601117,353,420,773
067601201,306,363,669
067601202,317,414,731
067601203,148,200,348
067601204,314,346,660
067601205,443,454,897
067601206,259,258,517
067601207,206,259,465
067601208,394,488,882
067601209,267,414,681
067601210,293,493,786
067601211,367,662,1029
067601212,386,673,1059
067601213,8,8,16
067601214,415,721,1136
067601215,449,673,1122
067601216,449,728,1177
067601217,539,873,1412
067601218,227,527,754
067601219,350,683,1033
067601301,319,267,586
067601302,488,546,1034
067601303,235,270,505
067601304,369,352,721
067601305,457,395,852
067601306,596,910,1506
067601307,352,450,802
067601308,389,448,837
067601309,536,738,1274
067601310,553,862,1415
067601311,468,683,1151
067601312,458,598,1056
067601313,403,535,938
067601314,583,757,1340
067601315,536,876,1412
067601316,286,329,615
067601401,358,420,778
067601402,337,528,865
067601403,450,495,945
067601404,645,789,1434
067601405,419,657,1076
067601406,652,1191,1843
067601407,642,1068,1710
067601408,442,496,938
067601409,528,658,1186
067601410,458,644,1102
067601411,414,585,999
067601412,578,887,1465
067601413,556,873,1429
067601414,331,456,787
067601415,150,221,371
067601501,493,474,967
067601502,351,374,725
067601503,269,300,569
067601504,289,515,804
067601505,560,876,1436
067601506,313,464,777
067601507,459,571,1030
067601508,526,646,1172
067601509,577,875,1452
067601510,229,451,680
067601511,341,576,917
067601512,485,600,1085
067601513,401,508,909
067601514,333,427,760
067601515,255,350,605
067601516,312,373,685
067601601,394,493,887
067601602,405,441,846
067601603,484,673,1157
067601604,511,540,1051
067601605,498,714,1212
067601606,525,806,1331
067601607,379,592,971
067601608,492,674,1166
067601609,347,482,829
067601610,402,536,938
067601611,347,376,723
067601612,260,254,514
067601613,479,600,1079
067601614,482,562,1044
067601701,636,768,1404
067601702,493,717,1210
067601703,425,456,881
067601704,408,579,987
067601705,456,751,1207
067601706,525,727,1252
067601707,440,534,974
067601708,549,771,1320
067601709,445,469,914
067601710,472,526,998
067601711,374,504,878
067601712,453,557,1010
067601713,436,543,979
067601714,380,462,842
067601715,490,608,1098
067601716,310,437,747
067601801,410,618,1028
067601802,397,540,937
067601803,539,713,1252
067601804,518,900,1418
067601805,369,445,814
067601806,337,489,826
067601807,408,545,953
067601808,537,814,1351
067601809,432,583,1015
067601810,410,534,944
067601811,388,657,1045
067601812,563,760,1323
067601813,361,533,894
067601814,429,562,991
067601815,406,515,921
067601816,376,514,890
068050101,340,264,604
068050102,258,326,584
068050103,297,399,696
068050104,415,452,867
068050105,184,138,322
068050106,247,195,442
068050107,388,325,713
068050108,261,191,452
068050201,135,179,314
068050202,303,251,554
068050203,461,677,1138
068050204,498,687,1185
068050205,589,847,1436
068050301,136,87,223
068050302,203,204,407
068050303,392,580,972
068050304,1085,890,1975
068050305,558,729,1287
068050306,539,282,821
068050307,661,586,1247
068050308,387,400,787
068050309,274,248,522
068050310,270,193,463
068050311,676,545,1221
068050401,355,314,669
068050402,357,364,721
068050403,647,1034,1681
068050404,571,829,1400
068050405,640,978,1618
068050406,443,554,997
068050407,920,1359,2279
068050408,363,469,832
068050409,735,725,1460
068050410,682,858,1540
068050411,654,584,1238
068050412,1111,1050,2161
068050501,526,433,959
068050502,517,422,939
068050503,651,491,1142
068050504,338,292,630
068050505,334,448,782
068050506,402,460,862
068050507,699,725,1424
068050508,545,479,1024
068050509,376,351,727
068050510,383,368,751
068050511,681,812,1493
068050512,595,799,1394
068050513,590,672,1262
068050601,712,1161,1873
068050602,386,331,717
068050603,535,477,1012
068050604,578,432,1010
068050605,321,217,538
068050606,288,260,548
068050607,146,126,272
068050608,423,278,701
068050609,506,359,865
068050610,521,313,834
068050611,423,407,830
068050612,547,349,896
068050701,227,214,441
068050702,374,341,715
068050703,519,480,999
068050704,375,368,743
068050705,377,508,885
068050706,211,228,439
068050707,220,178,398
068050708,36,34,70
068050709,132,92,224
068050710,34,59,93
068050711,40,45,85
068050801,198,168,366
068050802,115,80,195
068050803,362,272,634
068050804,313,168,481
068050805,264,220,484
068050806,419,403,822
068050807,654,726,1380
068050808,818,794,1612
068050809,616,918,1534
068050810,269,408,677
068050811,650,867,1517
068050812,284,475,759
068050813,828,925,1753
068050814,633,770,1403
068050901,1,2,3
068050902,408,464,872
068050903,408,518,926
068050904,831,1001,1832
068050905,991,913,1904
068050906,963,1003,1966
068051001,724,764,1488
068051002,389,474,863
068051003,411,482,893
068051004,744,860,1604
068051005,387,416,803
068051006,595,642,1237
068051007,545,850,1395
068051008,772,1007,1779
068051009,573,1066,1639
068051010,494,795,1289
068051011,518,616,1134
068051012,517,597,1114
068051013,393,476,869
068051101,496,658,1154
068051102,331,412,743
068051103,912,1031,1943
068051104,767,814,1581
068051105,523,724,1247
068051106,465,617,1082
068051107,512,819,1331
068051108,723,1206,1929
068051109,554,895,1449
068051110,633,993,1626
068051201,350,355,705
068051202,448,448,896
068051203,507,429,936
068051204,426,389,815
068051205,418,368,786
068051206,314,293,607
068051207,393,397,790
068051208,352,349,701
068051209,289,241,530
068051210,863,800,1663
068051211,550,433,983
068051212,642,488,1130
068051213,383,384,767
068051214,390,441,831
068051301,652,531,1183
068051302,673,622,1295
068051303,758,726,1484
068051304,572,626,1198
068051305,545,509,1054
068051306,373,493,866
068051307,455,434,889
068051308,818,993,1811
068051309,406,552,958
068051310,324,444,768
068051311,562,855,1417
068051312,531,710,1241
068051313,513,604,1117
068051314,497,507,1004
068051315,379,426,805
068051316,533,510,1043
068051317,394,377,771
068051318,695,706,1401
068051401,536,736,1272
068051402,411,435,846
068051403,494,627,1121
068051404,495,658,1153
068051405,754,776,1530
068051406,445,530,975
068051407,456,464,920
068051408,454,485,939
068051409,427,516,943
068051410,420,471,891
068051411,446,606,1052
068051412,473,566,1039
068051413,597,611,1208
068051414,580,639,1219
068051415,536,623,1159
068051416,740,930,1670
068051501,470,326,796
068051502,365,398,763
068051503,506,529,1035
068051504,495,510,1005
068051505,525,498,1023
068051506,705,771,1476
068051507,580,570,1150
068051508,588,777,1365
068051509,550,559,1109
068051510,544,561,1105
068051511,533,500,1033
068051512,347,338,685
068051513,578,508,1086
068051601,606,855,1461
068051602,721,955,1676
068051603,483,580,1063
068051604,659,894,1553
068051605,419,360,779
068051606,446,573,1019
068051607,480,593,1073
068051608,498,607,1105
068051609,497,628,1125
068051610,784,1047,1831
068051611,532,567,1099
068051701,561,712,1273
068051702,569,629,1198
068051703,335,309,644
068051704,387,380,767
068051705,625,563,1188
068051706,664,657,1321
068051707,682,726,1408
068051708,701,669,1370
068051709,767,800,1567
068051710,643,756,1399
068051711,643,741,1384
068051801,325,408,733
068051802,337,405,742
068051803,653,735,1388
068051804,600,587,1187
068051805,565,513,1078
068051806,413,404,817
068051807,400,379,779
068051808,617,603,1220
068051809,610,641,1251
068051810,610,642,1252
068051811,631,618,1249
068051812,573,882,1455
068051901,345,427,772
068051902,421,481,902
068051903,442,458,900
068051904,356,354,710
068051905,430,482,912
068051906,715,781,1496
068051907,388,364,752
068051908,332,318,650
068051909,475,512,987
068051910,316,348,664
068051911,689,698,1387
068051912,567,671,1238
068051913,84,82,166
068051914,411,349,760
068052001,231,220,451
068052002,398,441,839
068052003,292,397,689
068052004,746,928,1674
068052005,611,662,1273
068052006,543,707,1250
068052007,734,1167,1901
068052008,396,437,833
068052009,503,638,1141
068052010,542,513,1055
068052011,495,758,1253
068052012,456,483,939
068052013,457,609,1066
068052014,468,437,905
068052101,388,591,979
068052102,399,527,926
068052103,741,907,1648
068052104,760,1021,1781
068052105,518,550,1068
068052106,468,606,1074
068052107,296,618,914
068052108,416,573,989
068052109,496,549,1045
068052110,479,566,1045
068052111,536,654,1190
068052112,537,605,1142
068052113,494,679,1173
068052114,439,502,941
068052201,545,912,1457
068052202,662,953,1615
068052203,634,875,1509
068052204,706,938,1644
068052205,682,992,1674
068052206,576,762,1338
068052207,505,689,1194
068052208,488,550,1038
068052209,598,767,1365
068052210,405,421,826
068052301,442,681,1123
068052302,499,879,1378
068052303,632,829,1461
068052304,605,861,1466
068052305,506,632,1138
068052306,457,511,968
068052307,698,873,1571
068052308,359,427,786
068052309,289,447,736
068052310,506,796,1302
068052311,277,418,695
068052312,1827,2813,4640
068052313,537,469,1006
068052314,534,997,1531
068052315,469,779,1248
068052401,587,706,1293
068052402,560,747,1307
068052403,476,449,925
068052404,568,540,1108
068052405,749,888,1637
068052406,305,392,697
068052407,303,266,569
068052408,510,600,1110
068052409,568,798,1366
068052410,591,760,1351
068052501,401,548,949
068052502,416,520,936
068052503,227,224,451
068052504,192,179,371
068052505,555,737,1292
068052506,629,822,1451
068052507,817,1232,2049
068052508,421,492,913
068052509,384,370,754
068052510,368,389,757
068052511,510,584,1094
068052512,621,755,1376
068052601,59,51,110
068052602,79,94,173
068052603,166,167,333
068052604,66,93,159
068052605,65,48,113
068052606,57,49,106
068052607,27,27,54
068052608,90,106,196
068052609,360,391,751
068052610,237,281,518
068052611,112,154,266
068052612,106,102,208
068052613,94,95,189
068052614,42,59,101
068052615,143,167,310
068052616,60,67,127
068052617,11,25,36
068052618,92,109,201
068052619,128,152,280
068052620,184,232,416
068052621,90,89,179
068400101,182,214,396
068400102,447,615,1062
068400103,637,1022,1659
068400104,396,507,903
068400105,798,821,1619
068400106,535,762,1297
068400107,624,778,1402
068400108,264,420,684
068400109,462,555,1017
068400110,631,748,1379
068400111,458,515,973
068400112,520,572,1092
068400113,824,865,1689
068400201,548,677,1225
068400202,612,706,1318
068400203,456,405,861
068400204,426,413,839
068400205,474,438,912
068400206,508,363,871
068400207,404,336,740
068400208,352,293,645
068400209,489,553,1042
068400210,391,384,775
068400211,396,470,866
068400212,560,588,1148
068400301,506,494,1000
068400302,584,614,1198
068400303,433,471,904
068400304,567,618,1185
068400305,511,699,1210
068400306,559,562,1121
068400307,528,705,1233
068400308,712,714,1426
068400309,425,461,886
068400310,380,413,793
068400311,635,772,1407
068400312,584,724,1308
068400401,689,813,1502
068400402,574,1007,1581
068400403,391,483,874
068400404,325,384,709
068400405,364,440,804
068400406,341,436,777
068400407,409,453,862
068400408,208,207,415
068400409,381,412,793
068400410,647,699,1346
068400411,414,534,948
068400412,281,346,627
068400413,515,580,1095
068400414,401,449,850
068400415,493,573,1066
068400416,472,471,943
068400417,575,695,1270
068400501,496,629,1125
068400502,410,404,814
068400503,438,449,887
068400504,391,379,770
068400505,427,398,825
068400506,339,268,607
068400507,420,406,826
068400508,594,569,1163
068400509,349,319,668
068400510,432,445,877
068400511,678,663,1341
068400512,603,609,1212
068400601,564,620,1184
068400602,287,322,609
068400603,353,424,777
068400604,394,517,911
068400605,534,509,1043
068400606,561,567,1128
068400607,388,397,785
068400608,284,245,529
068400609,298,304,602
068400610,343,315,658
068400611,271,276,547
068400612,269,299,568
068400613,446,433,879
068400614,545,511,1056
068400615,438,430,868
068400616,481,433,914
068400701,585,564,1149
068400702,548,514,1062
068400703,395,387,782
068400704,443,355,798
068400705,343,339,682
068400706,435,308,743
068400707,431,431,862
068400708,469,504,973
068400709,486,430,916
068400710,562,451,1013
068400711,500,558,1058
068400801,391,377,768
068400802,294,260,554
068400803,246,271,517
068400804,434,410,844
068400805,465,490,955
068400806,314,315,629
068400807,360,359,719
068400808,318,303,621
068400809,525,553,1078
068400810,303,306,609
068400811,460,383,843
068400812,523,500,1023
068400901,473,405,878
068400902,334,240,574
068400903,461,324,785
068400904,329,338,667
068400905,306,224,530
068400906,408,279,687
068400907,377,328,705
068400908,349,248,597
068400909,351,254,605
068400910,462,324,786
068401001,599,456,1055
068401002,650,489,1139
068401003,307,227,534
068401004,375,298,673
068401005,290,263,553
068401006,403,282,685
068401007,405,296,701
068401008,285,230,515
068401009,225,152,377
068401010,316,244,560
068401011,364,231,595
068401012,268,210,478
068401013,296,227,523
068401101,360,373,733
068401102,297,384,681
068401103,231,243,474
068401104,151,126,277
068401105,386,359,745
068401106,536,487,1023
068401107,355,337,692
068401108,578,540,1118
068401109,425,339,764
068401110,589,472,1061
068401111,495,449,944
068401112,428,423,851
068401201,519,430,949
068401202,501,482,983
068401203,517,434,951
068401204,264,239,503
068401205,476,344,820
068401206,7,9,16
068401207,300,285,585
068401208,334,287,621
068401209,378,381,759
068401210,433,393,826
068401211,518,478,996
068401301,479,384,863
068401302,301,232,533
068401303,537,494,1031
068401304,468,402,870
068401305,397,335,732
068401306,350,233,583
068401307,291,197,488
068401308,297,258,555
068401309,453,368,821
068401310,601,524,1125
068401311,392,320,712
068401312,506,374,880
068401313,259,179,438
068401314,348,198,546
068401401,496,417,913
068401402,308,280,588
068401403,315,337,652
068401404,658,562,1220
068401405,408,392,800
068401406,363,285,648
068401407,409,342,751
068401408,224,211,435
068401409,428,377,805
068401410,452,409,861
068401501,273,270,543
068401502,544,437,981
068401503,364,283,647
068401504,372,276,648
068401505,530,380,910
068401506,521,400,921
068401507,259,203,462
068401508,314,196,510
068401509,434,401,835
068401510,482,414,896
068401511,254,207,461
068401512,281,235,516
068401513,455,359,814
068401514,461,366,827
068401601,378,284,662
068401602,380,316,696
068401603,404,354,758
068401604,406,324,730
068401605,426,389,815
068401606,421,351,772
068401607,337,255,592
068401608,482,344,826
068401609,419,323,742
068401610,310,259,569
068401611,289,185,474
068401612,293,224,517
068401613,385,335,720
068401614,228,199,427
068401701,341,327,668
068401702,614,439,1053
068401703,456,400,856
068401704,379,280,659
068401705,412,409,821
068401706,537,563,1100
068401707,301,292,593
068401708,409,381,790
068401709,281,242,523
068401710,359,297,656
068401711,268,259,527
068401712,293,292,585
068401713,306,228,534
068401801,165,233,398
068401802,390,265,655
068401803,263,201,464
068401804,282,174,456
068401805,237,175,412
068401806,446,414,860
068401807,518,436,954
068401808,600,476,1076
068401809,510,424,934
068401810,513,464,977
068401811,338,249,587
068401812,318,270,588
068401813,486,426,912
068401814,353,320,673
068401901,251,182,433
068401902,354,242,596
068401903,492,359,851
068401904,636,519,1155
068401905,446,438,884
068401906,624,491,1115
068401907,445,266,711
068401908,448,466,914
068401909,362,324,686
068401910,305,258,563
068401911,470,456,926
068401912,441,392,833
068402001,398,353,751
068402002,402,379,781
068402003,533,504,1037
068402004,463,471,934
068402005,443,417,860
068402006,444,424,868
068402007,388,393,781
068402008,355,360,715
068402009,446,454,900
068402010,327,347,674
068402011,490,529,1019
068402101,412,300,712
068402102,317,254,571
068402103,230,193,423
068402104,357,286,643
068402105,333,313,646
068402106,570,478,1048
068402107,501,483,984
068402108,500,438,938
068402109,564,600,1164
068402110,605,605,1210
068402201,536,628,1164
068402202,417,475,892
068402203,470,483,953
068402204,448,421,869
068402205,392,378,770
068402206,458,415,873
068402207,560,467,1027
068402208,463,642,1105
068402301,360,326,686
068402302,412,363,775
068402303,240,226,466
068402304,337,268,605
068402305,529,438,967
068402306,256,280,536
068402307,282,242,524
068402308,630,704,1334
068402309,302,341,643
068402310,455,400,855
068402401,514,439,953
068402402,406,347,753
068402403,265,273,538
068402404,335,341,676
068402405,364,445,809
068402406,430,406,836
068402407,444,383,827
068402408,343,308,651
068402409,371,309,680
068402410,271,204,475
068402501,164,230,394
068402502,87,102,189
068402503,197,330,527
068402504,309,447,756
068402505,177,285,462
068402506,458,656,1114
068402507,125,267,392
068402508,179,290,469
068402509,222,274,496
068402510,393,423,816
068402511,313,405,718
068402601,661,854,1515
068402602,1344,1775,3119
068402603,476,619,1095
068402604,201,247,448
068402605,452,468,920
068402606,1332,1547,2879
068402607,269,225,494
068402608,5,9,14
068402701,343,332,675
068402702,529,566,1095
068402703,381,607,988
068402704,516,496,1012
068402705,117,124,241
068402706,193,176,369
068402707,378,321,699
068402708,379,404,783
068402709,450,311,761
068402710,463,478,941
068402711,315,325,640
068402712,446,457,903
068402713,412,367,779
068402801,444,461,905
068402802,446,402,848
068402803,238,370,608
068402804,353,414,767
068402805,596,557,1153
068402806,409,432,841
068402807,577,531,1108
068402808,370,286,656
068402809,401,440,841
068402810,332,318,650
068402811,445,500,945
068402901,449,460,909
068402902,346,342,688
068402903,706,687,1393
068402904,461,400,861
068402905,530,528,1058
068402906,345,290,635
068402907,438,452,890
068402908,388,376,764
068402909,470,470,940
068402910,516,534,1050
068402911,260,246,506
068403001,370,322,692
068403002,238,200,438
068403003,437,294,731
068403004,420,366,786
068403005,235,207,442
068403006,314,295,609
068403007,303,329,632
068403008,481,421,902
068403009,306,284,590
068403010,256,230,486
068403011,435,322,757
068403012,248,189,437
068403013,272,177,449
068403101,172,147,319
068403102,472,413,885
068403103,466,350,816
068403104,348,329,677
068403105,444,442,886
068403106,448,460,908
068403107,410,352,762
068403108,404,442,846
068403109,509,472,981
068403110,420,311,731
068403201,207,178,385
068403202,466,333,799
068403203,324,290,614
068403204,456,375,831
068403205,413,389,802
068403206,365,318,683
068403207,420,380,800
068403208,389,479,868
068403209,458,364,822
068610101,382,259,641
068610102,270,172,442
068610103,318,222,540
068610104,413,296,709
068610105,449,272,721
068610106,299,209,508
068610107,335,193,528
068610108,412,271,683
068610109,390,275,665
068610110,289,223,512
068610111,278,203,481
068610201,330,409,739
068610202,347,207,554
068610203,221,113,334
068610204,510,352,862
068610205,271,173,444
068610206,277,115,392
068610207,304,209,513
068610208,164,116,280
068610209,462,355,817
068610210,525,340,865
068610211,424,273,697
068610212,300,193,493
068610301,385,251,636
068610302,353,197,550
068610303,434,297,731
068610304,463,271,734
068610305,311,194,505
068610306,307,157,464
068610307,286,190,476
068610308,363,205,568
068610309,187,127,314
068610310,281,151,432
068610311,364,207,571
068610401,297,161,458
068610402,295,179,474
068610403,296,193,489
068610404,193,115,308
068610405,327,173,500
068610406,382,181,563
068610407,456,279,735
068610408,243,132,375
068610409,324,226,550
068610410,389,276,665
068610411,255,191,446
068610501,342,232,574
068610502,226,172,398
068610503,337,194,531
068610504,388,266,654
068610505,324,267,591
068610506,0,0,0
068610507,324,172,496
068610508,584,382,966
068610509,397,232,629
068610601,130,98,228
068610602,249,145,394
068610603,380,285,665
068610604,352,156,508
068610605,172,97,269
068610606,341,211,552
068610607,326,187,513
068610608,216,101,317
068610609,353,208,561
068610610,494,355,849
068610611,198,119,317
068610701,433,289,722
068610702,296,178,474
068610703,296,191,487
068610704,408,271,679
068610705,443,240,683
068610706,262,171,433
068610707,400,253,653
068610708,365,279,644
068610709,472,322,794
068610801,417,263,680
068610802,400,324,724
068610803,314,215,529
068610804,440,324,764
068610805,258,152,410
068610806,355,203,558
068610807,262,173,435
068610808,386,234,620
068610809,224,167,391
068610810,448,317,765
068610811,251,212,463
068610901,416,343,759
068610902,242,183,425
068610903,309,231,540
068610904,326,254,580
068610905,551,434,985
068610906,465,344,809
068610907,426,357,783
068610908,318,247,565
068610909,148,135,283
068610910,372,260,632
068610911,577,491,1068
068610912,475,302,777
068611001,472,414,886
068611002,570,405,975
068611003,532,465,997
068611004,502,414,916
068611005,454,425,879
068611006,468,371,839
068611007,423,369,792
068611008,457,374,831
068611009,393,329,722
068611010,475,324,799
068611101,484,407,891
068611102,369,303,672
068611103,425,319,744
068611104,332,254,586
068611105,304,269,573
068611106,473,393,866
068611107,492,530,1022
068611108,312,287,599
068611109,415,344,759
068611110,350,228,578
068611201,341,275,616
068611202,383,314,697
068611203,275,183,458
068611204,293,207,500
068611205,472,371,843
068611206,351,272,623
068611207,427,373,800
068611208,417,422,839
068611209,438,355,793
068611301,243,141,384
068611302,298,187,485
068611303,283,213,496
068611304,340,286,626
068611305,403,261,664
068611306,539,354,893
068611307,379,272,651
068611308,361,259,620
068611309,518,379,897
068611401,352,200,552
068611402,270,196,466
068611403,322,260,582
068611404,411,352,763
068611405,308,193,501
068611406,267,193,460
068611407,478,326,804
068611408,433,260,693
068611409,500,372,872
068611410,373,231,604
068611411,191,134,325
068611412,265,160,425
068611501,296,189,485
068611502,339,205,544
068611503,541,378,919
068611504,115,95,210
068611505,221,127,348
068611506,377,284,661
068611507,424,273,697
068611508,472,318,790
068611509,297,192,489
068611510,520,425,945
068611601,319,210,529
068611602,305,179,484
068611603,395,300,695
068611604,483,351,834
068611605,467,332,799
068611606,392,362,754
068611607,445,380,825
068611608,408,310,718
068611609,518,453,971
068611610,484,353,837
068611611,396,387,783
068611701,482,380,862
068611702,479,365,844
068611703,395,288,683
068611704,322,255,577
068611705,389,290,679
068611706,414,294,708
068611707,506,428,934
068611708,490,370,860
068611709,454,386,840
068611801,527,447,974
068611802,537,416,953
068611803,434,388,822
068611804,350,287,637
068611805,262,243,505
068611806,481,415,896
068611807,424,379,803
068611808,451,350,801
068611809,453,381,834
068611810,544,415,959
068611901,422,312,734
068611902,154,111,265
068611903,404,262,666
068611904,426,316,742
068611905,522,387,909
068611906,475,312,787
068611907,500,368,868
068611908,421,310,731
068611909,470,323,793
068611910,432,294,726
068611911,516,349,865
068611912,564,412,976
068611913,357,228,585
068611914,419,292,711
068611915,272,224,496
068612001,468,454,922
068612002,326,350,676
068612003,451,417,868
068612004,406,353,759
068612005,465,363,828
068612006,478,398,876
068612007,417,342,759
068612008,278,294,572
068612101,521,396,917
068612102,399,330,729
068612103,470,349,819
068612104,444,375,819
068612105,442,299,741
068612106,531,395,926
068612107,492,409,901
068612108,557,470,1027
068612109,377,333,710
068612201,477,331,808
068612202,472,441,913
068612203,497,374,871
068612204,458,307,765
068612205,520,386,906
068612206,456,369,825
068612207,487,422,909
068612208,513,450,963
068612209,329,264,593
068612210,335,271,606
068612211,310,238,548
068612212,304,214,518
068612301,596,608,1204
068612302,549,496,1045
068612303,561,556,1117
068612304,448,530,978
068612305,579,685,1264
068612306,204,243,447
068612307,579,565,1144
068612308,329,270,599
068612309,371,326,697
068612401,548,500,1048
068612402,533,536,1069
068612403,346,324,670
068612404,325,311,636
068612405,525,506,1031
068612406,415,332,747
068612407,653,496,1149
068612408,605,411,1016
068612409,484,358,842
068612410,528,343,871
068612411,603,549,1152
068612501,325,284,609
068612502,602,593,1195
068612503,516,488,1004
068612504,284,366,650
068612505,401,425,826
068612506,430,356,786
068612507,437,320,757
068612508,548,442,990
068612509,547,430,977
068612601,554,463,1017
068612602,422,340,762
068612603,411,274,685
068612604,406,382,788
068612605,443,371,814
068612606,443,374,817
068612607,464,366,830
068612608,590,503,1093
068612609,453,389,842
068612610,422,393,815
068612701,503,358,861
068612702,436,329,765
068612703,417,334,751
068612704,370,272,642
068612705,373,292,665
068612706,399,382,781
068612707,455,392,847
068612708,452,425,877
068612709,382,301,683
068612710,401,369,770
068612801,259,180,439
068612802,470,422,892
068612803,348,294,642
068612804,381,358,739
068612805,343,280,623
068612806,376,316,692
068612807,374,298,672
068612808,239,249,488
068612809,348,321,669
068612810,431,325,756
068612901,760,685,1445
068612902,400,335,735
068612903,507,371,878
068612904,374,316,690
068612905,400,386,786
068612906,281,236,517
068612907,356,374,730
068612908,678,947,1625
068612909,338,356,694
068612910,482,370,852
068612911,391,274,665
068612912,252,205,457
068613001,367,349,716
068613002,403,577,980
068613003,458,658,1116
068613004,579,967,1546
068613005,284,499,783
068613006,316,445,761
068613007,370,558,928
068613008,101,96,197
068613009,675,632,1307
068613010,300,248,548
068613011,359,347,706
068613012,465,438,903
068613101,612,535,1147
068613102,809,646,1455
068613103,483,412,895
068613104,903,839,1742
068613105,332,293,625
068613106,439,491,930
068613107,581,604,1185
068613108,558,584,1142
068613109,476,461,937
068613110,553,535,1088
068613201,279,220,499
068613202,536,439,975
068613203,94,80,174
068613204,133,92,225
068613205,195,133,328
068613206,335,324,659
068613207,509,499,1008
068613208,312,294,606
068613209,257,203,460
068613210,477,419,896
068613301,438,443,881
068613302,446,458,904
068613303,461,453,914
068613304,324,268,592
068613305,468,425,893
068613306,335,305,640
068613307,422,408,830
068613308,414,395,809
068613309,483,451,934
068613310,532,455,987
060070101,218,214,432
060070102,333,281,614
060070103,11,14,25
060070104,2,0,2
060070105,13,16,29
060070106,8,6,14
060070107,101,93,194
060070108,8,12,20
060070109,9,3,12
060070110,10,8,18
060070111,2,11,13
060070112,11,2,13
060070113,20,13,33
060070114,30,23,53
060070115,187,162,349
060070201,11,18,29
060070202,8,8,16
060070203,16,19,35
060070204,6,9,15
060070205,8,7,15
060070206,16,13,29
060070207,3,0,3
060070208,3,6,9
060070209,10,4,14
060070301,9,4,13
060070302,5,14,19
060070303,21,18,39
060070304,18,10,28
060070305,6,0,6
060070306,20,34,54
060070307,4,10,14
060070308,15,6,21
060070401,14,10,24
060070402,83,88,171
060070403,291,224,515
060070404,329,304,633
060070405,415,344,759
060070406,194,165,359
060070407,220,229,449
060070408,11,8,19
060070409,8,5,13
060070410,4,1,5
060070411,3,8,11
060070412,0,2,2
060070413,4,9,13
060070501,53,44,97
060070502,0,0,0
060070503,7,7,14
060070504,8,15,23
060070505,6,1,7
060070506,4,3,7
060070507,8,1,9
060070508,5,1,6
060070509,7,10,17
060070510,7,1,8
060070511,4,7,11
060070512,6,8,14
060070513,3,0,3
060070514,15,9,24
060070515,18,12,30
060070516,5,5,10
060070601,177,228,405
060070602,9,11,20
060070603,13,3,16
060070604,1,0,1
060070605,10,9,19
060070606,16,17,33
060070607,0,1,1
060070608,6,6,12
060070609,6,13,19
060070610,8,11,19
060070611,7,9,16
060070612,38,69,107
060070613,9,9,18
060070614,4,4,8
060070615,12,8,20
060070701,13,16,29
060070702,257,349,606
060070703,12,2,14
060070704,8,2,10
060070801,44,43,87
060070802,135,173,308
060070803,318,381,699
060070804,276,276,552
060070805,201,220,421
060070806,397,316,713
060070807,438,289,727
060070808,328,245,573
060070809,486,352,838
060070810,394,321,715
060070811,274,279,553
060070812,245,228,473
060070813,252,318,570
060070814,411,535,946
060070901,5,3,8
060070902,9,12,21
060070903,13,1,14
060070904,5,5,10
060070905,2,2,4
060070906,9,5,14
060071001,11,9,20
060071002,5,0,5
060071003,8,2,10
060071004,7,4,11
060071005,20,12,32
060071006,19,8,27
060071007,9,5,14
060071008,2,3,5
060071009,10,5,15
060071010,13,16,29
060071011,11,12,23
060071012,4,4,8
060071101,13,21,34
060071102,0,0,0
060071103,6,6,12
060071104,10,9,19
060071105,9,5,14
060071106,2,4,6
060071107,3,9,12
060071108,15,2,17
060071109,0,0,0
060071110,5,8,13
060071111,8,8,16
060140101,21,36,57
060140201,19,12,31
060140301,89,101,190
060140302,39,51,90
060140401,43,46,89
060140501,196,133,329
060140502,47,64,111
060140503,52,39,91
060140504,402,353,755
060140505,201,186,387
060140601,25,15,40
060140701,15,21,36
060140801,24,38,62
060140901,19,16,35
060141001,149,179,328
060141002,42,32,74
060141003,174,222,396
060141004,270,225,495
060141005,307,288,595
060141006,269,259,528
060141007,205,202,407
060141008,341,295,636
060141009,388,273,661
060141010,509,345,854
060141011,415,280,695
060141012,235,248,483
060141013,427,287,714
060141014,277,255,532
060141015,400,447,847
060141101,32,15,47
060141201,15,29,44
060141202,21,11,32
060141301,23,37,60
060141401,11,3,14
060141501,2,4,6
060210101,11,4,15
060210102,10,3,13
060210201,188,193,381
060210202,211,142,353
060210203,21,19,40
060210204,12,7,19
060210205,8,3,11
060210206,80,79,159
060210207,16,15,31
060210301,7,8,15
060210302,13,6,19
060210401,22,5,27
060210402,9,2,11
060210501,195,168,363
060210502,16,12,28
060210503,7,3,10
060210601,138,157,295
060210602,620,499,1119
060210603,407,253,660
060210604,521,460,981
060210605,373,193,566
060210606,423,263,686
060210607,575,485,1060
060210608,196,149,345
060210609,36,37,73
060210610,118,138,256
060210611,448,409,857
060210612,336,256,592
060210701,9,8,17
060210702,9,1,10
060210801,77,89,166
060210802,8,3,11
060210803,17,15,32
060210804,21,15,36
060210901,21,8,29
060210902,10,6,16
060210903,15,15,30
060210904,19,14,33
060211001,15,8,23
060211002,50,52,102
060211003,12,10,22
060420101,562,597,1159
060420102,365,276,641
060420103,361,273,634
060420104,340,218,558
060420105,345,298,643
060420106,333,273,606
060420107,318,284,602
060420108,531,345,876
060420109,584,495,1079
060420201,74,62,136
060420301,95,57,152
060420401,57,48,105
060420501,152,118,270
060420601,72,61,133
060420701,75,71,146
060420801,63,38,101
060420901,115,104,219
060421001,74,56,130
060421101,26,27,53
060421102,200,202,402
060421103,369,439,808
060421201,64,60,124
060421301,55,29,84
060421401,83,65,148
060421501,56,34,90
060421601,44,28,72
060421701,43,46,89
060421801,32,23,55
060421901,438,463,901
060421902,409,373,782
060421903,480,564,1044
060421904,456,275,731
060421905,458,296,754
060421906,447,286,733
060421907,348,327,675
060421908,339,357,696
060421909,636,750,1386
060490101,301,255,556
060490102,267,177,444
060490103,354,263,617
060490104,369,238,607
060490105,346,230,576
060490106,312,210,522
060490107,406,269,675
060490108,401,286,687
060490109,321,226,547
060490110,373,424,797
060490111,353,331,684
060490112,202,221,423
060490113,402,257,659
060490114,359,410,769
060490115,237,341,578
060490116,242,328,570
060490201,346,228,574
060490202,384,271,655
060490203,341,291,632
060490204,498,453,951
060490205,547,615,1162
060490206,373,318,691
060490207,327,259,586
060490208,403,340,743
060490209,401,459,860
060490210,264,339,603
060490211,345,410,755
060490212,413,424,837
060490213,298,377,675
060490301,65,51,116
060490302,42,25,67
060490401,170,164,334
060490402,125,122,247
060490403,131,128,259
060490404,147,111,258
060490405,225,167,392
060490406,215,197,412
060490407,259,274,533
060490501,328,265,593
060490502,335,202,537
060490503,311,221,532
060490504,581,512,1093
060490505,435,351,786
060490506,377,247,624
060490507,439,327,766
060490508,532,480,1012
060490601,448,328,776
060490602,293,424,717
060490603,535,528,1063
060490604,350,327,677
060490605,356,297,653
060490606,490,431,921
060490607,441,470,911
060490608,609,570,1179
060490609,398,500,898
060490610,204,214,418
060490611,456,570,1026
060490612,417,465,882
060490613,549,732,1281
060490614,383,470,853
060490615,172,242,414
060490701,5,8,13
060490702,47,35,82
060490801,25,22,47
060490901,47,30,77
060491001,141,143,284
060491002,135,145,280
060491003,203,253,456
060491004,154,100,254
060491005,116,158,274
060491006,134,160,294
060491007,134,207,341
060491008,220,229,449
060491009,74,75,149
060491101,34,33,67
060491102,45,44,89
060491201,54,36,90
060491301,45,41,86
060491401,23,19,42
060491402,26,18,44
060491501,35,42,77
060491601,39,41,80
060491701,40,44,84
060491801,122,109,231
060491901,64,77,141
060492001,507,415,922
060492002,486,478,964
060492003,55,42,97
060492004,36,40,76
060492005,19,26,45
060492006,220,230,450
060492007,276,220,496
060492101,54,66,120
060492102,69,80,149
060492201,97,120,217
060492301,65,70,135
060492401,36,15,51
060492501,344,516,860
060492502,573,872,1445
060492503,227,302,529
060492504,458,439,897
060492505,307,523,830
060492506,351,319,670
060492507,595,579,1174
060492508,524,472,996
060492509,607,630,1237
060492510,386,497,883
060560101,273,398,671
060560102,299,402,701
060560103,248,471,719
060560104,126,200,326
060560105,156,222,378
060560106,136,208,344
060560107,111,269,380
060560108,338,631,969
060560109,152,193,345
060560110,203,261,464
060560111,283,293,576
060560112,275,252,527
060560113,259,242,501
060560114,160,229,389
060560115,239,251,490
060560116,192,246,438
060560117,242,199,441
060560118,173,167,340
060560119,336,267,603
060560201,289,606,895
060560202,457,639,1096
060560203,294,235,529
060560204,333,245,578
060560205,307,232,539
060560206,210,200,410
060560207,318,339,657
060560208,413,414,827
060560209,318,335,653
060560210,377,340,717
060560211,386,514,900
060560212,416,433,849
060560213,233,201,434
060560214,324,283,607
060560301,185,163,348
060560302,249,194,443
060560303,348,281,629
060560304,371,269,640
060560305,177,113,290
060560306,324,319,643
060560307,318,258,576
060560308,253,197,450
060560309,255,272,527
060560310,351,321,672
060560311,461,396,857
060560312,271,305,576
060560401,487,483,970
060560402,315,349,664
060560403,452,452,904
060560404,605,517,1122
060560405,613,436,1049
060560406,568,453,1021
060560407,383,379,762
060560408,331,277,608
060560409,292,224,516
060560410,183,212,395
060560501,311,361,672
060560502,427,444,871
060560503,487,726,1213
060560504,518,551,1069
060560505,240,242,482
060560506,390,450,840
060560507,378,464,842
060560508,281,275,556
060560509,455,593,1048
060560601,344,461,805
060560602,383,489,872
060560603,495,503,998
060560604,233,321,554
060560605,533,646,1179
060560606,234,247,481
060560607,556,563,1119
060560608,456,560,1016
060560609,461,611,1072
060560701,528,494,1022
060560702,375,345,720
060560703,489,482,971
060560704,508,489,997
060560705,277,352,629
060560706,303,369,672
060560707,473,516,989
060560708,371,366,737
060560709,459,577,1036
060560710,406,487,893
060560711,435,603,1038
060560801,615,853,1468
060560802,552,959,1511
060560803,470,667,1137
060560804,512,777,1289
060560805,569,764,1333
060560806,349,404,753
060560807,301,429,730
060560808,121,141,262
060560809,617,949,1566
060560810,251,341,592
060560811,26,38,64
060560812,348,488,836
060560813,392,640,1032
060560814,501,799,1300
060560815,230,426,656
060560901,340,260,600
060560902,333,266,599
060560903,294,248,542
060560904,330,276,606
060560905,289,246,535
060560906,432,352,784
060560907,327,239,566
060560908,296,319,615
060560909,154,274,428
060560910,238,232,470
060560911,293,244,537
060561001,147,123,270
060561002,208,135,343
060561003,270,215,485
060561004,378,233,611
060561005,207,176,383
060561006,188,159,347
060561007,295,207,502
060561008,368,312,680
060561009,310,205,515
060561010,260,212,472
060561011,226,243,469
060561101,261,197,458
060561102,194,131,325
060561103,191,111,302
060561104,173,213,386
060561105,188,180,368
060561106,221,150,371
060561107,277,179,456
060561108,232,165,397
060561109,179,148,327
060561110,371,235,606
060561111,222,211,433
060561112,295,266,561
060561113,237,244,481
060561114,228,174,402
060561201,228,336,564
060561202,206,302,508
060561203,178,189,367
060561204,279,277,556
060561205,246,229,475
060561206,188,243,431
060561207,185,170,355
060561208,260,202,462
060561209,229,245,474
060561210,138,99,237
060561211,171,136,307
060561301,444,545,989
060561302,304,357,661
060561303,255,326,581
060561304,159,145,304
060561305,185,195,380
060561306,259,308,567
060561307,235,379,614
060561308,265,343,608
060561309,108,213,321
060561310,219,255,474
060561401,223,224,447
060561402,282,254,536
060561403,273,250,523
060561404,248,232,480
060561405,196,218,414
060561406,463,430,893
060561407,193,291,484
060561408,263,313,576
060561409,156,205,361
060561410,269,297,566
060561411,276,251,527
060561412,185,162,347
060561413,386,272,658
060561414,348,336,684
060561415,136,172,308
060561416,290,346,636
060561417,307,256,563
060561418,235,199,434
060561419,272,250,522
060561420,96,84,180
060561421,186,157,343
060561501,383,501,884
060561502,555,592,1147
060561503,424,443,867
060561504,299,332,631
060561505,389,395,784
060561506,413,527,940
060561507,428,389,817
060561508,516,617,1133
060561509,203,327,530
060561510,316,277,593
060561511,333,324,657
060561512,509,574,1083
060561513,285,379,664
060561514,445,591,1036
060561515,555,714,1269
060561516,208,322,530
060561517,223,274,497
060561601,275,262,537
060561602,260,251,511
060561603,284,286,570
060561604,243,184,427
060561605,406,320,726
060561606,231,170,401
060561607,243,188,431
060561608,441,360,801
060561609,379,351,730
060561610,357,319,676
060561611,385,337,722
060561612,275,274,549
060561613,390,314,704
060561614,324,230,554
060561701,425,393,818
060561702,411,371,782
060561703,412,390,802
060561704,260,263,523
060561705,222,178,400
060561706,392,341,733
060561707,451,331,782
060561708,329,272,601
060561709,330,289,619
060561710,272,304,576
060561801,477,530,1007
060561802,479,453,932
060561803,261,265,526
060561804,337,409,746
060561805,374,385,759
060561806,370,371,741
060561807,431,439,870
060561808,475,389,864
060561809,377,409,786
060561810,335,347,682
060561901,407,517,924
060561902,427,465,892
060561903,566,599,1165
060561904,417,589,1006
060561905,514,730,1244
060561906,532,648,1180
060561907,468,711,1179
060561908,289,477,766
060561909,276,431,707
060561910,555,947,1502
060561911,418,493,911
060561912,503,595,1098
060561913,530,617,1147
060561914,312,300,612
060562001,505,443,948
060562002,495,410,905
060562003,384,353,737
060562004,369,337,706
060562005,442,404,846
060562006,326,248,574
060562007,267,236,503
060562008,205,261,466
060562009,263,234,497
060562010,278,265,543
060562101,436,396,832
060562102,373,363,736
060562103,259,291,550
060562104,287,323,610
060562105,468,398,866
060562106,234,281,515
060562107,415,597,1012
060562108,233,243,476
060562109,280,330,610
060562110,345,338,683
060562111,438,524,962
060562201,438,418,856
060562202,417,450,867
060562203,507,490,997
060562204,498,621,1119
060562205,311,442,753
060562206,382,576,958
060562207,291,334,625
060562208,508,543,1051
060562209,301,242,543
060562210,368,364,732
060562211,279,344,623
060562212,162,239,401
060562213,309,561,870
060562214,406,506,912
060562215,383,506,889
060562216,442,407,849
060562217,486,440,926
060562301,201,377,578
060562302,319,506,825
060562303,419,561,980
060562304,604,892,1496
060562305,310,349,659
060562306,427,491,918
060562307,340,450,790
060562308,390,410,800
060562309,545,580,1125
060562310,367,351,718
060562311,245,255,500
060562312,239,295,534
060562313,304,291,595
060562314,374,471,845
060562315,335,416,751
060562316,359,523,882
060562401,496,645,1141
060562402,602,851,1453
060562403,386,517,903
060562404,465,645,1110
060562405,420,646,1066
060562406,540,737,1277
060562407,541,649,1190
060562408,742,1332,2074
060562409,501,625,1126
060562410,368,412,780
060562411,223,285,508
060562412,552,823,1375
060562413,472,708,1180
060562414,266,385,651
060562415,269,437,706
060562416,421,632,1053
060562417,192,315,507
060562501,557,525,1082
060562502,723,1165,1888
060562503,386,461,847
060562504,506,698,1204
060562505,450,694,1144
060562506,524,772,1296
060562507,501,722,1223
060562508,479,565,1044
060562509,477,568,1045
060562510,401,490,891
060562511,419,476,895
060562512,479,485,964
060562513,352,339,691
060562514,368,346,714
060562515,303,337,640
060562516,357,399,756
060562601,418,437,855
060562602,422,459,881
060562603,392,522,914
060562604,161,196,357
060562605,334,471,805
060562606,237,262,499
060562607,456,447,903
060562608,472,427,899
060562609,275,327,602
060562610,790,886,1676
060562611,626,586,1212
060562612,228,253,481
060562613,584,710,1294
060562614,463,631,1094
060562615,274,512,786
060562616,313,542,855
060562617,533,834,1367
060562618,210,424,634
060562619,207,399,606
060562701,100,79,179
060562702,333,390,723
060562703,382,573,955
060562704,369,510,879
060562705,158,217,375
060562706,134,157,291
060562707,407,560,967
060562708,201,262,463
060562801,31,15,46
060562901,20,17,37
060563001,66,55,121
060563002,172,206,378
060563003,270,235,505
060563004,276,225,501
060563005,139,144,283
060563006,95,79,174
060563007,29,37,66
060563101,59,64,123
060563201,22,15,37
060563202,244,336,580
060563203,442,531,973
060563204,112,162,274
060563205,447,476,923
060563206,461,555,1016
060563207,231,280,511
060563208,356,426,782
060563209,526,530,1056
060563210,398,416,814
060563211,397,429,826
060563212,13,9,22
060630101,352,500,852
060630102,424,384,808
060630103,429,464,893
060630104,416,582,998
060630105,508,614,1122
060630106,408,334,742
060630107,394,344,738
060630108,503,477,980
060630109,469,614,1083
060630110,319,281,600
060630111,395,292,687
060630112,311,242,553
060630113,332,273,605
060630114,337,309,646
060630115,438,558,996
060630116,331,368,699
060630117,329,307,636
060630201,559,693,1252
060630202,429,309,738
060630203,402,314,716
060630204,357,497,854
060630205,495,430,925
060630206,160,265,425
060630207,386,473,859
060630208,484,401,885
060630301,18,11,29
060630302,212,196,408
060630303,63,67,130
060630304,23,23,46
060630305,35,43,78
060630306,25,29,54
060630401,12,9,21
060630402,21,36,57
060630403,27,21,48
060630404,37,54,91
060630405,10,34,44
060630406,34,35,69
060630501,10,16,26
060630502,19,14,33
060630601,59,36,95
060630602,29,27,56
060630603,27,36,63
060630604,28,35,63
060630605,42,34,76
060630606,24,10,34
060630607,14,23,37
060630701,596,818,1414
060630702,220,341,561
060630703,462,506,968
060630704,354,354,708
060630705,225,276,501
060630706,481,626,1107
060630707,331,300,631
060630708,646,587,1233
060630709,377,411,788
060630801,6,5,11
060630802,70,77,147
060630803,10,9,19
060630804,31,39,70
060630805,72,55,127
060630806,79,83,162
060630901,117,93,210
060630902,19,13,32
060630903,20,16,36
060630904,5,5,10
060630905,6,15,21
060630906,121,113,234
060631001,21,31,52
060631002,154,160,314
060631003,42,40,82
060631004,26,22,48
060631101,30,32,62
060631102,76,53,129
060631103,51,42,93
060631104,72,56,128
060631105,47,56,103
060631106,54,43,97
060631107,24,17,41
060631201,23,18,41
060631202,20,20,40
060631203,10,8,18
060631301,348,271,619
060631302,482,379,861
060631303,563,534,1097
060631304,437,324,761
060631305,453,328,781
060631306,422,358,780
060631307,537,454,991
060631308,514,465,979
060700101,230,174,404
060700102,213,135,348
060700103,373,197,570
060700104,215,134,349
060700105,349,218,567
060700106,430,338,768
060700107,416,307,723
060700108,388,266,654
060700109,488,305,793
060700110,424,283,707
060700111,221,157,378
060700112,189,133,322
060700113,240,167,407
060700201,721,552,1273
060700202,467,424,891
060700203,308,195,503
060700204,595,400,995
060700205,533,486,1019
060700206,516,631,1147
060700207,284,168,452
060700208,432,480,912
060700209,419,399,818
060700210,659,764,1423
060700211,329,388,717
060700212,545,586,1131
060700213,449,355,804
060700214,475,510,985
060700215,448,394,842
060700216,294,294,588
060700217,207,143,350
060700218,219,211,430
060700301,102,123,225
060700302,130,97,227
060700303,160,109,269
060700304,97,97,194
060700305,620,689,1309
060700306,658,777,1435
060700401,529,523,1052
060700402,19,24,43
060700403,32,18,50
060700404,151,180,331
060700501,55,33,88
060700502,38,27,65
060700601,21,19,40
060700602,49,54,103
060700701,36,13,49
060700702,28,27,55
060700801,172,171,343
060700802,13,5,18
060700803,15,7,22
060700804,22,14,36
060700805,23,14,37
060700806,7,6,13
060700901,10,1,11
060700902,4,4,8
060700903,19,12,31
060700904,10,3,13
060701001,88,81,169
060701002,35,32,67
060701003,17,22,39
060701004,12,9,21
060701101,9,8,17
060701102,4,4,8
060701201,22,27,49
060701202,19,32,51
060770101,395,558,953
060770102,366,456,822
060770103,392,235,627
060770104,352,235,587
060770105,409,317,726
060770106,526,460,986
060770107,149,152,301
060770108,314,243,557
060770109,410,328,738
060770201,31,24,55
060770202,27,21,48
060770301,17,20,37
060770302,10,6,16
060770401,330,333,663
060770402,210,222,432
060770403,18,16,34
060770404,15,6,21
060770405,18,25,43
060770501,522,476,998
060770502,314,255,569
060770503,429,481,910
060770504,229,226,455
060770505,352,435,787
060770506,40,34,74
060770507,10,27,37
060770508,28,27,55
060770509,622,707,1329
060770510,795,1050,1845
060770511,432,404,836
060770512,276,236,512
060770513,256,289,545
060770514,131,158,289
060770601,37,20,57
060770602,37,33,70
060770603,41,25,66
060770701,20,12,32
060770801,14,12,26
060770901,10,18,28
060770902,7,15,22
060770903,15,20,35
060770904,24,31,55
060770905,14,7,21
060771001,3,2,5
060771002,11,12,23
060771003,10,6,16
060771101,9,4,13
060771102,12,8,20
060771103,18,9,27
060771201,31,21,52
060771202,17,20,37
060771302,15,23,38
060771303,19,14,33
060771401,410,669,1079
060771402,519,423,942
060771403,419,364,783
060771404,516,371,887
060771405,353,233,586
060771406,437,349,786
060771407,377,298,675
060771408,599,736,1335
060771409,511,526,1037
060840101,31,22,53
060840102,19,23,42
060840103,43,29,72
060840201,24,19,43
060840202,19,17,36
060840301,73,61,134
060840302,26,32,58
060840303,21,8,29
060840304,23,21,44
060840305,21,13,34
060840401,3,6,9
060840402,42,48,90
060840403,15,35,50
060840501,41,41,82
060840502,25,23,48
060840602,9,7,16
060840603,12,3,15
060840604,16,9,25
060840605,16,4,20
060840701,89,80,169
060840702,252,301,553
060840703,232,319,551
060840704,411,319,730
060840705,223,221,444
060840706,358,272,630
060840707,396,231,627
060840708,376,282,658
060840709,362,207,569
060840710,349,272,621
060840711,480,548,1028
060840801,53,67,120
060840802,19,14,33
060840803,38,29,67
060840804,9,3,12
060840901,501,635,1136
060840902,355,276,631
060840903,176,172,348
060840904,167,169,336
060840905,241,268,509
060840906,292,259,551
060840907,39,35,74
060840908,10,9,19
060840909,19,21,40
060841001,15,23,38
060841002,7,3,10
060841003,16,10,26
060841101,9,7,16
060841102,41,43,84
060841201,114,82,196
060841202,165,214,379
060841203,273,281,554
060841204,421,369,790
060841205,319,344,663
060841206,596,597,1193
060841207,275,182,457
060841208,473,356,829
060841209,244,288,532
060841210,402,500,902
060980101,395,385,780
060980102,430,429,859
060980103,402,426,828
060980104,389,329,718
060980105,372,331,703
060980106,424,407,831
060980107,330,261,591
060980108,296,316,612
060980109,349,310,659
060980110,433,432,865
060980111,523,513,1036
060980112,358,289,647
060980201,368,371,739
060980202,471,474,945
060980203,343,357,700
060980204,549,638,1187
060980205,411,439,850
060980206,416,371,787
060980207,527,579,1106
060980208,470,625,1095
060980209,282,360,642
060980210,431,508,939
060980211,296,428,724
060980212,618,874,1492
060980213,290,260,550
060980214,296,422,718
060980215,327,393,720
060980301,193,161,354
060980302,211,137,348
060980303,521,463,984
060980304,408,445,853
060980305,366,363,729
060980306,496,571,1067
060980307,368,379,747
060980308,640,598,1238
060980309,651,926,1577
060980310,657,861,1518
060980311,284,328,612
060980312,230,197,427
060980313,202,193,395
060980401,74,98,172
060980402,117,318,435
060980403,229,260,489
060980404,136,120,256
060980405,9,14,23
060980406,227,251,478
060980407,90,96,186
060980408,52,61,113
060980501,360,617,977
060980502,506,563,1069
060980503,405,511,916
060980504,397,440,837
060980505,484,574,1058
060980506,329,444,773
060980507,318,373,691
060980508,390,383,773
060980509,373,506,879
060980510,421,587,1008
060980601,352,328,680
060980602,480,520,1000
060980603,629,792,1421
060980604,319,371,690
060980605,484,610,1094
060980606,415,405,820
060980607,377,372,749
060980608,458,468,926
060980609,595,632,1227
060980610,311,391,702
060980611,417,529,946
060980612,216,356,572
060980613,288,453,741
060980614,334,439,773
060980615,319,418,737
060980616,376,586,962
060980617,317,393,710
060980701,300,421,721
060980702,680,1082,1762
060980703,237,222,459
060980704,369,412,781
060980705,356,491,847
060980706,431,504,935
060980707,15,7,22
060980801,434,557,991
060980802,437,696,1133
060980803,280,386,666
060980804,343,501,844
060980805,164,229,393
060980806,304,293,597
060980807,195,224,419
060980808,267,278,545
060980809,281,262,543
060980810,631,818,1449
060980811,377,376,753
060980812,274,331,605
060980813,311,409,720
060980814,430,413,843
060980815,440,495,935
060980816,424,475,899
060980817,496,700,1196
061050101,491,437,928
061050102,436,385,821
061050103,394,288,682
061050104,520,326,846
061050105,319,222,541
061050106,366,199,565
061050107,398,301,699
061050108,474,323,797
061050109,360,221,581
061050201,463,377,840
061050202,426,357,783
061050203,451,345,796
061050204,217,128,345
061050205,392,286,678
061050206,375,297,672
061050207,491,367,858
061050208,210,125,335
061050209,260,205,465
061050210,409,258,667
061050211,438,353,791
061050301,156,99,255
061050401,65,53,118
061050402,25,25,50
061050403,97,96,193
061050501,48,38,86
061050601,73,67,140
061050602,58,31,89
061050701,57,50,107
061050801,193,185,378
061050802,238,276,514
061050803,350,430,780
061050804,4,8,12
061050805,91,85,176
061050806,49,47,96
061050807,52,46,98
061050808,65,48,113
061050809,51,38,89
061050901,51,40,91
061051001,77,40,117
061051002,84,46,130
061051101,319,284,603
061051102,216,157,373
061051103,204,176,380
061051104,250,162,412
061051105,420,306,726
061051106,127,104,231
061051107,122,142,264
061051201,80,72,152
061051301,213,192,405
061051302,187,140,327
061051303,319,350,669
061051304,112,88,200
061051401,596,676,1272
061051402,356,427,783
061051403,263,260,523
061051404,292,218,510
061051405,331,251,582
061051406,411,435,846
061051407,436,386,822
061051408,89,137,226
061051409,43,38,81
061051410,419,399,818
061051411,313,208,521
061051412,256,226,482
061051413,488,595,1083
061120101,309,257,566
061120102,467,475,942
061120103,591,486,1077
061120104,225,174,399
061120105,319,211,530
061120106,413,260,673
061120107,383,236,619
061120108,469,255,724
061120109,524,540,1064
061120110,647,703,1350
061120111,419,398,817
061120112,587,616,1203
061120113,359,474,833
061120201,426,527,953
061120202,503,578,1081
061120203,472,578,1050
061120204,217,248,465
061120205,449,380,829
061120206,404,363,767
061120207,377,258,635
061120208,148,179,327
061120209,241,248,489
061120210,377,328,705
061120211,621,610,1231
061120301,97,103,200
061120302,12,14,26
061120303,14,20,34
061120304,12,5,17
061120305,19,17,36
061120306,11,17,28
061120307,16,6,22
061120308,15,14,29
061120309,18,7,25
061120310,75,88,163
061120401,8,14,22
061120402,7,3,10
061120403,6,5,11
061120501,221,169,390
061120502,23,5,28
061120503,1,7,8
061120504,6,5,11
061120505,11,12,23
061120506,13,2,15
061120601,17,17,34
061120602,15,6,21
061120603,22,15,37
061120604,30,15,45
061120605,14,12,26
061120606,11,8,19
061120701,239,202,441
061120702,500,443,943
061120703,115,109,224
061120704,10,12,22
061120705,13,12,25
061120706,11,11,22
061120707,10,9,19
061120708,8,15,23
061120709,218,196,414
061120710,86,117,203
061120801,10,5,15
061120802,33,23,56
061120803,16,20,36
061120804,5,13,18
061120805,23,15,38
061120901,41,62,103
061120902,4,1,5
061120903,17,10,27
061120904,13,13,26
061120905,7,5,12
061120906,29,43,72
061120907,16,10,26
061120908,6,4,10
061121001,54,54,108
061121002,224,197,421
061121003,496,474,970
061121004,71,58,129
061121005,262,291,553
061121101,277,194,471
061121102,105,84,189
061121103,243,215,458
061121104,78,61,139
061121105,0,0,0
061121106,50,41,91
061121107,8,7,15
061121108,479,489,968
061121109,561,705,1266
061121201,9,11,20
061121202,6,4,10
061121203,6,7,13
061121204,5,3,8
061121205,10,3,13
061121301,160,180,340
061121302,14,8,22
061121303,26,25,51
061121304,11,13,24
061121305,104,109,213
061121401,407,425,832
061121402,416,504,920
061121403,400,281,681
061121404,431,301,732
061121405,414,238,652
061121406,380,215,595
061121407,400,203,603
061121408,438,237,675
061121409,406,280,686
061121410,372,227,599
061190101,38,42,80
061190102,17,14,31
061190103,9,23,32
061190104,21,15,36
061190201,14,10,24
061190202,12,27,39
061190203,141,155,296
061190204,25,50,75
061190205,51,53,104
061190206,20,18,38
061190301,393,283,676
061190302,468,377,845
061190303,500,442,942
061190304,557,703,1260
061190305,567,576,1143
061190306,238,280,518
061190307,367,399,766
061190308,410,538,948
061190309,309,542,851
061190310,59,98,157
061190401,195,219,414
061190402,18,10,28
061190403,164,161,325
061190404,82,55,137
061190405,26,30,56
061190406,50,43,93
061190407,434,396,830
061190408,160,164,324
061190409,315,363,678
061190501,120,100,220
061190502,44,48,92
061190601,17,20,37
061190602,22,25,47
061190603,32,34,66
061190701,259,310,569
061190702,427,599,1026
061190703,27,26,53
061190704,12,14,26
061190705,22,29,51
061190706,10,8,18
061190707,288,296,584
061190801,92,101,193
061190802,11,26,37
061190804,13,1,14
061190805,17,15,32
061190806,37,25,62
061190901,80,84,164
061190902,31,25,56
061190903,28,17,45
061190904,128,120,248
061191001,92,113,205
061191002,403,604,1007
061191003,407,580,987
061191004,229,430,659
061191005,384,476,860
061191006,532,671,1203
061191007,382,316,698
061191008,487,415,902
061191009,320,438,758
061191010,45,44,89
061260101,407,286,693
061260102,616,521,1137
061260103,411,402,813
061260104,308,327,635
061260105,372,313,685
061260106,372,325,697
061260107,346,308,654
061260108,381,325,706
061260109,444,411,855
061260110,367,368,735
061260111,367,268,635
061260112,534,427,961
061260113,314,322,636
061260114,327,271,598
061260201,578,761,1339
061260202,559,687,1246
061260203,545,440,985
061260204,490,473,963
061260205,570,422,992
061260206,323,382,705
061260207,347,357,704
061260208,375,447,822
061260209,536,499,1035
061260210,484,518,1002
061260211,251,269,520
061260301,337,239,576
061260302,342,223,565
061260303,505,313,818
061260304,238,144,382
061260305,269,186,455
061260306,373,280,653
061260307,469,338,807
061260308,315,242,557
061260309,443,331,774
061260310,514,459,973
061260311,446,340,786
061260401,384,258,642
061260402,350,242,592
061260403,13,34,47
061260404,570,854,1424
061260405,38,35,73
061260406,21,13,34
061260407,578,913,1491
061260501,451,528,979
061260502,535,499,1034
061260503,392,461,853
061260504,440,577,1017
061260505,583,589,1172
061260506,357,439,796
061260507,415,450,865
061260508,567,644,1211
061260509,694,1008,1702
061260510,347,396,743
061260511,378,410,788
061260512,553,752,1305
061260513,391,362,753
061260514,318,465,783
061260515,419,595,1014
061260516,479,635,1114
061260517,17,28,45
061260601,158,141,299
061260602,19,16,35
061260603,42,47,89
061260604,158,156,314
061260605,146,152,298
061260606,179,158,337
061260607,188,135,323
061260608,158,137,295
061260609,175,139,314
061260701,547,604,1151
061260702,479,456,935
061260703,622,736,1358
061260704,435,587,1022
061260705,502,604,1106
061260706,322,403,725
061260707,486,527,1013
061260708,505,533,1038
061260709,655,735,1390
061260710,489,465,954
061260801,40,50,90
061260802,237,253,490
061260803,282,248,530
061260804,394,297,691
061260805,489,328,817
061260806,380,280,660
061260807,420,367,787
061260808,456,336,792
061260809,354,225,579
061260901,690,830,1520
061260902,393,435,828
061260903,409,473,882
061260905,124,123,247
061260906,520,957,1477
061260907,640,889,1529
061260908,475,367,842
061260909,624,725,1349
061260910,627,751,1378
061260911,480,683,1163
061260912,2,0,2
061260913,203,142,345
061260914,255,532,787
061260915,210,350,560
061260916,97,74,171
061260917,100,112,212
061260918,231,446,677
061260919,95,130,225
061261001,104,161,265
061261002,54,64,118
061261003,243,286,529
061261004,42,49,91
061261005,31,58,89
061340101,417,516,933
061340102,210,261,471
061340103,300,427,727
061340104,128,158,286
061340105,544,804,1348
061340106,328,439,767
061340107,213,280,493
061340108,65,110,175
061340109,236,328,564
061340110,171,235,406
061340111,162,210,372
061340112,344,292,636
061340113,45,55,100
061340114,50,72,122
061340201,497,528,1025
061340202,356,390,746
061340203,327,597,924
061340204,648,569,1217
061340205,64,63,127
061340206,264,325,589
061340207,487,680,1167
061340208,413,550,963
061340209,371,586,957
061340301,812,841,1653
061340302,425,446,871
061340303,348,378,726
061340304,527,495,1022
061340305,454,309,763
061340306,422,335,757
061340307,658,639,1297
061340308,621,724,1345
061340309,604,448,1052
061340401,54,74,128
061340402,240,304,544
061340403,84,62,146
061340404,87,93,180
061340405,14,18,32
061340406,205,235,440
061340501,187,210,397
061340502,47,49,96
061340601,50,55,105
061340602,54,55,109
061340701,28,29,57
061340702,22,25,47
061340801,117,163,280
061340802,12,18,30
061340803,36,40,76
061340804,12,22,34
061340901,42,86,128
061340902,174,235,409
061340903,157,191,348
061340904,162,236,398
061340905,149,255,404
061340906,213,279,492
061340907,281,407,688
061340908,394,662,1056
061340909,518,706,1224
061340910,393,435,828
061340911,359,486,845
061340912,56,62,118
061340913,363,345,708
061340914,193,242,435
061341001,49,55,104
061341002,458,721,1179
061341003,398,597,995
061341004,398,520,918
061341005,403,495,898
061341006,450,328,778
061341007,270,281,551
061341008,352,490,842
061341009,685,772,1457
061341010,567,578,1145
061341011,108,80,188
061400101,56,47,103
061400102,20,21,41
061400103,36,46,82
061400201,10,9,19
061400202,21,6,27
061400203,36,26,62
061400204,20,20,40
061400301,282,325,607
061400302,541,525,1066
061400303,410,350,760
061400304,399,318,717
061400305,518,336,854
061400306,334,394,728
061400307,396,366,762
061400308,446,402,848
061400309,313,381,694
061400310,308,319,627
061400311,19,25,44
061400312,22,28,50
061400313,16,10,26
061400314,19,16,35
061400315,544,438,982
061400316,453,548,1001
061400317,373,324,697
061400318,361,355,716
061400319,407,349,756
061400401,88,109,197
061400402,24,38,62
061400403,34,27,61
061400501,31,27,58
061400502,19,19,38
061400503,15,12,27
061400601,14,2,16
061470101,450,445,895
061470102,442,347,789
061470103,337,193,530
061470104,360,388,748
061470105,373,241,614
061470106,419,242,661
061470107,395,295,690
061470108,379,272,651
061470109,446,659,1105
061470201,247,169,416
061470202,21,22,43
061470203,51,68,119
061470204,16,16,32
061470205,10,8,18
061470301,188,236,424
061470302,27,40,67
061470303,6,2,8
061470304,18,12,30
061470305,20,13,33
061470306,10,4,14
061470307,23,16,39
061470401,11,7,18
061470402,17,16,33
061470403,19,16,35
061470501,616,815,1431
061470502,20,17,37
061470503,17,8,25
061470601,5,7,12
061470602,201,165,366
061470603,34,24,58
061470604,8,4,12
061470701,297,331,628
061470702,3,5,8
061470703,92,93,185
061470704,17,19,36
061470705,4,5,9
061470706,1,1,2
061470707,1,3,4
061470708,30,31,61
061470709,10,15,25
061470710,6,6,12
061470711,7,6,13
061470712,2,3,5
061470801,256,223,479
061470802,13,13,26
061470803,8,8,16
061470804,22,13,35
061470805,20,27,47
061470901,95,93,188
061470902,70,57,127
061470903,8,10,18
061470904,13,8,21
061470905,15,5,20
061470906,20,11,31
061470907,34,26,60
061471001,73,115,188
061471002,32,45,77
061471003,21,15,36
061471101,67,81,148
061471102,10,19,29
061471103,16,12,28
061471201,453,336,789
061471202,391,363,754
061471203,478,427,905
061471204,336,276,612
061471205,319,255,574
061471206,375,197,572
061471207,392,266,658
061471208,497,403,900
061471209,414,376,790
061471210,307,324,631
061540101,169,174,343
061540102,126,184,310
061540103,24,20,44
061540104,12,18,30
061540105,30,28,58
061540201,484,400,884
061540202,170,182,352
061540203,27,26,53
061540204,35,30,65
061540205,178,250,428
061540206,16,8,24
061540207,16,24,40
061540208,29,34,63
061540209,467,382,849
061540210,167,202,369
061540301,28,40,68
061540302,37,44,81
061540401,52,57,109
061540402,173,182,355
061540403,9,17,26
061540404,22,8,30
061540405,17,21,38
061540501,18,17,35
061540502,15,13,28
061540601,207,252,459
061540602,208,180,388
061540603,245,177,422
061540604,196,100,296
061540605,217,108,325
061540606,66,49,115
061540607,299,321,620
061540608,271,221,492
061540609,23,22,45
061540610,162,212,374
061540611,292,261,553
061540612,398,257,655
061540701,36,15,51
061540702,28,23,51
061540703,19,21,40
061540801,103,135,238
061540802,68,72,140
061540803,24,29,53
061540804,17,19,36
061540805,33,25,58
061540806,36,48,84
061540901,37,30,67
061540902,17,21,38
061610101,267,281,548
061610102,295,272,567
061610103,281,268,549
061610104,200,167,367
061610105,220,259,479
061610106,364,350,714
061610107,221,194,415
061610108,244,169,413
061610109,412,325,737
061610110,237,309,546
061610111,350,374,724
061610112,213,289,502
061610113,455,316,771
061610114,303,291,594
061610115,234,261,495
061610116,288,277,565
061610117,461,484,945
061610118,154,160,314
061610201,17,18,35
061610202,12,7,19
061610203,9,5,14
061610204,19,32,51
061610301,30,46,76
061610302,9,7,16
061610401,35,31,66
061610402,35,33,68
061610403,254,253,507
061610404,130,147,277
061610405,58,59,117
061610406,182,177,359
061610501,25,12,37
061610502,14,10,24
061610503,15,8,23
061610504,47,47,94
061610601,143,163,306
061610602,9,13,22
061610603,3,8,11
061610604,15,18,33
061610605,41,31,72
061610606,32,40,72
061610701,31,44,75
061610702,24,29,53
061610703,14,19,33
061610801,50,54,104
061610802,17,29,46
061610803,4,2,6
061610804,14,26,40
061680101,15,28,43
061680102,12,17,29
061680103,17,11,28
061680104,16,11,27
061680201,17,16,33
061680202,14,22,36
061680203,14,13,27
061680204,1,11,12
061680301,23,16,39
061680302,5,1,6
061680303,18,15,33
061680401,12,1,13
061680402,13,19,32
061680403,10,10,20
061680404,3,0,3
061680405,1,0,1
061680406,4,0,4
061680501,71,52,123
061680502,7,10,17
061680503,12,7,19
061680601,7,4,11
061680602,10,3,13
061680603,9,15,24
061680604,9,11,20
061680701,12,7,19
061680702,11,9,20
061680801,21,22,43
061680802,20,13,33
061680803,26,31,57
061680804,7,6,13
061680805,54,50,104
061680806,10,11,21
061680807,241,267,508
061680901,332,489,821
061680902,388,313,701
061680903,311,285,596
061680904,498,401,899
061680905,422,305,727
061680906,281,357,638
061680907,276,245,521
061680908,279,276,555
061681001,120,126,246
061681002,22,8,30
061681003,28,20,48
061681101,33,21,54
061681102,19,10,29
061750101,110,91,201
061750102,33,35,68
061750103,19,12,31
061750104,8,12,20
061750201,85,83,168
061750202,7,8,15
061750203,9,9,18
061750204,4,1,5
061750301,9,5,14
061750302,4,12,16
061750303,7,8,15
061750304,1,0,1
061750401,43,41,84
061750402,497,459,956
061750403,363,580,943
061750404,243,217,460
061750405,369,229,598
061750406,400,243,643
061750407,372,206,578
061750408,541,322,863
061750409,437,444,881
061750410,475,342,817
061750411,252,176,428
061750412,352,292,644
061750413,289,186,475
061750414,376,331,707
061750415,230,220,450
061750416,226,175,401
061750417,114,151,265
061750501,37,25,62
061750502,43,49,92
061750503,7,4,11
061750504,3,5,8
061750505,48,48,96
061750601,359,485,844
061750602,321,248,569
061750603,280,404,684
061750604,374,451,825
061750605,489,361,850
061750606,287,217,504
061750607,304,305,609
061750608,399,428,827
061750609,390,466,856
061750610,413,523,936
061750611,370,335,705
061750612,392,347,739
061750613,737,1059,1796
061750614,109,112,221
061750615,15,25,40
061820101,342,386,728
061820102,451,660,1111
061820103,576,598,1174
061820104,560,515,1075
061820105,510,461,971
061820106,387,351,738
061820107,410,368,778
061820108,264,292,556
061820109,564,697,1261
061820110,470,515,985
061820111,492,587,1079
061820112,510,508,1018
061820113,385,369,754
061820114,423,570,993
061820201,284,266,550
061820202,412,364,776
061820203,377,302,679
061820204,381,315,696
061820205,319,314,633
061820206,346,302,648
061820207,346,287,633
061820208,409,318,727
061820209,292,279,571
061820210,371,294,665
061820211,346,246,592
061820212,308,254,562
061820213,307,293,600
061820301,118,97,215
061820302,223,37,260
061820303,70,72,142
061820304,634,381,1015
061820305,87,110,197
061820306,1,0,1
061820307,0,0,0
061820308,73,43,116
061820309,266,316,582
061820310,21,19,40
061820311,229,227,456
061820312,35,25,60
061820401,31,24,55
061820501,195,171,366
061820502,170,212,382
061820503,202,232,434
061820504,347,438,785
061820505,129,178,307
061820601,33,22,55
061820602,71,78,149
061820603,20,16,36
061820604,461,574,1035
061820605,643,764,1407
061820606,557,599,1156
061820607,541,623,1164
061820608,434,557,991
061820609,360,381,741
061820701,22,17,39
061820702,252,409,661
061820703,445,567,1012
061820704,305,360,665
061820705,411,446,857
061820706,151,210,361
061820707,0,0,0
061820708,353,403,756
061820709,383,409,792
061820710,500,537,1037
061820801,36,24,60
061820901,131,111,242
061820902,57,41,98
061820903,18,29,47
061820904,96,78,174
061820905,56,40,96
061821001,270,233,503
061821002,192,212,404
061821003,423,391,814
061821004,453,357,810
061821005,388,307,695
061821006,355,316,671
061821007,343,299,642
061821008,473,336,809
061821009,481,412,893
061821010,412,427,839
061821011,360,337,697
061821101,261,307,568
061821102,405,408,813
061821103,430,427,857
061821104,349,324,673
061821105,261,246,507
061821106,324,306,630
061821107,293,254,547
061821108,383,425,808
061821109,415,544,959
061821110,102,142,244
061890101,13,9,22
061890102,13,7,20
061890103,5,4,9
061890104,10,5,15
061890201,1,1,2
061890202,2,1,3
061890203,7,2,9
061890204,1,1,2
061890205,2,0,2
061890206,11,1,12
061890207,13,7,20
061890301,40,22,62
061890302,8,5,13
061890303,13,7,20
061890304,1,2,3
061890305,7,3,10
061890401,2,5,7
061890402,7,4,11
061890403,11,8,19
061890501,6,2,8
061890502,5,2,7
061890503,7,7,14
061890504,4,10,14
061890505,7,4,11
061890601,18,17,35
061890602,18,14,32
061890603,11,7,18
061890604,15,11,26
061890605,1,0,1
061890606,1,1,2
061890607,4,7,11
061890608,8,10,18
061890701,11,4,15
061890702,5,4,9
061890703,14,10,24
061890704,2,3,5
061890705,5,6,11
061890706,2,1,3
061890707,10,7,17
061890801,3,1,4
061890802,15,12,27
061890803,6,4,10
061890804,3,0,3
061890901,11,3,14
061890902,14,12,26
061891001,280,270,550
061891002,303,328,631
061891003,350,374,724
061891004,415,333,748
061891005,336,364,700
061891006,413,281,694
061891007,428,395,823
061891008,308,283,591
061891009,247,269,516
061891010,21,16,37
061891101,4,7,11
061891102,15,12,27
061891103,6,3,9
061891104,6,3,9
061891105,18,12,30
061891106,6,3,9
061891107,3,3,6
061891201,192,226,418
061891202,8,8,16
061891203,8,10,18
061891204,5,2,7
061891205,8,7,15
061891206,9,6,15
061891207,4,0,4
061891208,4,6,10
061891209,5,0,5
061891210,10,13,23
061891211,168,184,352
061891301,36,30,66
061891302,8,4,12
061891303,18,9,27
061891304,5,6,11
061891305,3,3,6
061891306,0,7,7
061891307,10,1,11
061891308,8,5,13
061891309,0,2,2
061891401,7,6,13
061891402,6,4,10
061891403,5,15,20
061891404,4,0,4
061891405,7,3,10
061891406,8,3,11
061891501,191,195,386
061891502,463,395,858
061891503,86,54,140
061891504,36,16,52
061891505,29,9,38
061891506,4,2,6
061891507,4,4,8
061891508,6,7,13
061891509,220,155,375
061891601,11,19,30
061891602,2,0,2
061891603,11,17,28
061891604,3,3,6
061891605,3,1,4
061891701,27,30,57
061891702,215,265,480
061891703,401,324,725
061891704,282,251,533
061891705,323,215,538
061891706,318,180,498
061891707,425,349,774
061891708,354,386,740
061891709,18,9,27
061960101,371,442,813
061960102,458,441,899
061960103,329,342,671
061960104,306,333,639
061960105,148,162,310
061960106,135,144,279
061960107,154,180,334
061960108,420,425,845
061960109,166,201,367
061960110,150,188,338
061960111,154,172,326
061960112,479,462,941
061960113,287,280,567
061960114,268,196,464
061960115,247,184,431
061960116,470,291,761
061960117,244,184,428
061960118,196,214,410
061960119,200,228,428
061960201,95,107,202
061960202,121,164,285
061960203,129,174,303
061960204,284,308,592
061960205,453,348,801
061960206,392,271,663
061960207,314,242,556
061960208,351,256,607
061960209,459,296,755
061960210,380,383,763
061960211,193,210,403
061960212,182,198,380
061960213,271,191,462
061960214,250,241,491
061960301,12,13,25
061960302,13,7,20
061960303,10,13,23
061960304,3,7,10
061960305,5,5,10
061960306,14,10,24
061960401,28,11,39
061960402,18,15,33
061960403,12,5,17
061960404,6,8,14
061960501,9,6,15
061960502,1,3,4
061960503,13,10,23
061960504,6,2,8
061960601,10,6,16
061960602,9,12,21
061960603,9,4,13
061960604,4,3,7
061960701,171,198,369
061960702,7,4,11
061960703,3,2,5
061960704,5,7,12
061960705,8,15,23
061960706,5,3,8
061960707,21,20,41
061960708,35,58,93
061960709,31,22,53
061960801,13,5,18
061960802,10,8,18
061960803,16,9,25
061960804,17,11,28
061960805,2,0,2
061960806,16,13,29
061960901,1,1,2
061960902,9,5,14
061960903,15,14,29
061960904,23,12,35
061960905,16,31,47
061961001,15,7,22
061961002,9,7,16
061961003,10,5,15
061961004,7,5,12
061961005,18,11,29
061961101,12,9,21
061961102,20,22,42
061961103,14,7,21
061961104,6,8,14
061961105,19,20,39
061961106,10,10,20
061961107,6,3,9
061961108,8,12,20
061961201,6,5,11
061961202,10,24,34
061961203,12,5,17
061961204,2,4,6
061961205,18,12,30
061961206,8,7,15
061961301,9,1,10
061961302,7,7,14
061961303,11,18,29
061961304,17,8,25
061961305,10,19,29
061961401,6,8,14
061961402,19,9,28
061961403,16,8,24
061961501,85,79,164
061961502,17,6,23
061961503,7,9,16
061961504,5,6,11
061961505,0,4,4
061961506,94,132,226
061961507,188,148,336
061961508,107,123,230
062030101,504,406,910
062030102,334,223,557
062030103,385,270,655
062030104,355,251,606
062030105,377,252,629
062030106,404,295,699
062030107,286,210,496
062030108,354,378,732
062030109,268,238,506
062030110,417,435,852
062030111,377,411,788
062030112,397,423,820
062030113,333,427,760
062030201,236,165,401
062030202,314,230,544
062030203,263,206,469
062030204,216,267,483
062030205,25,12,37
062030206,21,12,33
062030207,37,32,69
062030208,14,8,22
062030209,12,7,19
062030210,284,348,632
062030211,173,183,356
062030212,347,480,827
062030213,154,133,287
062030214,22,28,50
062030215,240,236,476
062030301,17,17,34
062030302,14,14,28
062030303,7,9,16
062030304,18,15,33
062030305,10,14,24
062030306,12,9,21
062030401,72,76,148
062030402,7,4,11
062030403,14,5,19
062030404,8,3,11
062030405,5,9,14
062030406,7,7,14
062030407,10,6,16
062030408,18,8,26
062030501,31,48,79
062030502,5,4,9
062030503,9,15,24
062030504,21,16,37
062030505,8,8,16
062030506,10,5,15
062030507,5,1,6
062030601,16,5,21
062030602,12,0,12
062030603,5,6,11
062030604,14,23,37
062030605,6,3,9
062030701,3,2,5
062030702,5,5,10
062030703,7,4,11
062030704,5,11,16
062030705,8,1,9
062030706,3,3,6
062030707,9,1,10
062030708,2,2,4
062030709,4,0,4
062030710,7,13,20
062030711,5,7,12
062030801,19,14,33
062030802,37,30,67
062030803,315,410,725
062030804,523,456,979
062030805,567,451,1018
062030806,543,384,927
062030807,451,390,841
062030808,667,644,1311
062030809,451,359,810
062030810,427,349,776
062030811,121,102,223
062030812,189,247,436
062030901,9,8,17
062030902,15,15,30
062030903,1,2,3
062030904,7,8,15
062030905,2,2,4
062030906,1,2,3
062030907,4,4,8
062031001,1,1,2
062031002,11,20,31
062031003,16,6,22
062031004,9,6,15
062031005,6,9,15
062031101,12,9,21
062031102,24,16,40
062031103,0,0,0
062031104,6,5,11
062031105,5,3,8
062031106,8,6,14
062031201,6,9,15
062031202,8,8,16
062031203,11,13,24
062031204,10,15,25
062031205,18,8,26
062031301,10,7,17
062031302,8,6,14
062031303,11,6,17
062031304,16,16,32
062031305,13,14,27
062031306,12,13,25
062031307,14,9,23
062031308,9,4,13
062031401,240,171,411
062031402,11,21,32
062031403,5,11,16
062031404,6,7,13
062031405,30,23,53
062031406,1,5,6
062031407,2,4,6
062031408,0,0,0
062031501,5,4,9
062031502,33,25,58
062031503,12,13,25
062031504,6,9,15
062031601,572,629,1201
062031602,408,449,857
062031603,347,383,730
062031604,584,604,1188
062031605,336,332,668
062031606,209,269,478
062031607,449,462,911
062031608,365,444,809
062031609,537,553,1090
062031610,462,477,939
062031611,142,153,295
062031612,328,333,661
062031613,405,366,771
062100101,283,218,501
062100102,235,252,487
062100103,236,178,414
062100104,235,180,415
062100105,267,155,422
062100106,368,290,658
062100107,383,382,765
062100108,308,252,560
062100109,257,154,411
062100110,242,156,398
062100111,403,240,643
062100112,226,169,395
062100113,294,238,532
062100114,194,203,397
062100115,428,363,791
062100116,441,286,727
062100117,411,311,722
062100118,380,317,697
062100119,398,462,860
062100120,422,409,831
062100121,401,322,723
062100201,388,387,775
062100202,555,498,1053
062100203,542,549,1091
062100204,509,348,857
062100205,302,204,506
062100206,293,225,518
062100207,686,476,1162
062100208,405,277,682
062100209,352,235,587
062100210,544,489,1033
062100301,108,81,189
062100401,92,56,148
062100501,138,159,297
062100601,46,32,78
062100602,28,15,43
062100603,227,231,458
062100604,59,93,152
062100605,161,106,267
062100606,287,201,488
062100607,147,156,303
062100608,115,139,254
062100609,14,14,28
062100610,26,20,46
062100611,68,76,144
062100612,146,154,300
062100613,94,76,170
062100701,83,77,160
062100801,133,181,314
062100802,384,329,713
062100803,426,483,909
062100804,547,513,1060
062100805,730,883,1613
062100806,276,337,613
062100807,110,109,219
062100808,1117,1369,2486
062100809,400,380,780
062100810,454,649,1103
062100811,106,127,233
062100901,311,235,546
062100902,349,210,559
062100903,108,63,171
062101001,63,70,133
062101101,29,14,43
062101201,120,83,203
062101301,494,290,784
062101302,430,380,810
062101303,243,225,468
062101304,470,334,804
062101305,460,284,744
062101306,532,433,965
062101307,382,367,749
062101308,592,527,1119
062101309,492,465,957
062170101,378,318,696
062170102,465,296,761
062170103,342,305,647
062170104,406,433,839
062170105,439,325,764
062170106,252,169,421
062170107,444,221,665
062170108,322,216,538
062170109,386,231,617
062170110,339,219,558
062170111,313,198,511
062170112,353,255,608
062170113,530,508,1038
062170114,195,154,349
062170201,41,38,79
062170202,30,23,53
062170203,17,11,28
062170204,28,23,51
062170205,31,26,57
062170206,25,6,31
062170207,23,20,43
062170301,65,73,138
062170302,68,89,157
062170303,108,131,239
062170304,58,32,90
062170401,151,224,375
062170402,293,354,647
062170403,156,196,352
062170404,205,249,454
062170405,146,179,325
062170406,100,117,217
062170407,96,142,238
062170408,164,113,277
062170409,237,259,496
062170410,324,305,629
062170411,308,320,628
062170412,264,343,607
062170413,572,678,1250
062170414,552,593,1145
062170415,310,323,633
062170416,341,349,690
062170501,9,17,26
062170502,5,2,7
062170503,9,5,14
062170504,6,1,7
062170505,74,45,119
062170506,16,18,34
062170507,23,30,53
062170508,27,15,42
062170509,9,4,13
062170510,13,11,24
062170511,20,15,35
062170512,7,10,17
062170601,7,5,12
062170602,14,3,17
062170603,13,8,21
062170604,34,21,55
062170605,19,18,37
062170701,11,6,17
062170702,13,14,27
062170801,34,39,73
062170802,21,30,51
062170803,32,32,64
062170901,31,15,46
062170902,47,25,72
062170903,37,26,63
062170904,35,25,60
062170905,14,15,29
062170906,28,23,51
062170907,26,21,47
062171001,387,278,665
062171002,555,577,1132
062171003,518,461,979
062171004,446,328,774
062171005,16,26,42
062171006,26,33,59
062171007,25,14,39
062171008,24,32,56
062171009,33,24,57
062171010,107,72,179
062171011,103,110,213
062171012,13,8,21
062171013,335,260,595
062171101,68,60,128
062171102,30,9,39
062171103,28,18,46
062171104,11,12,23
062171105,62,44,106
062171106,14,19,33
062171201,324,353,677
062171202,708,1154,1862
062171203,392,412,804
062171204,320,354,674
062171205,425,454,879
062171206,313,266,579
062171207,365,230,595
062171208,311,315,626
062171209,328,254,582
062171210,629,569,1198
062171211,288,252,540
062171212,401,533,934
062171213,379,416,795
062171214,240,203,443
062171215,326,267,593
062240101,252,263,515
062240102,398,347,745
062240103,586,455,1041
062240104,335,311,646
062240105,481,396,877
062240106,388,378,766
062240107,447,319,766
062240108,314,210,524
062240109,485,298,783
062240110,399,305,704
062240111,507,297,804
062240112,480,235,715
062240113,420,406,826
062240114,426,476,902
062240115,232,301,533
062240116,245,252,497
062240117,355,307,662
062240201,316,296,612
062240202,344,350,694
062240203,226,241,467
062240204,549,581,1130
062240205,381,357,738
062240206,367,335,702
062240207,423,326,749
062240208,549,396,945
062240209,414,308,722
062240210,457,260,717
062240211,384,200,584
062240212,180,190,370
062240213,163,237,400
062240214,330,344,674
062240301,403,300,703
062240302,440,401,841
062240303,424,328,752
062240304,336,364,700
062240305,294,272,566
062240306,360,301,661
062240307,453,457,910
062240308,383,548,931
062240309,226,235,461
062240310,344,403,747
062240401,324,457,781
062240402,571,503,1074
062240403,494,463,957
062240404,429,241,670
062240405,517,315,832
062240406,377,275,652
062240407,465,314,779
062240408,344,203,547
062240409,527,434,961
062240410,335,272,607
062240411,461,347,808
062240412,220,220,440
062240413,428,328,756
062240414,200,251,451
062240415,189,189,378
062240416,209,214,423
062240417,311,464,775
062240501,11,21,32
062240502,15,12,27
062240503,37,16,53
062240504,5,3,8
062240505,25,21,46
062240601,29,20,49
062240602,43,38,81
062240603,48,48,96
062240604,52,39,91
062240701,3,3,6
062240702,18,17,35
062240703,22,14,36
062240801,16,14,30
062240802,25,8,33
062240901,184,193,377
062240902,369,384,753
062240903,111,126,237
062240904,79,78,157
062240905,15,9,24
062240906,89,98,187
062240907,43,44,87
062240908,401,463,864
062240909,93,124,217
062240910,56,85,141
062240911,236,232,468
062240912,201,185,386
062240913,95,68,163
062240914,104,81,185
062240915,244,228,472
062241001,9,15,24
062241002,24,22,46
062241101,56,26,82
062241102,58,53,111
062241103,83,93,176
062241201,57,48,105
062241202,16,10,26
062241203,32,18,50
062241204,136,99,235
062241301,113,81,194
062241302,21,13,34
062241303,21,17,38
062241401,15,18,33
062241402,33,19,52
062241403,86,41,127
062241501,14,5,19
062241502,22,19,41
062241503,17,12,29
062241601,12,8,20
062241602,11,5,16
062241701,89,71,160
062241702,23,24,47
062241703,35,26,61
062241801,13,12,25
062241802,22,19,41
062241901,58,81,139
062241902,19,5,24
062241903,24,17,41
062241904,24,28,52
062242001,163,104,267
062242002,146,168,314
062242003,411,363,774
062242004,6,9,15
062242005,30,24,54
062242006,8,12,20
062242007,13,19,32
062242008,9,9,18
062242009,103,107,210
062242010,165,157,322
062242101,10,18,28
062242102,6,2,8
062242103,8,11,19
062242201,345,165,510
062242202,366,202,568
062242203,430,349,779
062242204,413,267,680
062242205,428,269,697
062242206,462,368,830
062242207,370,274,644
062242208,349,310,659
062242209,305,275,580
062242210,415,346,761
062310101,320,292,612
062310102,210,224,434
062310103,18,18,36
062310104,103,145,248
062310105,32,27,59
062310106,34,32,66
062310107,274,222,496
062310201,31,15,46
062310202,17,40,57
062310203,11,17,28
062310204,13,7,20
062310301,17,9,26
062310302,23,48,71
062310303,30,37,67
062310304,11,9,20
062310401,3,1,4
062310402,11,7,18
062310403,8,10,18
062310404,17,21,38
062310405,12,6,18
062310501,19,14,33
062310502,14,12,26
062310601,3,2,5
062310602,10,17,27
062310603,39,42,81
062310604,10,4,14
062310605,14,8,22
062310606,27,28,55
062310701,14,22,36
062310702,9,12,21
062310703,12,14,26
062310704,26,25,51
062310705,1,1,2
062310706,4,4,8
062310707,6,4,10
062310801,16,14,30
062310802,3,0,3
062310803,316,266,582
062310804,3,1,4
062310805,11,8,19
062310901,16,24,40
062310902,53,38,91
062310903,17,18,35
062311001,588,561,1149
062311002,3,1,4
062311003,14,12,26
062311004,2,0,2
062311005,91,104,195
062311101,5,1,6
062311201,430,560,990
062311202,391,473,864
062311203,308,282,590
062311204,410,381,791
062311205,405,272,677
062311206,271,170,441
062311207,418,418,836
062311208,546,563,1109
062311209,345,220,565
062311210,392,324,716
062311211,435,644,1079
062311212,207,297,504
062311213,252,293,545
062311214,39,64,103
062380101,230,305,535
062380102,244,246,490
062380103,459,464,923
062380104,464,457,921
062380105,575,685,1260
062380106,395,266,661
062380107,519,615,1134
062380108,329,242,571
062380109,394,250,644
062380110,465,394,859
062380111,266,337,603
062380112,348,375,723
062380113,209,224,433
062380114,189,199,388
062380201,307,398,705
062380202,474,495,969
062380203,492,323,815
062380204,255,164,419
062380205,360,223,583
062380206,407,274,681
062380207,495,556,1051
062380208,452,388,840
062380209,429,341,770
062380210,277,377,654
062380211,117,163,280
062380212,431,561,992
062380213,184,231,415
062380214,193,319,512
062380215,24,31,55
062380301,100,141,241
062380302,38,18,56
062380401,46,30,76
062380501,61,71,132
062380601,124,242,366
062380602,104,156,260
062380603,250,369,619
062380604,319,439,758
062380605,11,12,23
062380606,16,20,36
062380607,62,47,109
062380608,5,5,10
062380609,170,289,459
062380610,14,20,34
062380611,218,283,501
062380701,71,51,122
062380702,56,48,104
062380801,31,24,55
062380901,51,42,93
062381001,8,3,11
062381101,30,26,56
062450101,554,550,1104
062450102,546,486,1032
062450103,534,573,1107
062450104,345,347,692
062450105,500,474,974
062450106,573,699,1272
062450107,371,332,703
062450108,377,350,727
062450109,338,307,645
062450110,431,449,880
062450111,419,364,783
062450201,509,640,1149
062450202,348,375,723
062450203,222,328,550
062450204,246,331,577
062450205,513,536,1049
062450206,634,872,1506
062450207,533,501,1034
062450208,446,384,830
062450209,456,535,991
062450210,243,237,480
062450211,662,876,1538
062450212,542,766,1308
062450213,352,464,816
062450214,345,427,772
062450215,358,435,793
062450301,402,437,839
062450302,532,539,1071
062450303,469,502,971
062450304,686,826,1512
062450305,557,751,1308
062450306,565,667,1232
062450307,367,351,718
062450308,387,354,741
062450309,480,654,1134
062450310,446,521,967
062450311,370,630,1000
062450401,228,335,563
062450402,165,223,388
062450403,285,434,719
062450404,262,413,675
062450405,298,315,613
062450406,257,285,542
062450407,334,390,724
062450408,207,168,375
062450409,268,419,687
062450410,270,423,693
062450411,58,65,123
062450412,94,116,210
062450413,286,404,690
062450414,136,117,253
062450415,488,886,1374
062450416,149,166,315
062450417,113,119,232
062450418,156,224,380
062450501,405,454,859
062450502,269,274,543
062450503,285,329,614
062450504,379,410,789
062450505,686,783,1469
062450506,3,2,5
062450507,163,162,325
062520101,163,310,473
062520102,343,511,854
062520103,174,379,553
062520104,516,916,1432
062520105,530,779,1309
062520106,647,968,1615
062520107,745,911,1656
062520108,666,831,1497
062520109,319,304,623
062520110,224,153,377
062520111,330,240,570
062520112,567,617,1184
062520113,445,394,839
062520114,364,404,768
062520115,421,484,905
062520201,143,115,258
062520202,243,158,401
062520203,302,290,592
062520204,338,277,615
062520205,197,174,371
062520206,211,165,376
062520207,274,268,542
062520208,89,71,160
062520209,518,826,1344
062520210,314,301,615
062520211,410,380,790
062520212,251,301,552
062520213,342,373,715
062520214,438,387,825
062520215,551,793,1344
062520216,458,531,989
062520217,381,521,902
062520301,57,105,162
062520302,115,109,224
062520303,159,138,297
062520304,358,324,682
062520305,589,898,1487
062520306,547,615,1162
062520307,108,131,239
062520308,125,145,270
062520309,301,254,555
062520401,472,623,1095
062520402,546,686,1232
062520403,266,254,520
062520404,352,379,731
062520405,457,438,895
062520406,326,302,628
062520407,285,317,602
062520408,596,739,1335
062520409,690,853,1543
062520410,387,358,745
062520411,40,57,97
062520412,724,1015,1739
062520413,554,484,1038
062520501,596,482,1078
062520502,361,252,613
062520503,489,349,838
062520504,584,427,1011
062520505,428,293,721
062520506,277,219,496
062520507,617,604,1221
062520508,673,629,1302
062520509,499,597,1096
062520601,349,478,827
062520602,0,5,5
062520603,135,135,270
062520604,302,381,683
062520605,457,598,1055
062520606,424,417,841
062520607,48,78,126
062520608,31,34,65
062520609,54,63,117
062520610,46,46,92
062520611,155,153,308
062520612,244,211,455
062520613,308,302,610
062520614,300,332,632
062520701,448,551,999
062520702,544,628,1172
062520703,582,715,1297
062520704,645,807,1452
062520705,674,972,1646
062520706,749,1205,1954
062520707,453,707,1160
062520708,575,801,1376
062520709,407,375,782
062520710,375,410,785
062520711,663,755,1418
062520801,75,129,204
062520802,652,906,1558
062520803,525,815,1340
062520804,555,846,1401
062520805,576,795,1371
062520806,565,591,1156
062520807,427,454,881
062520808,398,460,858
062520809,135,129,264
062520810,268,180,448
062520901,1168,1478,2646
062520902,601,1106,1707
062520903,652,810,1462
062520904,578,881,1459
062520905,565,787,1352
062520906,449,677,1126
062520907,494,559,1053
062520908,316,386,702
062520909,459,494,953
062520910,557,742,1299
062520911,695,877,1572
062520912,535,852,1387
062520913,795,1394,2189
062520914,722,874,1596
062521001,284,222,506
062521002,69,53,122
062521003,546,572,1118
062521004,532,578,1110
062521005,278,377,655
062521006,415,548,963
062521007,483,462,945
062521008,339,427,766
062521009,463,506,969
062521010,492,421,913
062521011,533,622,1155
062521012,586,733,1319
062521013,638,637,1275
062521014,340,315,655
062521015,292,237,529
062521016,455,610,1065
062521017,308,300,608
062521101,404,328,732
062521102,739,538,1277
062521103,304,288,592
062521104,496,432,928
062521105,686,516,1202
062521106,397,420,817
062521107,419,440,859
062521108,153,108,261
062521109,223,252,475
062521110,484,465,949
062521201,503,726,1229
062521202,693,943,1636
062521203,590,819,1409
062521204,740,814,1554
062521205,711,841,1552
062521206,499,591,1090
062521207,573,766,1339
062521208,465,743,1208
062521301,322,338,660
062521302,530,731,1261
062521303,468,690,1158
062521304,441,522,963
062521305,517,591,1108
062521306,481,515,996
062521307,329,320,649
062521308,410,356,766
062521309,318,330,648
062521310,330,270,600
062521311,443,395,838
062521312,465,563,1028
062521401,469,655,1124
062521402,610,722,1332
062521403,639,1081,1720
062521404,415,640,1055
062521405,330,345,675
062521406,269,467,736
062521407,396,602,998
062521408,739,818,1557
062521409,464,500,964
062521410,384,480,864
062521411,440,461,901
062521412,564,849,1413
062521413,829,1239,2068
062521414,441,665,1106
062521415,364,517,881
062521416,387,534,921
062521417,430,421,851
062521418,410,517,927
062521419,605,755,1360
062521501,8,3,11
062521502,2,1,3
062521503,494,614,1108
062521504,618,719,1337
062521505,497,616,1113
062521506,586,723,1309
062521507,563,715,1278
062521508,536,901,1437
062521509,544,767,1311
062521510,307,265,572
062521511,559,646,1205
062521512,763,888,1651
062521513,373,313,686
062521514,606,646,1252
062521515,925,892,1817
062521601,188,245,433
062660101,7,10,17
062660102,83,79,162
062660103,39,56,95
062660104,78,73,151
062660201,16,22,38
062660202,46,46,92
062660203,26,38,64
062660204,411,706,1117
062660205,193,155,348
062660301,442,480,922
062660302,400,334,734
062660303,439,405,844
062660304,312,274,586
062660305,152,199,351
062660306,194,211,405
062660307,264,224,488
062660308,238,164,402
062660309,276,196,472
062660310,344,398,742
062660311,390,379,769
062660312,35,22,57
062660401,82,104,186
062660402,5,18,23
062660403,110,140,250
062660501,554,664,1218
062660502,262,268,530
062660503,179,239,418
062660504,93,94,187
062660505,73,48,121
062660506,99,135,234
062660507,39,50,89
062660508,306,307,613
062660509,112,78,190
062660601,204,218,422
062660602,358,277,635
062660603,140,142,282
062660604,104,75,179
062660605,134,129,263
062660606,80,45,125
062660607,81,79,160
062660608,134,96,230
062660609,211,387,598
062660610,212,222,434
062660611,159,157,316
062660612,151,191,342
062660701,317,402,719
062660702,369,428,797
062660703,526,754,1280
062660704,133,143,276
062660705,525,847,1372
062660706,102,121,223
062660707,363,315,678
062660708,471,597,1068
062660709,490,584,1074
062660710,492,540,1032
062660711,213,290,503
062770101,1,6,7
062770102,124,164,288
062770103,126,183,309
062770104,42,20,62
062770105,5,11,16
062770106,65,40,105
062770107,290,367,657
062770108,285,424,709
062770109,247,343,590
062770110,272,422,694
062770111,504,572,1076
062770112,279,204,483
062770113,298,304,602
062770114,242,313,555
062770115,387,410,797
062770116,26,18,44
062770201,30,52,82
062770202,143,135,278
062770203,36,38,74
062770204,89,79,168
062770205,19,11,30
062770206,49,28,77
062800101,231,329,560
062800102,239,311,550
062800103,244,296,540
062800104,263,421,684
062800105,179,277,456
062800106,183,260,443
062800107,290,537,827
062800108,214,356,570
062800109,133,263,396
062800110,203,310,513
062800201,401,523,924
062800202,279,339,618
062800203,246,156,402
062800204,328,400,728
062800205,447,487,934
062800206,331,301,632
062800207,389,290,679
062800208,198,144,342
062800301,66,77,143
062800302,72,67,139
062800303,76,74,150
062800304,79,54,133
062800305,123,88,211
062800306,73,70,143
062800307,125,75,200
062800308,93,64,157
062800309,60,33,93
062800310,64,43,107
062800311,46,28,74
062800312,33,20,53
062800313,35,33,68
062800401,318,306,624
062800402,86,55,141
062800403,42,36,78
062800404,8,15,23
062800405,64,56,120
062800406,152,130,282
062800407,97,90,187
062800408,110,168,278
062800409,175,202,377
062800410,138,114,252
062800501,4,10,14
062800502,20,12,32
062800503,4,10,14
062800504,3,0,3
062800505,7,7,14
062800506,11,17,28
062800507,12,19,31
062800508,30,31,61
062800509,15,3,18
062800601,9,1,10
062800602,11,7,18
062800603,44,37,81
062800604,34,19,53
062800605,14,15,29
062800606,261,249,510
062800607,100,86,186
062800608,153,176,329
062800609,61,51,112
062800610,154,223,377
062800611,80,130,210
062800612,37,42,79
062800613,32,38,70
062800614,46,36,82
062800615,49,82,131
062800616,48,36,84
062800617,27,28,55
062800701,13,14,27
062800702,11,9,20
062800703,30,23,53
062800704,76,69,145
062800705,18,32,50
062800706,16,17,33
062800707,11,7,18
062800708,34,28,62
062800709,21,28,49
062800710,14,18,32
062800711,13,11,24
062800801,130,97,227
062800802,7,6,13
062800803,5,6,11
062800804,10,4,14
062800805,4,3,7
062800806,10,6,16
062800807,13,15,28
062800808,7,2,9
062800809,23,20,43
062800810,12,5,17
062800811,9,4,13
062800812,11,21,32
062800813,14,9,23
062800814,7,6,13
062800815,17,16,33
062800816,55,57,112
062800817,18,7,25
062800818,5,2,7
062800819,299,289,588
062800820,124,148,272
062800901,49,37,86
062800902,18,6,24
062800903,8,2,10
062800904,35,21,56
062800905,24,22,46
062800906,32,25,57
062800907,8,13,21
062800908,17,11,28
062800909,57,56,113
062800910,6,17,23
062800911,14,6,20
062800912,75,72,147
062801001,276,187,463
062801002,248,265,513
062801003,95,118,213
062801004,153,109,262
062801005,132,77,209
062801006,39,26,65
062801007,81,59,140
062801008,226,151,377
062801101,305,392,697
062801102,419,426,845
062801103,516,473,989
062801104,209,154,363
062801105,231,168,399
062801106,238,222,460
062801107,198,195,393
062801108,232,282,514
062801109,303,294,597
062801110,181,198,379
062801111,177,277,454
062801112,174,218,392
062801201,40,61,101
062801202,36,51,87
062801203,5,2,7
062801204,29,41,70
062801205,593,645,1238
062801206,484,447,931
062801207,587,548,1135
062801208,520,878,1398
062801209,277,275,552
062801210,253,296,549
062870101,105,107,212
062870201,71,52,123
062870301,7,8,15
062870302,17,17,34
062870401,89,114,203
062870402,10,17,27
062870403,127,118,245
062870404,213,297,510
062870405,377,352,729
062870406,255,215,470
062870407,330,281,611
062870408,277,317,594
062870409,149,179,328
062870410,150,165,315
062870411,370,296,666
062870412,267,173,440
062870413,429,437,866
062870414,297,251,548
062870415,403,504,907
062870416,471,956,1427
062870417,6,3,9
062870501,29,37,66
062870502,101,96,197
062870601,86,102,188
062870701,68,49,117
062870702,65,51,116
062940101,13,3,16
062940102,4,5,9
062940103,0,0,0
062940201,6,3,9
062940202,119,140,259
062940203,479,511,990
062940204,482,318,800
062940205,29,26,55
062940206,13,13,26
062940207,15,7,22
062940208,1,1,2
062940209,17,11,28
062940210,15,14,29
062940211,154,90,244
062940301,13,9,22
062940302,5,5,10
062940303,5,7,12
062940401,324,297,621
062940402,450,387,837
062940403,539,392,931
062940404,222,177,399
062940405,40,51,91
062940406,71,69,140
062940407,13,7,20
062940408,419,393,812
062940501,30,45,75
062940502,8,5,13
062940503,7,4,11
062940504,6,2,8
062940505,21,19,40
062940506,38,28,66
062940601,356,289,645
062940602,229,115,344
062940603,308,204,512
062940604,168,183,351
062940605,5,6,11
062940606,31,18,49
062940607,19,23,42
062940608,94,108,202
062940609,175,144,319
062940610,185,149,334
062940701,5,5,10
062940702,19,9,28
062940703,10,6,16
062940704,14,10,24
062940705,6,14,20
062940706,0,0,0
062940801,76,78,154
062940802,269,213,482
062940803,270,202,472
062940804,192,99,291
062940805,203,123,326
062940806,224,144,368
062940807,332,307,639
062940808,339,300,639
062940809,92,77,169
062940810,137,172,309
062940811,5,3,8
062940812,7,4,11
062940813,2,1,3
062940814,9,10,19
062940815,19,6,25
063010101,241,253,494
063010201,61,53,114
063010301,50,41,91
063010401,75,70,145
063010501,8,9,17
063010502,88,94,182
063010503,46,37,83
063010504,268,313,581
063010505,231,351,582
063010506,285,277,562
063010507,237,262,499
063010508,347,267,614
063010509,322,326,648
063010510,304,309,613
063010511,370,257,627
063010512,462,388,850
063010513,550,552,1102
063010514,250,316,566
063010601,108,150,258
063010701,111,92,203
063010801,165,145,310
063010802,57,53,110
063010803,70,70,140
063010804,69,49,118
063010805,238,275,513
063010806,353,306,659
063010807,193,192,385
063010808,409,271,680
063010809,337,237,574
063010810,192,192,384
063010811,420,268,688
063010812,444,460,904
063010813,306,337,643
063010814,271,294,565
063010815,16,2,18
063080101,20,29,49
063080201,17,24,41
063080301,41,19,60
063080401,29,37,66
063080501,166,110,276
063080502,118,96,214
063080601,150,142,292
063080602,196,184,380
063080603,39,62,101
063080604,4,3,7
063080701,32,31,63
063080801,17,12,29
063080901,52,22,74
063081001,46,23,69
063081002,350,363,713
063081003,34,32,66
063150101,293,321,614
063150102,508,514,1022
063150103,205,317,522
063150104,392,337,729
063150105,450,359,809
063150106,421,407,828
063150107,278,303,581
063150108,253,402,655
063150109,479,485,964
063150110,437,463,900
063150111,548,628,1176
063150112,394,498,892
063150113,410,529,939
063150114,467,663,1130
063150115,337,453,790
063150116,221,322,543
063150117,215,379,594
063150118,311,509,820
063150201,71,74,145
063150301,301,498,799
063150302,132,190,322
063150303,138,245,383
063150401,84,83,167
063150501,91,91,182
063150502,155,155,310
063150601,138,152,290
063150701,39,35,74
063220101,3,3,6
063220102,0,6,6
063220103,10,14,24
063220201,14,24,38
063220202,11,5,16
063220203,6,6,12
063220204,13,4,17
063220301,119,161,280
063220302,22,17,39
063220303,2,3,5
063220304,28,22,50
063220305,21,19,40
063220306,11,24,35
063220307,151,154,305
063220401,10,6,16
063220402,6,5,11
063220403,11,10,21
063220404,4,6,10
063220405,5,6,11
063220501,10,7,17
063220502,9,5,14
063220503,8,11,19
063220504,2,7,9
063220505,13,14,27
063220601,496,535,1031
063220602,378,242,620
063220603,241,142,383
063220604,240,241,481
063220605,258,208,466
063220606,191,137,328
063220607,253,279,532
063220608,34,38,72
063220609,5,8,13
063220610,0,0,0
063220611,62,91,153
063220612,348,352,700
063220613,196,177,373
063220614,288,276,564
063220615,190,188,378
063220616,227,263,490
063220617,333,427,760
063220701,73,80,153
063220702,20,18,38
063220703,21,25,46
063220704,10,6,16
063220705,13,3,16
063220801,9,6,15
063220802,11,9,20
063220803,21,9,30
063220901,24,21,45
063220902,13,17,30
063220903,5,3,8
063221001,134,135,269
063221002,27,33,60
063221003,8,12,20
063221004,30,28,58
063221005,23,30,53
063221006,12,10,22
063221007,48,49,97
063221008,20,11,31
063221101,14,13,27
063221102,16,13,29
063221103,16,9,25
063221201,11,15,26
063221202,7,2,9
063221203,6,3,9
063221301,9,11,20
063221302,14,7,21
063221303,17,15,32
063221304,10,11,21
063290101,23,14,37
063290102,45,57,102
063290103,28,29,57
063290104,24,21,45
063290201,87,80,167
063290202,27,34,61
063290203,34,65,99
063290301,40,62,102
063290302,58,77,135
063290303,78,118,196
063290304,351,355,706
063290305,414,514,928
063290306,339,332,671
063290307,202,270,472
063290308,435,486,921
063290309,335,351,686
063290310,399,433,832
063290311,464,392,856
063290312,459,336,795
063290313,263,214,477
063290314,284,278,562
063290315,410,441,851
063290316,349,439,788
063290317,210,219,429
063290401,54,60,114
063290402,83,103,186
063290403,96,114,210
063290501,115,119,234
063290502,92,127,219
063290503,60,37,97
063290504,38,35,73
063290505,150,178,328
063290506,208,246,454
063290601,36,36,72
063290602,20,23,43
063360101,48,36,84
063360201,259,267,526
063360202,203,210,413
063360203,117,162,279
063360204,21,13,34
063360205,194,166,360
063360301,36,23,59
063360401,20,6,26
063360501,144,146,290
063360601,29,27,56
063360701,71,85,156
063360801,46,48,94
063360901,33,30,63
063361001,136,244,380
063361002,173,216,389
063430101,258,305,563
063430102,31,41,72
063430103,86,100,186
063430104,22,33,55
063430105,32,42,74
063430201,67,48,115
063430301,40,33,73
063430302,24,19,43
063430303,25,17,42
063430401,35,39,74
063430402,46,31,77
063430501,18,28,46
063430502,27,17,44
063430503,38,42,80
063430601,250,224,474
063430602,102,125,227
063430603,39,32,71
063430604,18,11,29
063430605,24,25,49
063430606,1,10,11
063430701,158,144,302
063430702,274,269,543
063430703,370,346,716
063430704,164,185,349
063430705,363,268,631
063430706,329,360,689
063430707,298,348,646
063430708,231,209,440
063430709,434,300,734
063430710,506,387,893
063430711,283,319,602
063430712,230,261,491
063430713,180,178,358
063430801,14,18,32
063430802,30,21,51
063510101,11,24,35
063510102,151,199,350
063510103,173,190,363
063510104,16,9,25
063510201,56,96,152
063510202,25,35,60
063510301,17,18,35
063510302,5,14,19
063510303,6,4,10
063510304,14,16,30
063510401,248,317,565
063510402,13,19,32
063510403,26,25,51
063510404,21,20,41
063510405,10,38,48
063510406,373,313,686
063510501,16,22,38
063510502,5,13,18
063510601,217,210,427
063510602,135,115,250
063510603,439,343,782
063510604,482,403,885
063510605,293,427,720
063510606,442,420,862
063510607,498,269,767
063510608,112,148,260
063510609,4,0,4
063510610,1,4,5
063510611,13,11,24
063510612,6,7,13
063510613,21,16,37
063510614,12,17,29
063510615,345,509,854
063510701,24,21,45
063510702,17,24,41
063510703,9,12,21
063510801,22,36,58
063510802,20,3,23
063510803,29,42,71
063510901,557,442,999
063510902,9,12,21
063510903,53,73,126
063511001,7,9,16
063511002,10,13,23
063511003,16,15,31
063570101,343,444,787
063570102,445,470,915
063570103,484,567,1051
063570104,542,545,1087
063570105,474,473,947
063570106,367,288,655
063570107,362,288,650
063570108,502,537,1039
063570109,390,411,801
063570201,414,435,849
063570202,392,384,776
063570203,380,418,798
063570204,510,582,1092
063570205,396,374,770
063570206,390,393,783
063570207,288,333,621
063570208,298,228,526
063570209,422,400,822
063570210,333,385,718
063570301,194,188,382
063570302,221,249,470
063570303,162,156,318
063570304,283,323,606
063570305,293,356,649
063570306,484,449,933
063570307,375,336,711
063570308,469,453,922
063570309,496,548,1044
063570310,430,418,848
063570311,551,481,1032
063570401,303,283,586
063570402,231,183,414
063570403,210,165,375
063570404,218,200,418
063570405,202,202,404
063570406,273,233,506
063570407,376,324,700
063570408,472,357,829
063570409,339,310,649
063570410,296,242,538
063570501,530,509,1039
063570502,552,496,1048
063570503,363,290,653
063570504,351,275,626
063570505,277,235,512
063570506,325,305,630
063570507,292,206,498
063570508,326,268,594
063570509,496,412,908
063570510,451,408,859
063570511,229,190,419
063570512,257,220,477
063570513,190,180,370
063570514,219,153,372
063570601,363,495,858
063570602,342,396,738
063570603,364,305,669
063570604,491,580,1071
063570605,348,369,717
063570606,340,292,632
063570607,479,338,817
063570608,477,429,906
063570609,524,512,1036
063570610,460,403,863
063570611,412,348,760
063570701,339,380,719
063570702,472,495,967
063570703,372,407,779
063570704,435,527,962
063570705,518,650,1168
063570706,470,527,997
063570707,399,398,797
063570708,320,421,741
063570709,597,617,1214
063570710,403,501,904
063570711,304,410,714
063570801,499,581,1080
063570802,418,402,820
063570803,301,292,593
063570804,345,345,690
063570805,424,449,873
063570806,371,378,749
063570807,448,452,900
063570808,361,326,687
063570809,494,412,906
063570810,439,491,930
063570811,522,482,1004
063570812,510,493,1003
063570813,304,281,585
063570814,213,200,413
063570901,572,694,1266
063570902,394,613,1007
063570903,357,496,853
063570904,475,588,1063
063570905,453,564,1017
063570906,542,650,1192
063570907,442,582,1024
063570908,394,562,956
063570909,427,513,940
063570910,581,638,1219
063570911,506,562,1068
063570912,655,578,1233
063570913,461,479,940
063571001,307,346,653
063571002,264,315,579
063571003,492,597,1089
063571004,407,503,910
063571005,391,647,1038
063571006,528,609,1137
063571007,390,557,947
063571008,534,860,1394
063571009,330,418,748
063571010,331,334,665
063571011,406,479,885
063571012,447,401,848
063571013,336,363,699
063571014,401,499,900
063571015,378,372,750
063571101,274,380,654
063571102,419,612,1031
063571103,362,441,803
063571104,573,789,1362
063571105,388,599,987
063571106,448,617,1065
063571107,379,611,990
063571108,321,328,649
063571109,555,656,1211
063571110,362,419,781
063571111,386,415,801
063571112,465,617,1082
063571201,436,507,943
063571202,261,262,523
063571203,420,427,847
063571204,352,366,718
063571205,512,478,990
063571206,311,269,580
063571207,441,526,967
063571208,509,711,1220
063571209,442,588,1030
063571210,503,705,1208
063571211,432,821,1253
063571212,422,597,1019
063571213,423,450,873
063571214,357,376,733
063571215,491,746,1237
063571301,401,398,799
063571302,404,347,751
063571303,572,503,1075
063571304,622,666,1288
063571305,360,369,729
063571306,604,608,1212
063571307,508,527,1035
063571308,354,454,808
063571309,232,257,489
063571401,508,425,933
063571402,402,417,819
063571403,576,581,1157
063571404,473,407,880
063571405,291,273,564
063571406,356,320,676
063571407,515,461,976
063571408,432,373,805
063571409,417,376,793
063571501,423,409,832
063571502,299,275,574
063571503,319,355,674
063571504,554,380,934
063571505,469,470,939
063571506,342,294,636
063571507,898,704,1602
063571508,461,372,833
063571509,380,321,701
063571510,443,343,786
063571511,192,166,358
063571601,353,322,675
063571602,346,283,629
063571603,376,273,649
063571604,411,300,711
063571605,301,263,564
063571606,274,228,502
063571607,238,180,418
063571608,314,261,575
063571609,195,151,346
063571610,218,141,359
063571611,212,153,365
063571612,188,160,348
063571613,271,209,480
063571701,408,307,715
063571702,125,104,229
063571703,239,182,421
063571704,275,292,567
063571705,486,555,1041
063571706,300,212,512
063571707,249,181,430
063571708,363,323,686
063571709,265,302,567
063571710,233,232,465
063571801,362,289,651
063571802,286,220,506
063571803,179,138,317
063571804,302,247,549
063571805,438,340,778
063571806,341,305,646
063571807,354,273,627
063571808,450,328,778
063571809,316,283,599
063571810,246,214,460
063571901,370,308,678
063571902,222,192,414
063571903,196,152,348
063571904,102,59,161
063571905,168,127,295
063571906,136,127,263
063571907,382,262,644
063571908,252,175,427
063571909,150,98,248
063571910,131,88,219
063571911,198,115,313
063572001,221,155,376
063572002,374,235,609
063572003,219,108,327
063572004,176,95,271
063572005,102,70,172
063572006,128,70,198
063572007,190,111,301
063572008,57,35,92
063572009,115,67,182
063572101,184,145,329
063572102,349,226,575
063572103,231,212,443
063572104,187,115,302
063572105,370,348,718
063572106,328,186,514
063572107,334,166,500
063572108,255,170,425
063572201,238,148,386
063572202,141,97,238
063572203,232,159,391
063572204,168,144,312
063572205,190,131,321
063572206,261,200,461
063572207,212,105,317
063572208,269,178,447
063572209,247,189,436
063572210,174,154,328
063572211,174,128,302
063572212,211,148,359
063572213,175,104,279
063572214,191,143,334
063572301,202,164,366
063572302,239,166,405
063572303,147,109,256
063572304,179,102,281
063572305,120,87,207
063572306,189,111,300
063572307,112,75,187
063572308,121,87,208
063572401,102,62,164
063572402,61,50,111
063572403,152,100,252
063572404,220,113,333
063572405,215,197,412
063572501,239,210,449
063572502,260,210,470
063572503,138,111,249
063572601,225,180,405
063572602,286,251,537
063572603,256,196,452
063572604,230,210,440
063572701,198,129,327
063572702,177,149,326
063572703,268,195,463
063572704,180,153,333
063572705,205,192,397
063572801,244,180,424
063572802,200,114,314
063572803,159,134,293
063572804,140,94,234
063572805,205,128,333
063572806,168,178,346
063572901,165,92,257
063572902,142,93,235
063572903,156,100,256
063572904,186,151,337
063572905,79,49,128
063572906,222,219,441
063573001,138,130,268
063573002,186,142,328
063573003,99,54,153
063573004,183,156,339
063573005,153,132,285
063573006,276,181,457
063573007,143,99,242
063573008,117,66,183
063573009,219,155,374
063573010,164,120,284
063573011,240,154,394
063573101,274,154,428
063573102,251,156,407
063573103,194,111,305
063573104,120,54,174
063573105,213,151,364
063573106,200,147,347
063573107,286,182,468
063573108,280,172,452
063573109,220,192,412
063573201,303,222,525
063573202,346,253,599
063573203,388,249,637
063573204,305,261,566
063573205,128,89,217
063573206,211,158,369
063573207,266,168,434
063573208,141,73,214
063573209,310,214,524
063573210,243,163,406
063573301,352,254,606
063573302,395,345,740
063573303,433,276,709
063573304,365,248,613
063573305,300,248,548
063573306,271,158,429
063573307,318,199,517
063573308,312,219,531
063573309,240,158,398
063573310,173,123,296
063573311,185,154,339
063573401,259,125,384
063573402,231,160,391
063573403,167,86,253
063573404,356,228,584
063573405,222,145,367
063573406,184,116,300
063573407,268,173,441
063573408,97,93,190
063573501,267,184,451
063573502,312,232,544
063573503,178,100,278
063573504,217,147,364
063573505,322,198,520
063573506,249,149,398
063573507,259,190,449
063573508,240,186,426
063573509,223,189,412
063573510,141,86,227
063573601,262,194,456
063573602,280,188,468
063573603,210,126,336
063573604,238,185,423
063573605,54,41,95
063573701,215,145,360
063573702,195,153,348
063573703,219,168,387
063573704,125,114,239
063573705,212,171,383
063573706,176,145,321
063573707,146,126,272
063573708,133,111,244
063573801,220,148,368
063573802,189,115,304
063573803,188,176,364
063573804,104,109,213
063573901,183,150,333
063573902,175,108,283
063573903,179,137,316
063573904,275,248,523
063573905,181,101,282
063573906,173,109,282
063573907,312,256,568
063573908,167,142,309
063573909,85,80,165
063574001,32,21,53
063574002,243,254,497
063574003,184,108,292
063574004,667,294,961
063574005,132,115,247
063574006,145,124,269
063574007,278,189,467
063574008,191,145,336
063574101,438,330,768
063574102,346,228,574
063574103,265,226,491
063574104,218,156,374
063574105,184,122,306
063574106,66,56,122
063574107,139,101,240
063574201,172,105,277
063574202,175,93,268
063574203,127,65,192
063574204,70,44,114
063574205,126,101,227
063574206,166,118,284
063574207,183,125,308
063574301,93,63,156
063574302,120,92,212
063574303,143,76,219
063574304,256,159,415
063574305,61,36,97
063574306,142,118,260
063574307,215,206,421
063574308,54,35,89
063574309,131,91,222
063574310,101,95,196
063574311,94,65,159
063574312,129,56,185
063574401,41,28,69
063574402,114,102,216
063574403,355,278,633
063574404,375,310,685
063574405,326,250,576
063574406,133,92,225
063574407,212,168,380
063574408,185,183,368
063574409,97,72,169
063574501,182,141,323
063574502,272,181,453
063574503,277,244,521
063574504,318,268,586
063574505,222,154,376
063574506,384,281,665
063574507,404,364,768
063574508,349,269,618
063574509,544,415,959
063574510,427,396,823
063574511,176,120,296
063574512,165,132,297
063574513,308,119,427
063574514,95,95,190
063574515,220,128,348
063574516,356,267,623
063574601,216,179,395
063574602,253,202,455
063574603,319,262,581
063574604,204,154,358
063574605,347,263,610
063574606,410,282,692
063574607,243,144,387
063574608,248,148,396
063574609,418,265,683
063574610,315,250,565
063574611,376,299,675
063574612,404,287,691
063574613,263,191,454
063574701,365,305,670
063574702,348,315,663
063574703,365,357,722
063574704,344,283,627
063574705,413,330,743
063574706,243,168,411
063574707,225,145,370
063574708,333,297,630
063574709,393,280,673
063574710,397,317,714
063574801,462,409,871
063574802,415,399,814
063574803,348,355,703
063574804,181,198,379
063574805,254,236,490
063574806,211,200,411
063574807,274,228,502
063574808,246,212,458
063574809,214,206,420
063574810,400,345,745
063574811,322,363,685
063574812,226,183,409
063574813,282,220,502
063574814,295,250,545
063574815,243,233,476
063574901,333,249,582
063574902,424,383,807
063574903,298,246,544
063574904,292,258,550
063574905,413,310,723
063574906,334,283,617
063574907,365,287,652
063574908,320,249,569
063575001,353,299,652
063575002,417,367,784
063575003,394,350,744
063575004,477,411,888
063575005,516,456,972
063575006,441,411,852
063575007,502,515,1017
063575008,750,835,1585
063575009,901,932,1833
063575010,294,212,506
063575011,208,176,384
063575012,470,437,907
063575013,253,249,502
063575014,250,242,492
063575101,333,309,642
063575102,376,345,721
063575103,472,431,903
063575104,395,355,750
063575105,505,471,976
063575106,376,513,889
063575107,557,542,1099
063575108,520,581,1101
063575109,581,557,1138
063575201,623,862,1485
063575202,560,646,1206
063575203,491,572,1063
063575204,498,612,1110
063575205,339,433,772
063575206,364,324,688
063575207,530,545,1075
063575208,363,413,776
063575209,429,385,814
063575210,636,841,1477
063575211,520,663,1183
063575212,432,549,981
063575213,466,567,1033
063575214,485,772,1257
063575215,586,807,1393
063575216,596,866,1462
063575301,472,436,908
063575302,473,486,959
063575303,529,551,1080
063575304,379,376,755
063575305,318,424,742
063575306,353,405,758
063575307,540,570,1110
063575308,461,580,1041
063575309,548,692,1240
063575310,553,557,1110
063575311,460,519,979
063575312,428,622,1050
063575313,325,419,744
063575314,330,374,704
063575315,393,555,948
063575316,292,520,812
063575401,431,387,818
063575402,484,413,897
063575403,446,586,1032
063575404,523,541,1064
063575405,414,329,743
063575406,359,312,671
063575407,331,358,689
063575408,307,312,619
063575501,264,233,497
063575502,326,310,636
063575503,494,408,902
063575504,535,504,1039
063575505,243,250,493
063575506,404,361,765
063575507,367,266,633
063575508,640,543,1183
063575601,453,386,839
063575602,453,423,876
063575603,382,341,723
063575604,523,399,922
063575605,353,337,690
063575606,362,359,721
063575607,479,388,867
063575608,418,419,837
063575609,370,322,692
063575610,199,157,356
063575611,523,444,967
063575612,388,308,696
063575701,616,647,1263
063575702,484,373,857
063575703,376,304,680
063575704,574,484,1058
063575705,301,264,565
063575706,478,382,860
063575707,307,252,559
063575708,272,228,500
063575709,518,447,965
063575710,297,314,611
063575801,357,289,646
063575802,341,316,657
063575803,350,300,650
063575804,385,330,715
063575805,439,423,862
063575806,430,442,872
063575807,412,336,748
063575808,597,568,1165
063575901,444,279,723
063575902,409,323,732
063575903,513,308,821
063575904,408,302,710
063575905,391,334,725
063575906,625,492,1117
063575907,395,515,910
063575908,466,280,746
063575909,246,222,468
063575910,250,210,460
063575911,439,371,810
063576001,413,448,861
063576002,321,230,551
063576003,372,350,722
063576004,256,233,489
063576005,396,358,754
063576006,468,392,860
063576007,402,386,788
063576008,319,287,606
063576009,316,280,596
063576010,299,369,668
063576011,308,360,668
063576101,500,420,920
063576102,509,450,959
063576103,214,181,395
063576104,340,253,593
063576105,424,440,864
063576106,616,471,1087
063576107,234,267,501
063576108,13,22,35
063576109,305,249,554
063576110,427,385,812
063576111,279,254,533
063576112,116,168,284
063576113,311,269,580
063576201,462,443,905
063576202,304,224,528
063576203,224,230,454
063576204,381,372,753
063576205,381,320,701
063576206,374,329,703
063576207,290,327,617
063576208,218,236,454
063576209,352,299,651
063576210,122,114,236
063576211,303,247,550
063576301,25,31,56
063576302,115,90,205
063576303,94,78,172
063576304,178,163,341
063576305,168,160,328
063576306,74,76,150
063576307,81,72,153
063576308,120,113,233
063576309,69,44,113
063576401,458,594,1052
063576402,507,603,1110
063576403,282,325,607
063576404,325,367,692
063576405,280,289,569
063576406,188,232,420
063576407,239,242,481
063576408,201,172,373
063576409,121,86,207
063576410,85,99,184
063576411,155,141,296
063576501,255,248,503
063576502,282,349,631
063576503,6,2,8
063576504,462,452,914
063576505,304,289,593
063576506,286,251,537
063576507,382,367,749
063576508,466,456,922
063576509,393,349,742
063576510,270,235,505
063576511,263,253,516
063576512,282,257,539
063576513,100,85,185
063576514,136,111,247
063576601,426,387,813
063576602,450,351,801
063576603,492,610,1102
063576604,430,509,939
063576605,390,341,731
063576606,356,423,779
063576607,367,445,812
063576608,311,290,601
063576701,246,281,527
063576702,345,342,687
063576703,434,496,930
063576704,439,489,928
063576705,394,515,909
063576706,333,332,665
063576707,533,656,1189
063576708,324,393,717
063576709,400,471,871
063576710,461,580,1041
063576711,539,676,1215
063576712,469,581,1050
063576713,257,393,650
063576714,308,320,628
063576715,478,679,1157
063576801,569,627,1196
063576802,540,564,1104
063576803,307,395,702
063576804,264,224,488
063576805,254,247,501
063576806,412,377,789
063576807,390,385,775
063576808,348,307,655
063576809,388,396,784
063576810,472,522,994
063576901,347,379,726
063576902,336,355,691
063576903,281,311,592
063576904,308,415,723
063576905,343,375,718
063576906,413,420,833
063576907,501,642,1143
063576908,373,471,844
063576909,377,482,859
063576910,457,597,1054
063576911,262,314,576
063577001,296,447,743
063577002,450,468,918
063577003,618,580,1198
063577004,634,515,1149
063577005,296,243,539
063577006,361,340,701
063577007,518,489,1007
063577008,467,513,980
063577009,343,317,660
063577010,347,323,670
063577011,348,405,753
063577012,281,360,641
063577013,339,463,802
063577014,391,508,899
063577101,293,387,680
063577102,411,394,805
063577103,574,482,1056
063577104,528,577,1105
063577105,396,379,775
063577106,508,692,1200
063577107,458,411,869
063577108,571,514,1085
063577109,571,634,1205
063577110,443,498,941
063577111,489,772,1261
063577201,416,567,983
063577202,409,654,1063
063577203,306,556,862
063577204,500,629,1129
063577205,502,574,1076
063577206,412,513,925
063577207,526,535,1061
063577208,274,319,593
063577209,525,598,1123
063577210,629,660,1289
063577211,469,588,1057
063577301,94,153,247
063577302,457,696,1153
063577303,12,21,33
063577304,92,100,192
063577305,453,613,1066
063577306,491,685,1176
063577307,76,140,216
063577308,200,297,497
063577309,179,327,506
063577310,2,6,8
063577311,143,146,289
063577312,98,96,194
063577401,436,439,875
063577402,411,631,1042
063577403,324,333,657
063577404,352,548,900
063577405,260,424,684
063577406,494,725,1219
063577407,303,373,676
063577408,355,467,822
063577409,235,274,509
063577410,248,281,529
063577411,185,201,386
063577412,211,251,462
063577413,252,310,562
063577414,383,535,918
063577415,240,249,489
063577416,209,267,476
063577417,267,265,532
063577418,219,253,472
063577501,182,200,382
063577502,96,80,176
063577503,36,26,62
063577504,151,152,303
063577505,125,104,229
063577506,153,199,352
063577507,270,250,520
063577508,208,176,384
063577509,107,89,196
063577510,138,118,256
063577511,136,155,291
063577512,227,245,472
063577513,193,206,399
063577514,116,110,226
063577515,94,93,187
063577516,79,73,152
063577601,112,178,290
063577602,183,246,429
063577603,73,70,143
063577604,134,118,252
063577605,107,121,228
063577606,60,45,105
063577607,133,106,239
063577608,147,151,298
063577609,190,205,395
063577610,291,347,638
063577611,120,220,340
063577612,109,115,224
063577613,90,105,195
063577614,64,55,119
063577615,106,93,199
063577616,89,150,239
063577617,80,91,171
063577701,275,351,626
063577702,287,324,611
063577703,76,101,177
063577704,62,46,108
063577705,70,57,127
063577706,36,26,62
063577707,60,69,129
063577708,57,69,126
063577709,148,164,312
063577710,191,177,368
063577711,65,83,148
063577712,71,83,154
063577713,79,88,167
063577714,369,269,638
063577715,65,59,124
063577716,848,833,1681
063577717,44,39,83
063577718,41,51,92
063577801,12,23,35
063577802,222,305,527
063577803,171,177,348
063577804,360,546,906
063577805,382,494,876
063577806,52,97,149
063577807,107,184,291
063577808,238,319,557
063577809,1080,1243,2323
063577810,402,644,1046
063577811,493,762,1255
063577812,459,885,1344
063577813,354,441,795
063577814,420,702,1122
063577815,240,346,586
063577816,300,395,695
063577901,2,3,5
063577902,420,393,813
063577903,89,134,223
063577904,240,413,653
063577905,264,466,730
063577906,276,479,755
063577907,248,402,650
063577908,402,551,953
063577909,451,640,1091
063577910,267,483,750
063577911,220,262,482
063577912,303,338,641
063577913,494,615,1109
063577914,589,663,1252
063577915,756,994,1750
063577916,43,116,159
063577917,29,109,138
063578001,454,634,1088
063578002,314,449,763
063578003,398,478,876
063578004,374,542,916
063578005,497,675,1172
063578006,411,551,962
063578007,190,344,534
063578008,218,302,520
063578009,168,229,397
063578010,128,211,339
063578011,196,195,391
063578012,126,143,269
063578013,171,283,454
063578014,163,211,374
063578015,44,8,52
063578016,300,388,688
063578017,182,215,397
063578018,122,193,315
063578101,108,148,256
063578102,19,17,36
063578103,13,10,23
063578104,98,128,226
063578105,101,74,175
063578106,179,190,369
063578107,166,198,364
063578108,184,225,409
063578109,230,233,463
063578110,247,235,482
063578111,237,204,441
063578112,264,227,491
063578113,220,254,474
063578114,439,622,1061
063578201,52,37,89
063578202,45,79,124
063578203,257,358,615
063578204,240,277,517
063578205,290,480,770
063578206,275,347,622
063578207,100,87,187
063578208,127,77,204
063578209,96,76,172
063578210,97,81,178
063578211,193,194,387
063578212,204,171,375
063578213,157,205,362
063578301,98,129,227
063578302,177,275,452
063640101,384,606,990
063640102,289,293,582
063640103,513,461,974
063640104,321,534,855
063640105,373,446,819
063640106,378,379,757
063640107,290,391,681
063640108,284,504,788
063640109,270,499,769
063640110,328,447,775
063640111,312,423,735
063640112,229,331,560
063640113,309,391,700
063640114,569,632,1201
063640115,280,229,509
063640116,285,225,510
063640117,272,239,511
063640118,347,203,550
063640119,512,490,1002
063640201,239,268,507
063640202,421,443,864
063640203,476,543,1019
063640204,278,343,621
063640205,395,471,866
063640206,250,421,671
063640207,477,566,1043
063640208,279,403,682
063640209,282,410,692
063640210,367,481,848
063640211,167,176,343
063640212,124,143,267
063640213,184,237,421
063640214,156,177,333
063640301,236,360,596
063640302,339,458,797
063640303,298,409,707
063640304,270,423,693
063640305,237,328,565
063640306,386,470,856
063640307,574,851,1425
063640308,411,559,970
063640309,227,250,477
063640310,168,315,483
063640311,126,252,378
063640312,273,543,816
063640313,112,160,272
063640314,0,0,0
063640315,186,330,516
063640316,0,0,0
063640317,240,228,468
063640318,376,490,866
063640401,434,647,1081
063640402,408,660,1068
063640403,428,652,1080
063640404,151,189,340
063640405,417,595,1012
063640406,295,404,699
063640407,223,316,539
063640408,301,409,710
063640409,314,446,760
063640410,327,455,782
063640411,208,319,527
063640412,264,400,664
063640413,290,444,734
063640414,62,50,112
063640501,402,581,983
063640502,248,300,548
063640503,16,14,30
063640504,104,186,290
063640601,17,10,27
063640602,18,12,30
063640603,29,37,66
063640604,23,41,64
063640701,306,425,731
063640702,335,432,767
063640703,307,346,653
063640704,456,648,1104
063640705,375,429,804
063640706,405,315,720
063640707,357,331,688
063640708,396,313,709
063640709,537,521,1058
063640710,227,193,420
063640711,274,278,552
063640712,604,552,1156
063640713,407,335,742
063640714,384,439,823
063640715,314,372,686
063640716,218,347,565
063640717,209,326,535
063640801,209,204,413
063640802,158,314,472
063640803,227,336,563
063640804,187,257,444
063640805,391,406,797
063640806,252,374,626
063640807,354,453,807
063640808,242,373,615
063640809,319,470,789
063640810,399,474,873
063640811,218,324,542
063640812,199,318,517
063640813,360,434,794
063640814,248,348,596
063640815,230,305,535
063640816,299,324,623
063640817,256,493,749
063640818,292,462,754
063640819,316,489,805
063640820,260,424,684
063640821,182,281,463
063640822,226,349,575
063640823,344,543,887
063850101,267,338,605
063850102,17,15,32
063850103,23,19,42
063850104,0,2,2
063850105,6,9,15
063850106,208,280,488
063850107,276,302,578
063850201,133,164,297
063850202,12,16,28
063850203,25,18,43
063850204,13,5,18
063850301,9,5,14
063850302,16,9,25
063850303,12,17,29
063850401,60,79,139
063850402,29,17,46
063850403,19,13,32
063850404,17,15,32
063850405,7,7,14
063850501,10,8,18
063850601,31,21,52
063850701,412,423,835
063850702,342,403,745
063850703,235,247,482
063850704,335,491,826
063850705,381,336,717
063850706,264,213,477
063850707,464,322,786
063850708,463,353,816
063850709,337,371,708
063850710,312,438,750
063850711,265,234,499
063850712,59,65,124
063850713,278,334,612
063850714,359,335,694
063850715,357,331,688
063850716,311,225,536
063850717,276,188,464
063850718,50,93,143
063850801,55,40,95
063850802,21,22,43
063850901,45,26,71
063850902,26,31,57
063851001,453,401,854
063851002,568,840,1408
063851101,28,18,46
063851102,67,31,98
063920101,312,437,749
063920102,553,606,1159
063920103,328,166,494
063920104,282,204,486
063920105,492,290,782
063920106,529,319,848
063920107,419,349,768
063920108,404,348,752
063920109,481,491,972
063920110,393,420,813
063920111,326,315,641
063920112,396,362,758
063920113,425,482,907
063920114,397,473,870
063920115,346,396,742
063920116,274,196,470
063920201,25,22,47
063920202,32,32,64
063920203,17,12,29
063920204,10,5,15
063920301,356,269,625
063920302,18,15,33
063920303,18,22,40
063920304,10,11,21
063920305,28,20,48
063920306,47,40,87
063920401,145,147,292
063920402,16,13,29
063920403,27,19,46
063920404,8,6,14
063920405,16,20,36
063920501,7,7,14
063920502,31,36,67
063920503,18,7,25
063920504,9,9,18
063920505,2,0,2
063920601,103,118,221
063920602,25,37,62
063920603,9,10,19
063920604,24,62,86
063920605,65,78,143
063920701,12,10,22
063920702,220,285,505
063920703,76,75,151
063920704,22,31,53
063920705,121,161,282
063920706,153,137,290
063920707,158,109,267
063920708,206,184,390
063920709,31,43,74
063920710,22,29,51
063920801,334,353,687
063920802,29,50,79
063920803,55,60,115
063920804,17,20,37
063920805,32,16,48
063920806,507,551,1058
063920901,431,391,822
063920902,81,150,231
063920903,87,156,243
063920904,43,42,85
063920905,22,22,44
063920906,161,213,374
063920907,196,288,484
063921001,32,20,52
063921002,21,10,31
063921003,7,10,17
063921004,20,24,44
063921005,62,53,115
063921006,7,9,16
063921101,11,11,22
063921102,26,25,51
063921103,4,2,6
063921201,323,683,1006
063921202,318,499,817
063921203,322,523,845
063921204,57,55,112
063921205,15,21,36
063921206,329,406,735
063921207,125,182,307
063921208,25,25,50
063921209,28,23,51
063921301,34,34,68
063921302,37,30,67
063921303,35,26,61
063921401,18,32,50
063921402,13,9,22
063921403,3,1,4
063921404,14,12,26
063921501,305,271,576
063921502,264,298,562
063921503,69,68,137
063921504,34,36,70
063921505,16,10,26
063921506,178,200,378
063921507,16,14,30
063990101,388,249,637
063990102,317,257,574
063990103,222,108,330
063990104,32,23,55
063990105,304,385,689
063990106,357,368,725
063990107,153,192,345
063990108,225,176,401
063990109,225,242,467
063990201,15,11,26
063990202,61,46,107
063990301,48,53,101
063990302,89,67,156
063990303,145,249,394
063990304,298,213,511
063990401,36,24,60
063990402,23,22,45
063990501,553,508,1061
063990502,175,199,374
063990503,59,46,105
063990504,92,97,189
063990601,68,61,129
063990602,58,47,105
063990701,11,11,22
063990702,126,104,230
063990703,349,377,726
063990704,344,335,679
063990705,304,247,551
063990706,284,217,501
063990801,27,25,52
063990802,39,20,59
063990803,28,22,50
063990804,27,21,48
063990805,24,24,48
064060101,5,4,9
064060102,2,1,3
064060103,19,15,34
064060104,9,10,19
064060105,11,9,20
064060106,12,14,26
064060107,1,1,2
064060201,345,457,802
064060202,420,333,753
064060203,381,309,690
064060204,445,561,1006
064060205,498,311,809
064060206,405,364,769
064060207,290,399,689
064060208,29,32,61
064060209,6,1,7
064060210,150,189,339
064060211,26,31,57
064060212,5,8,13
064060213,22,21,43
064060214,261,259,520
064060215,412,346,758
064060216,233,289,522
064060301,12,12,24
064060302,69,73,142
064060303,12,11,23
064060304,24,29,53
064060305,23,22,45
064060306,13,14,27
064060307,10,11,21
064060308,38,54,92
064060309,10,3,13
064130101,377,442,819
064130102,386,420,806
064130103,411,414,825
064130104,496,537,1033
064130105,391,419,810
064130106,524,542,1066
064130107,504,384,888
064130108,423,387,810
064130109,384,323,707
064130110,479,381,860
064130201,577,673,1250
064130202,376,443,819
064130203,438,485,923
064130204,370,463,833
064130205,447,557,1004
064130206,408,511,919
064130207,605,526,1131
064130208,447,356,803
064130209,437,329,766
064130210,433,313,746
064130211,377,287,664
064130212,419,306,725
064130213,330,441,771
064130301,180,134,314
064130302,356,242,598
064130303,365,272,637
064130304,339,208,547
064130305,362,180,542
064130306,349,284,633
064130307,495,467,962
064130308,299,381,680
064130309,394,489,883
064130310,368,421,789
064130311,394,297,691
064130401,359,259,618
064130402,322,184,506
064130403,440,318,758
064130404,526,422,948
064130405,440,273,713
064130406,399,228,627
064130407,354,228,582
064130408,609,474,1083
064130409,586,317,903
064130410,255,206,461
064130411,491,394,885
064130412,384,267,651
064130413,580,425,1005
064130501,483,368,851
064130502,452,264,716
064130503,466,289,755
064130504,447,274,721
064130505,205,77,282
064130506,386,190,576
064130507,568,372,940
064130508,405,201,606
064130509,488,282,770
064130510,297,231,528
064130511,467,280,747
064130512,456,342,798
064130513,239,135,374
064130601,277,239,516
064130602,426,287,713
064130603,513,331,844
064130604,505,395,900
064130605,489,328,817
064130606,405,295,700
064130607,540,407,947
064130608,349,337,686
064130609,448,495,943
064130610,340,343,683
064130611,394,400,794
064130612,336,364,700
064130703,43,66,109
064130704,50,53,103
064130901,67,63,130
064130902,16,6,22
064131101,66,87,153
064131106,50,75,125
064131301,152,183,335
064131302,466,537,1003
064131303,232,282,514
064131304,411,463,874
064131305,201,297,498
064131306,26,67,93
064131307,495,544,1039
064131308,197,215,412
064131309,294,368,662
064131401,57,59,116
064131402,41,63,104
064131403,170,163,333
064131404,238,493,731
064131405,107,250,357
064131406,205,253,458
064131407,470,764,1234
064131408,226,395,621
064131409,158,228,386
064131501,133,169,302
064131502,43,35,78
064131503,24,27,51
064131504,2,3,5
064131505,57,38,95
064131506,35,15,50
064131507,96,69,165
064131508,51,30,81
064131509,48,26,74
064131601,9,10,19
064131801,142,213,355
064131802,63,60,123
064131803,19,16,35
064131804,3,5,8
064131805,3,8,11
064131806,21,23,44
064131901,28,18,46
064131902,281,274,555
064131903,53,70,123
064131904,59,61,120
064131905,78,64,142
064131906,49,30,79
064132101,568,635,1203
064132102,425,454,879
064132103,293,249,542
064132104,596,527,1123
064132105,422,306,728
064132106,267,245,512
064132107,359,294,653
064132108,620,565,1185
064132109,656,630,1286
064132110,526,399,925
064132201,202,230,432
064132202,175,174,349
064132203,69,42,111
064132204,84,58,142
064132205,209,361,570
064132206,144,145,289
064132207,89,90,179
064132208,189,130,319
064132209,169,165,334
064132210,238,201,439
064132211,268,231,499
064132212,126,122,248
064200101,8,10,18
064200102,196,293,489
064200103,137,167,304
064200104,312,387,699
064200105,128,96,224
064200106,110,81,191
064200107,68,85,153
064200108,105,102,207
064200109,178,176,354
064200110,253,271,524
064200111,173,105,278
064200112,78,68,146
064200113,97,49,146
064200114,88,72,160
064200115,107,43,150
064200116,249,180,429
064200201,44,28,72
064200202,54,21,75
064200203,50,37,87
064200204,64,52,116
064200205,39,21,60
064200206,36,24,60
064200207,69,39,108
064200208,116,94,210
064200209,88,65,153
064200210,84,48,132
064200211,84,58,142
064200212,185,156,341
064200213,268,303,571
064200214,125,106,231
064200215,145,153,298
064200216,293,334,627
064200301,110,74,184
064200302,105,75,180
064200303,74,53,127
064200304,133,148,281
064200305,147,113,260
064200306,124,76,200
064200307,137,116,253
064200308,175,186,361
064200309,116,147,263
064200310,94,96,190
064200311,162,204,366
064200312,115,104,219
064200313,49,43,92
064200314,57,50,107
064200315,27,22,49
064200316,47,41,88
064200317,65,45,110
064200318,41,57,98
064200319,60,75,135
064200320,150,283,433
064200401,62,41,103
064200402,84,70,154
064200403,157,224,381
064200404,121,172,293
064200405,109,88,197
064200406,145,132,277
064200407,144,161,305
064200408,62,51,113
064200409,61,43,104
064200410,151,137,288
064200411,133,127,260
064200412,126,136,262
064200413,79,74,153
064200414,93,85,178
064200415,108,65,173
064200416,82,62,144
064200417,46,35,81
064200418,57,42,99
064200419,92,87,179
064200501,5,8,13
064200502,58,30,88
064200503,214,188,402
064200504,179,162,341
064200505,193,168,361
064200506,312,240,552
064200507,232,255,487
064200508,273,330,603
064200509,369,451,820
064200510,134,125,259
064200511,106,80,186
064200512,109,78,187
064200601,113,60,173
064200602,26,8,34
064200603,84,46,130
064200604,69,71,140
064200605,64,40,104
064200606,20,11,31
064200607,46,47,93
064200608,97,79,176
064200609,97,63,160
064200610,60,40,100
064200611,11,4,15
064200612,28,24,52
064200701,62,47,109
064200702,28,29,57
064200703,22,5,27
064200704,52,39,91
064200705,72,43,115
064200706,115,100,215
064200707,83,64,147
064200708,66,35,101
064200709,32,18,50
064200710,50,33,83
064200711,49,40,89
064200801,339,413,752
064200802,343,407,750
064200803,168,162,330
064200804,157,149,306
064200805,165,164,329
064200806,139,88,227
064200807,160,119,279
064200808,122,95,217
064200809,63,43,106
064200901,435,544,979
064200902,197,305,502
064200903,249,312,561
064200904,128,118,246
064200905,91,80,171
064200906,84,60,144
064200907,114,96,210
064200908,105,116,221
064200909,79,44,123
064200910,56,65,121
064200911,86,67,153
064200912,26,28,54
064201001,119,226,345
064201002,67,47,114
064201003,36,20,56
064201004,91,61,152
064201005,153,156,309
064201006,146,152,298
064201007,141,135,276
064201008,68,46,114
064201009,63,71,134
064201010,130,117,247
064201011,162,132,294
064201012,86,76,162
064201013,131,147,278
064201101,94,88,182
064201102,67,44,111
064201103,48,49,97
064201104,88,81,169
064201105,73,86,159
064201106,88,160,248
064201107,72,80,152
064201108,54,34,88
064201109,47,32,79
064201110,167,168,335
064201111,86,86,172
064201112,141,173,314
064201113,101,115,216
064201114,91,64,155
064201115,90,71,161
064201116,134,146,280
064201117,170,204,374
064201201,140,174,314
064201202,15,22,37
064201203,129,91,220
064201204,68,44,112
064201205,85,67,152
064201206,84,76,160
064201207,56,35,91
064201208,189,151,340
064201209,1,3,4
064201210,24,17,41
064201211,68,81,149
064201212,58,53,111
064201213,69,63,132
064201214,140,208,348
064201301,36,19,55
064201302,49,48,97
064201303,65,49,114
064201304,19,18,37
064201305,35,26,61
064201306,66,75,141
064201307,118,107,225
064201308,36,54,90
064201309,70,47,117
064201310,88,78,166
064201311,98,99,197
064201401,82,50,132
064201402,41,33,74
064201403,146,141,287
064201404,185,250,435
064201405,41,49,90
064201406,33,25,58
064201407,31,17,48
064201408,42,27,69
064201409,39,30,69
064201410,28,21,49
064201501,11,15,26
064201502,30,50,80
064201503,42,25,67
064201504,20,22,42
064201505,29,21,50
064201506,78,56,134
064201507,39,26,65
064201508,200,196,396
064201509,117,139,256
064201510,233,242,475
064201601,28,15,43
064201602,29,20,49
064201603,36,31,67
064201604,17,20,37
064201605,17,8,25
064201606,24,16,40
064201607,29,15,44
064201608,32,23,55
064201609,49,31,80
064201610,43,40,83
064201611,216,277,493
064201612,267,263,530
064201701,87,84,171
064201702,8,13,21
064201703,31,21,52
064201704,45,29,74
064201705,47,29,76
064201706,42,10,52
064201707,61,33,94
064201708,179,185,364
064201709,250,320,570
064201710,152,178,330
064201801,18,21,39
064201802,19,12,31
064201803,41,17,58
064201804,27,20,47
064201805,26,23,49
064201806,18,29,47
064201807,25,15,40
064201808,146,135,281
064201809,53,39,92
064201810,29,18,47
064201811,11,4,15
064201812,222,235,457
064201901,8,5,13
064201902,20,15,35
064201903,112,129,241
064201904,178,171,349
064201905,186,250,436
064201906,193,276,469
064201907,181,222,403
064201908,94,70,164
064201909,62,69,131
064201910,160,156,316
064201911,142,139,281
064201912,56,57,113
064202001,300,264,564
064202002,187,133,320
064202003,161,85,246
064202004,55,36,91
064202005,65,38,103
064202006,68,47,115
064202007,39,16,55
064202008,39,10,49
064202009,64,54,118
064202010,94,54,148
064202011,88,48,136
064202012,66,54,120
064202013,106,87,193
064202101,105,81,186
064202102,96,69,165
064202103,194,182,376
064202104,180,194,374
064202105,180,163,343
064202106,331,298,629
064202107,317,319,636
064202108,446,463,909
064202109,495,655,1150
064202110,267,277,544
064202111,242,360,602
064202112,333,512,845
064202201,200,342,542
064202202,307,435,742
064202203,204,219,423
064202204,81,80,161
064202205,111,84,195
064202206,159,161,320
064202207,80,65,145
064202208,90,101,191
064202209,159,256,415
064202210,79,61,140
064202211,70,77,147
064202212,63,64,127
064202213,83,71,154
064202214,36,32,68
064410101,440,331,771
064410102,378,372,750
064410103,308,315,623
064410104,276,335,611
064410105,232,291,523
064410106,220,227,447
064410107,269,287,556
064410108,254,204,458
064410109,372,360,732
064410110,401,477,878
064410111,257,268,525
064410112,259,405,664
064410113,411,326,737
064410201,149,266,415
064410202,200,206,406
064410203,291,291,582
064410204,191,223,414
064410205,182,250,432
064410206,283,527,810
064410207,221,461,682
064410208,51,42,93
064410209,300,495,795
064410210,387,435,822
064410211,235,312,547
064410301,253,278,531
064410302,496,505,1001
064410303,184,220,404
064410304,231,303,534
064410305,270,296,566
064410306,276,355,631
064410307,357,437,794
064410308,261,284,545
064410401,393,446,839
064410402,553,564,1117
064410403,436,441,877
064410404,206,219,425
064410405,218,226,444
064410406,262,243,505
064410407,277,350,627
064410408,241,315,556
064410409,277,304,581
064410410,185,309,494
064410411,299,381,680
064410412,311,320,631
064410413,232,223,455
064410414,220,251,471
064410501,251,391,642
064410502,231,367,598
064410503,242,263,505
064410504,198,288,486
064410505,114,222,336
064410506,222,351,573
064410507,141,157,298
064410508,179,240,419
064410509,142,200,342
064410601,170,334,504
064410602,106,199,305
064410603,134,243,377
064410604,117,223,340
064410605,227,365,592
064410606,158,198,356
064410607,183,243,426
064410608,138,198,336
064410609,219,366,585
064410701,108,166,274
064410702,168,231,399
064410703,238,318,556
064410704,256,212,468
064410705,201,351,552
064410706,172,187,359
064410707,183,266,449
064410708,142,157,299
064410709,182,286,468
064410801,218,394,612
064410802,149,281,430
064410803,89,114,203
064410804,99,177,276
064410805,118,153,271
064410806,35,54,89
064410807,134,192,326
064410808,174,243,417
064410809,162,255,417
064410901,126,174,300
064410902,253,309,562
064410903,207,214,421
064410904,233,369,602
064410905,208,242,450
064410906,279,348,627
064410907,233,316,549
064410908,154,318,472
064410909,117,312,429
064410910,63,72,135
064410911,105,292,397
064410912,175,310,485
064410913,226,299,525
064410914,144,241,385
064411001,516,533,1049
064411002,271,254,525
064411003,298,293,591
064411004,245,206,451
064411005,220,186,406
064411006,432,416,848
064411007,261,191,452
064411008,281,270,551
064411009,408,396,804
064411010,256,185,441
064411011,280,174,454
064411012,255,218,473
064411013,258,262,520
064411014,205,175,380
064411015,143,226,369
064411101,264,257,521
064411102,301,261,562
064411103,240,198,438
064411104,194,193,387
064411105,318,175,493
064411106,225,178,403
064411107,271,180,451
064411108,221,168,389
064411109,223,180,403
064411110,181,171,352
064411111,332,280,612
064411112,452,388,840
064411113,351,334,685
064411114,311,311,622
064411115,207,189,396
064411116,202,205,407
064411201,142,234,376
064411202,170,231,401
064411203,107,179,286
064411204,195,202,397
064411205,340,281,621
064411206,184,178,362
064411207,235,192,427
064411208,90,122,212
064411209,161,119,280
064411210,104,94,198
064411211,231,253,484
064411212,173,156,329
064411213,171,188,359
064411214,142,172,314
064411215,156,138,294
064411216,114,172,286
064411301,144,205,349
064411302,238,245,483
064411303,71,103,174
064411304,232,292,524
064411305,122,136,258
064411306,174,145,319
064411307,234,201,435
064411308,221,166,387
064411309,242,253,495
064411401,129,157,286
064411402,119,163,282
064411403,133,221,354
064411404,193,287,480
064411405,246,283,529
064411406,134,173,307
064411407,171,227,398
064411408,212,241,453
064411409,167,215,382
064411501,225,274,499
064411502,257,265,522
064411503,172,262,434
064411504,254,291,545
064411505,250,278,528
064411506,182,215,397
064411507,204,258,462
064411508,135,207,342
064411509,257,327,584
064411510,249,329,578
064411511,225,225,450
064411512,166,210,376
064411601,335,360,695
064411602,205,266,471
064411603,204,237,441
064411604,231,225,456
064411605,221,221,442
064411606,432,397,829
064411607,433,458,891
064411608,291,187,478
064411609,315,291,606
064411610,474,466,940
064411611,378,396,774
064411612,287,293,580
064411613,160,209,369
064411614,328,368,696
064411615,90,95,185
064411701,228,200,428
064411702,270,220,490
064411703,308,329,637
064411704,260,235,495
064411705,398,365,763
064411706,349,392,741
064411707,242,218,460
064411708,266,246,512
064411709,223,199,422
064411710,238,209,447
064411711,235,249,484
064411712,402,321,723
064411713,266,254,520
064411801,134,147,281
064411802,159,210,369
064411803,149,167,316
064411804,172,199,371
064411805,263,276,539
064411806,183,209,392
064411807,244,239,483
064411808,255,354,609
064411809,326,199,525
064411810,274,254,528
064411811,427,356,783
064411812,223,204,427
064411813,204,197,401
064411901,303,316,619
064411902,343,319,662
064411903,251,244,495
064411904,242,218,460
064411905,162,132,294
064411906,273,285,558
064411907,244,211,455
064411908,203,158,361
064411909,217,173,390
064411910,214,161,375
064411911,258,248,506
064412001,357,326,683
064412002,244,226,470
064412003,261,265,526
064412004,164,186,350
064412005,212,200,412
064412006,256,233,489
064412007,198,167,365
064412008,248,191,439
064412009,276,236,512
064412010,205,154,359
064412011,140,103,243
064412012,157,115,272
064412013,118,139,257
064412014,49,42,91
064412015,135,170,305
064412016,143,131,274
064412017,161,165,326
064412101,241,197,438
064412102,249,203,452
064412103,439,391,830
064412104,448,364,812
064412105,422,342,764
064412106,228,206,434
064412107,235,203,438
064412108,236,167,403
064412109,248,190,438
064412110,272,210,482
064412111,251,164,415
064412112,239,197,436
064412113,420,355,775
064412114,233,228,461
064412115,419,371,790
064412201,313,256,569
064412202,376,336,712
064412203,426,365,791
064412204,450,362,812
064412205,430,317,747
064412206,292,246,538
064412207,292,254,546
064412208,328,327,655
064412209,332,278,610
064412301,304,258,562
064412302,234,183,417
064412303,273,250,523
064412304,245,190,435
064412305,268,282,550
064412306,272,223,495
064412307,334,322,656
064412308,268,278,546
064412309,197,170,367
064412401,261,170,431
064412402,264,240,504
064412403,255,230,485
064412404,275,241,516
064412405,525,455,980
064412406,378,298,676
064412407,212,220,432
064412408,224,189,413
064412409,312,285,597
064412410,236,159,395
064412411,520,461,981
064412501,237,199,436
064412502,310,264,574
064412503,230,228,458
064412504,199,167,366
064412505,384,337,721
064412506,291,231,522
064412507,249,203,452
064412508,292,254,546
064412509,253,175,428
064412510,346,278,624
064412601,267,242,509
064412602,223,275,498
064412603,286,213,499
064412604,199,175,374
064412605,245,195,440
064412606,401,349,750
064412607,318,308,626
064412608,209,153,362
064412609,243,228,471
064412610,516,432,948
064412611,284,221,505
064412612,304,224,528
064412613,259,235,494
064412614,331,292,623
064412701,427,355,782
064412702,476,452,928
064412703,412,386,798
064412704,418,379,797
064412705,467,478,945
064412706,268,250,518
064412707,269,291,560
064412708,480,402,882
064412709,478,419,897
064412801,273,276,549
064412802,365,388,753
064412803,302,224,526
064412804,196,166,362
064412805,263,248,511
064412806,282,195,477
064412807,249,173,422
064412808,279,252,531
064412809,307,286,593
064412810,330,249,579
064412811,404,371,775
064412812,453,462,915
064412813,453,401,854
064412901,269,203,472
064412902,259,240,499
064412903,313,256,569
064412904,237,254,491
064412905,326,255,581
064412906,253,230,483
064412907,282,266,548
064412908,251,252,503
064412909,372,317,689
064412910,246,252,498
064412911,231,199,430
064412912,241,207,448
064412913,445,364,809
064412914,565,410,975
064413001,405,517,922
064413002,446,600,1046
064413003,372,404,776
064413004,510,462,972
064413005,332,362,694
064413006,520,421,941
064413007,246,222,468
064413008,312,311,623
064413009,378,443,821
064413101,490,588,1078
064413102,310,331,641
064413103,287,280,567
064413104,236,224,460
064413105,287,209,496
064413106,343,381,724
064413107,362,252,614
064413108,267,239,506
064413109,335,289,624
064413110,294,261,555
064413111,518,551,1069
064413112,365,395,760
064413113,261,298,559
064413114,375,323,698
064413115,323,304,627
064413116,304,314,618
064413201,253,253,506
064413202,243,254,497
064413203,507,539,1046
064413204,565,588,1153
064413205,488,569,1057
064413206,391,425,816
064413207,447,458,905
064413208,415,473,888
064413209,309,340,649
064413210,376,410,786
064413211,543,515,1058
064413301,415,393,808
064413302,236,199,435
064413303,327,407,734
064413304,253,336,589
064413305,378,378,756
064413306,543,616,1159
064413307,310,335,645
064413308,253,301,554
064413309,531,534,1065
064413310,398,433,831
064413311,599,558,1157
064413401,287,276,563
064413402,354,348,702
064413403,524,608,1132
064413404,359,355,714
064413405,415,489,904
064413406,353,359,712
064413407,343,338,681
064413408,478,413,891
064413409,295,328,623
064413410,329,342,671
064413411,351,341,692
064413412,186,292,478
064413413,371,560,931
064413414,363,533,896
064413415,635,890,1525
064413501,478,592,1070
064413502,550,526,1076
064413503,251,248,499
064413504,255,245,500
064413505,487,593,1080
064413506,314,337,651
064413507,354,461,815
064413508,464,621,1085
064413509,465,546,1011
064413510,432,617,1049
064413511,598,611,1209
064413512,447,465,912
064413513,475,458,933
064413514,417,442,859
064413515,485,834,1319
064413516,924,1255,2179
064413601,369,358,727
064413602,803,1181,1984
064413603,307,312,619
064413604,313,301,614
064413605,447,507,954
064413606,410,750,1160
064413607,341,459,800
064413608,301,392,693
064413609,380,510,890
064413610,521,503,1024
064413611,419,475,894
064413612,455,574,1029
064413701,474,568,1042
064413702,473,665,1138
064413703,247,481,728
064413704,196,471,667
064413705,348,754,1102
064413706,452,626,1078
064413707,299,350,649
064413708,373,468,841
064413709,498,475,973
064413710,532,722,1254
064413711,550,719,1269
064413712,525,627,1152
064413713,309,457,766
064413714,393,628,1021
064413801,727,735,1462
064413802,278,489,767
064413803,334,415,749
064413804,258,407,665
064413805,387,462,849
064413806,550,560,1110
064413807,505,516,1021
064413808,210,392,602
064413809,393,597,990
064413810,399,432,831
064413901,344,407,751
064413902,298,276,574
064413903,327,310,637
064413904,368,373,741
064413905,380,357,737
064413906,394,459,853
064413907,350,456,806
064413908,382,462,844
064413909,332,471,803
064413910,542,777,1319
064414001,383,422,805
064414002,361,395,756
064414003,286,322,608
064414004,281,289,570
064414005,255,239,494
064414006,434,539,973
064414007,362,511,873
064414008,338,471,809
064414009,315,515,830
064414010,476,671,1147
064414011,531,629,1160
064414012,412,621,1033
064414013,588,805,1393
064414101,757,1111,1868
064414102,395,647,1042
064414103,456,650,1106
064414104,533,707,1240
064414105,545,658,1203
064414106,398,422,820
064414107,395,488,883
064414108,581,767,1348
064414109,400,633,1033
064414110,343,617,960
064414111,127,204,331
064414112,271,344,615
064414201,589,1046,1635
064414202,244,421,665
064414203,454,704,1158
064414204,445,620,1065
064414205,425,739,1164
064414206,506,863,1369
064414207,450,731,1181
064414208,345,395,740
064414209,380,518,898
064414210,539,834,1373
064414211,355,508,863
064414212,362,452,814
064414213,157,267,424
064414214,124,291,415
064414215,482,1107,1589
064414216,892,1069,1961
064414217,546,665,1211
064414218,550,625,1175
064414219,898,936,1834
064414301,305,432,737
064414302,356,426,782
064414303,328,335,663
064414304,464,453,917
064414305,306,342,648
064414306,416,512,928
064414307,302,373,675
064414308,332,440,772
064414309,489,540,1029
064414310,538,742,1280
064414311,337,378,715
064414312,284,339,623
064414313,311,411,722
064414314,401,576,977
064414315,572,832,1404
064414401,371,425,796
064414402,343,373,716
064414403,456,732,1188
064414404,302,471,773
064414405,392,509,901
064414406,415,463,878
064414407,472,709,1181
064414408,284,487,771
064414409,274,549,823
064414410,670,1366,2036
064414501,281,391,672
064414502,354,407,761
064414503,375,471,846
064414504,419,658,1077
064414505,348,456,804
064414506,427,493,920
064414507,400,571,971
064414508,396,541,937
064414509,461,655,1116
064414510,423,663,1086
064414511,504,731,1235
064414601,333,491,824
064414602,465,575,1040
064414603,386,443,829
064414604,421,371,792
064414605,316,404,720
064414606,288,319,607
064414607,392,404,796
064414608,424,516,940
064414609,414,587,1001
064414701,558,983,1541
064414702,472,618,1090
064414703,355,555,910
064414704,545,760,1305
064414705,445,577,1022
064414706,398,427,825
064414707,593,719,1312
064414708,420,574,994
064414709,748,1038,1786
064414710,333,551,884
064414801,465,437,902
064414802,251,281,532
064414803,281,330,611
064414804,573,614,1187
064414805,284,255,539
064414806,298,473,771
064414807,401,446,847
064414808,251,284,535
064414809,283,321,604
064414901,414,403,817
064414902,361,297,658
064414903,410,320,730
064414904,278,247,525
064414905,236,196,432
064414906,353,236,589
064414907,370,296,666
064414908,253,231,484
064414909,349,215,564
064414910,219,214,433
064415001,266,230,496
064415002,244,271,515
064415003,538,466,1004
064415004,308,209,517
064415005,278,213,491
064415006,296,272,568
064415007,236,192,428
064415008,313,256,569
064415009,378,256,634
064415010,322,311,633
064415101,781,1134,1915
064415102,312,506,818
064415103,286,274,560
064415104,347,482,829
064415105,525,551,1076
064415106,228,317,545
064415107,324,385,709
064415108,357,359,716
064415109,278,251,529
064415110,241,191,432
064415111,315,283,598
064415112,246,223,469
064415113,308,253,561
064415114,320,264,584
064415115,294,274,568
064415116,190,254,444
064415117,551,542,1093
064415118,498,429,927
064415201,376,599,975
064415202,310,344,654
064415203,287,242,529
064415204,469,601,1070
064415205,338,509,847
064415206,248,268,516
064415207,454,415,869
064415208,351,392,743
064415209,267,226,493
064415210,311,314,625
064415301,265,287,552
064415302,541,485,1026
064415303,268,229,497
064415304,417,396,813
064415305,466,695,1161
064415306,267,326,593
064415307,277,272,549
064415308,370,418,788
064415309,468,553,1021
064415310,502,853,1355
064415401,449,450,899
064415402,312,518,830
064415403,389,403,792
064415404,368,286,654
064415405,542,527,1069
064415406,234,173,407
064415407,362,295,657
064415408,255,189,444
064415409,292,271,563
064415410,431,403,834
064415411,297,295,592
064415412,390,496,886
064415413,163,211,374
064415414,325,406,731
064415415,215,346,561
064415416,289,391,680
064415417,494,568,1062
064415418,456,427,883
064415501,617,935,1552
064415502,619,986,1605
064415503,274,371,645
064415504,309,366,675
064415505,445,552,997
064415506,498,482,980
064415507,317,376,693
064415508,437,517,954
064415509,316,407,723
064415510,153,233,386
064415511,237,398,635
064415601,436,376,812
064415602,539,538,1077
064415603,277,266,543
064415604,384,332,716
064415605,558,531,1089
064415606,534,544,1078
064415607,465,379,844
064415608,671,560,1231
064415701,43,52,95
064415702,356,371,727
064415703,275,357,632
064415704,305,360,665
064415705,489,573,1062
064415706,529,673,1202
064415707,531,824,1355
064415708,347,398,745
064415709,278,490,768
064415710,285,440,725
064415711,456,558,1014
064415712,505,451,956
064415713,344,378,722
064415801,338,309,647
064415802,346,307,653
064415803,398,357,755
064415804,272,190,462
064415805,261,192,453
064415806,272,229,501
064415807,372,394,766
064415808,285,203,488
064415901,316,310,626
064415902,335,351,686
064415903,286,260,546
064415904,404,354,758
064415905,334,262,596
064415906,317,289,606
064415907,403,454,857
064415908,415,544,959
064415909,390,379,769
064415910,494,580,1074
064416001,481,538,1019
064416002,286,324,610
064416003,314,421,735
064416004,455,657,1112
064416005,539,775,1314
064416006,334,342,676
064416007,362,527,889
064416008,321,337,658
064416009,446,565,1011
064416010,387,438,825
064416101,297,280,577
064416102,275,335,610
064416103,311,327,638
064416104,270,338,608
064416105,384,388,772
064416106,511,583,1094
064416107,370,379,749
064416108,117,177,294
064416109,314,339,653
064416110,241,345,586
064416111,364,405,769
064416112,400,354,754
064416201,158,156,314
064416202,353,416,769
064416203,294,350,644
064416204,389,370,759
064416205,70,93,163
064416206,350,313,663
064416207,268,287,555
064416208,449,487,936
064416209,254,304,558
064416210,283,303,586
064416211,591,773,1364
064416212,209,305,514
064416213,395,721,1116
064416301,307,291,598
064416302,304,289,593
064416303,375,388,763
064416304,334,538,872
064416305,242,246,488
064416306,438,444,882
064416307,310,342,652
064416308,226,269,495
064416309,216,222,438
064416310,253,368,621
064416311,157,235,392
064416401,517,615,1132
064416402,155,232,387
064416403,194,294,488
064416404,152,323,475
064416405,152,249,401
064416406,183,284,467
064416407,187,250,437
064416408,72,65,137
064416409,402,727,1129
064416410,44,63,107
064416411,222,289,511
064416412,156,155,311
064416413,129,163,292
064416414,240,242,482
064416415,419,548,967
064416416,195,236,431
064416417,353,858,1211
064416418,286,288,574
064416419,398,585,983
064416501,209,337,546
064416502,191,332,523
064416503,172,365,537
064416504,33,79,112
064416505,86,197,283
064416506,94,210,304
064416507,80,95,175
064416508,50,90,140
064416509,253,465,718
064416510,480,847,1327
064416511,345,635,980
064416512,132,135,267
064416513,171,272,443
064416514,257,354,611
064416515,407,538,945
064416516,341,425,766
064416517,416,583,999
064416518,254,310,564
064416519,340,789,1129
064416520,204,328,532
064416521,130,146,276
064416601,267,415,682
064416602,367,426,793
064416603,561,883,1444
064416604,352,504,856
064416605,8,54,62
064416606,292,497,789
064416607,509,636,1145
064416608,357,449,806
064416609,437,582,1019
064416610,299,346,645
064416611,538,511,1049
064416612,463,600,1063
064416613,278,413,691
064416614,245,390,635
064416615,418,792,1210
064416616,336,484,820
064416617,372,634,1006
064416618,369,513,882
064416701,115,228,343
064416702,51,71,122
064416703,124,139,263
064416704,108,194,302
064416801,233,464,697
064416802,543,797,1340
064416803,291,415,706
064416804,322,359,681
064416805,452,549,1001
064416806,165,364,529
064416807,232,300,532
064416808,181,197,378
064416809,188,170,358
064416810,91,82,173
064416811,137,148,285
064416812,111,135,246
064416813,46,55,101
064416814,218,397,615
064416815,167,284,451
064416816,167,240,407
064416817,47,54,101
064416901,485,576,1061
064416902,415,528,943
064416903,428,486,914
064416904,454,676,1130
064416905,400,477,877
064416906,604,789,1393
064416907,303,374,677
064416908,407,708,1115
064416909,455,515,970
064416910,302,325,627
064416911,403,607,1010
064416912,130,198,328
064417001,550,708,1258
064417002,386,434,820
064417003,282,421,703
064417004,561,948,1509
064417005,446,628,1074
064417006,373,513,886
064417007,277,304,581
064417101,57,62,119
064480101,142,134,276
064480102,8,11,19
064480103,19,9,28
064480201,17,10,27
064480202,7,3,10
064480203,20,16,36
064480301,13,4,17
064480302,4,9,13
064480303,9,2,11
064480401,10,14,24
064480402,1,8,9
064480403,0,0,0
064480501,14,26,40
064480502,10,17,27
064480503,5,5,10
064480601,556,606,1162
064480602,463,440,903
064480603,292,339,631
064480604,327,229,556
064480605,278,209,487
064480606,404,515,919
064480607,367,347,714
064480608,518,525,1043
064480609,266,365,631
064480610,67,87,154
064480611,11,11,22
064480612,43,26,69
064480613,3,3,6
064480614,297,423,720
064480701,14,12,26
064480702,2,2,4
064480703,10,3,13
064480801,6,7,13
064480802,15,9,24
064480803,7,16,23
064480901,1,11,12
064480902,10,3,13
064480903,6,5,11
064480904,7,12,19
064481001,9,8,17
064481002,9,9,18
064481003,3,4,7
064481004,1,4,5
064481101,9,4,13
064481102,15,13,28
064481103,6,2,8
064481201,12,2,14
064481202,4,4,8
064481203,13,4,17
064481204,6,6,12
064481205,17,17,34
064481206,4,4,8
064550101,416,392,808
064550102,367,237,604
064550103,393,219,612
064550104,350,197,547
064550105,390,328,718
064550106,453,318,771
064550107,229,307,536
064550108,353,368,721
064550109,359,309,668
064550110,425,246,671
064550111,217,172,389
064550112,274,208,482
064550113,287,262,549
064550114,331,313,644
064550115,239,207,446
064550201,39,31,70
064550301,70,42,112
064550401,97,100,197
064550501,32,24,56
064550601,99,55,154
064550602,14,16,30
064550603,38,53,91
064550604,71,53,124
064550605,24,23,47
064550606,23,29,52
064550607,72,56,128
064550701,76,78,154
064550801,19,18,37
064550802,35,34,69
064550901,54,33,87
064551001,42,27,69
064551101,78,72,150
064551201,101,62,163
064551301,179,150,329
064551401,428,560,988
064551402,698,642,1340
064551403,182,224,406
064551404,217,175,392
064551405,356,328,684
064551406,458,291,749
064551407,414,354,768
064551408,447,381,828
064551409,98,97,195
064551410,377,419,796
064551411,261,316,577
064551412,491,369,860
064551413,446,284,730
064551414,341,219,560
064620101,20,5,25
064620201,36,60,96
064620202,19,9,28
064620203,7,11,18
064620301,13,7,20
064620401,130,137,267
064620402,348,302,650
064620403,505,444,949
064620404,43,51,94
064620405,43,44,87
064620406,118,147,265
064620501,12,8,20
064620502,13,21,34
064620601,124,154,278
064620602,10,13,23
064620603,23,20,43
064620604,18,14,32
064620605,26,12,38
064620701,393,422,815
064620702,375,315,690
064620703,482,482,964
064620704,354,501,855
064620705,389,300,689
064620706,586,590,1176
064620707,478,541,1019
064620708,354,295,649
064620709,10,13,23
064620710,40,63,103
064620711,10,16,26
064620712,6,2,8
064620801,39,56,95
064620802,381,612,993
064620901,12,20,32
064621001,20,16,36
064621002,398,594,992
064621101,23,22,45
064621102,16,10,26
064621201,92,233,325
064621202,539,506,1045
064621203,385,404,789
064621204,12,8,20
064621205,103,203,306
064621206,13,22,35
064621207,33,22,55
064690101,370,314,684
064690102,479,307,786
064690103,334,308,642
064690104,604,449,1053
064690105,335,304,639
064690106,463,297,760
064690107,349,236,585
064690108,486,334,820
064690109,613,538,1151
064690110,315,304,619
064690111,399,351,750
064690112,311,185,496
064690113,336,309,645
064690114,316,360,676
064690201,383,254,637
064690202,489,326,815
064690203,432,439,871
064690204,542,435,977
064690205,443,189,632
064690206,316,189,505
064690207,488,278,766
064690208,538,434,972
064690209,264,248,512
064690210,363,371,734
064690211,342,386,728
064690212,343,435,778
064690213,235,196,431
064690214,399,384,783
064690301,61,43,104
064690302,17,18,35
064690303,8,4,12
064690304,30,49,79
064690305,12,11,23
064690306,18,11,29
064690401,244,244,488
064690402,35,15,50
064690403,18,18,36
064690404,24,17,41
064690405,27,10,37
064690406,24,20,44
064690501,14,16,30
064690502,6,7,13
064690503,8,7,15
064690504,7,8,15
064690601,343,362,705
064690602,595,599,1194
064690603,328,342,670
064690604,168,282,450
064690605,492,653,1145
064690606,499,585,1084
064690701,13,11,24
064690702,7,17,24
064690703,21,21,42
064690801,314,349,663
064690802,71,67,138
064690803,39,26,65
064690804,49,26,75
064690805,26,38,64
064690806,46,48,94
064690807,253,238,491
064690901,322,234,556
064690902,11,13,24
064690903,150,180,330
064690904,22,10,32
064690905,8,6,14
064690906,16,24,40
064690907,19,21,40
064690908,24,32,56
064690909,348,256,604
064691001,173,136,309
064691002,103,145,248
064691003,31,45,76
064691004,26,30,56
064691005,3,8,11
064691006,5,3,8
064691007,248,235,483
064691101,112,97,209
064691102,12,17,29
064691103,8,0,8
064691104,20,15,35
064691105,17,9,26
064691106,243,241,484
064691107,35,32,67
064691201,9,14,23
064691202,7,13,20
064691203,17,19,36
064691204,13,13,26
064691301,349,281,630
064691302,567,492,1059
064691303,32,44,76
064691304,18,16,34
064691305,129,200,329
064691306,22,30,52
064691307,382,339,721
064691401,24,19,43
064691402,12,11,23
064691403,23,33,56
064691404,20,16,36
064691501,438,433,871
064691502,21,4,25
064691503,6,5,11
064691504,1,1,2
064691505,7,2,9
064691506,22,21,43
064691507,78,84,162
064691508,396,326,722
064760101,340,393,733
064760102,389,380,769
064760103,247,177,424
064760104,242,174,416
064760105,309,185,494
064760106,409,383,792
064760107,378,314,692
064760108,368,462,830
064760201,536,462,998
064760202,76,62,138
064760203,60,37,97
064760204,30,24,54
064760205,42,62,104
064760206,30,36,66
064760207,37,26,63
064760208,25,37,62
064760301,43,31,74
064760302,21,17,38
064760303,14,16,30
064760401,10,6,16
064760402,5,3,8
064760403,11,5,16
064760404,20,15,35
064760501,36,31,67
064760502,21,35,56
064760503,16,16,32
064760504,27,21,48
064760505,19,10,29
064760601,10,9,19
064760602,17,13,30
064760603,51,41,92
064760604,9,8,17
064760701,135,140,275
064760702,61,65,126
064760703,114,128,242
064760704,59,50,109
064760705,64,64,128
064760706,10,2,12
064760707,169,243,412
064760708,239,282,521
064760709,15,24,39
064760801,24,24,48
064760802,22,11,33
064760803,13,16,29
064760804,20,16,36
064760901,31,17,48
064760902,13,28,41
064760903,17,13,30
064760904,8,10,18
064760905,10,9,19
064761001,44,43,87
064761002,15,10,25
064761003,12,11,23
064761101,15,14,29
064761102,55,27,82
064761103,24,21,45
064761104,14,8,22
064761105,21,26,47
064761201,4,5,9
064761202,30,28,58
064761203,30,27,57
064761204,45,45,90
064761205,34,26,60
064761206,37,30,67
064761301,52,40,92
064761401,325,408,733
064761402,407,395,802
064761403,438,411,849
064761404,371,298,669
064761405,291,238,529
064761406,310,189,499
064761407,222,159,381
064761408,417,415,832
064830101,640,643,1283
064830102,572,482,1054
064830103,546,439,985
064830104,325,264,589
064830105,421,272,693
064830106,428,241,669
064830107,315,182,497
064830108,336,193,529
064830109,404,273,677
064830110,472,286,758
064830111,353,318,671
064830112,366,269,635
064830113,319,313,632
064830114,404,453,857
064830115,280,329,609
064830116,314,294,608
064830117,418,332,750
064830118,326,323,649
064830201,19,21,40
064830202,48,46,94
064830203,34,38,72
064830301,146,122,268
064830302,116,143,259
064830303,107,90,197
064830304,73,75,148
064830401,612,843,1455
064830402,234,233,467
064830403,234,198,432
064830404,532,468,1000
064830405,389,384,773
064830406,130,165,295
064830407,513,561,1074
064830408,372,294,666
064830409,443,362,805
064830410,291,220,511
064830411,285,210,495
064830412,381,386,767
064830413,558,649,1207
064830414,380,391,771
064830415,436,514,950
064830416,303,354,657
064830417,155,181,336
064830501,499,449,948
064830502,59,51,110
064830503,62,75,137
064830504,83,106,189
064830505,65,47,112
064830506,14,10,24
064830601,57,38,95
064830602,176,161,337
064830701,156,108,264
064830702,75,35,110
064830703,41,44,85
064830704,12,12,24
064830705,25,27,52
064830706,54,26,80
064830801,151,127,278
064830802,58,41,99
064830803,42,42,84
064830804,52,42,94
064830805,24,14,38
064830806,187,202,389
064830901,116,105,221
064830902,51,54,105
064830903,96,104,200
064830904,50,55,105
064830905,57,34,91
064830906,41,38,79
064830907,33,40,73
064830908,124,112,236
064831001,36,29,65
064831002,68,64,132
064970101,558,392,950
064970102,303,177,480
064970103,291,203,494
064970104,500,307,807
064970105,426,297,723
064970106,449,349,798
064970107,309,260,569
064970108,308,354,662
064970109,259,236,495
064970110,364,345,709
064970111,379,392,771
064970112,379,474,853
064970201,224,271,495
064970202,23,28,51
064970203,52,62,114
064970204,26,26,52
064970205,12,16,28
064970206,22,29,51
064970207,63,79,142
064970301,12,7,19
064970302,572,563,1135
064970303,305,298,603
064970304,18,45,63
064970305,329,306,635
064970306,275,345,620
064970307,508,851,1359
064970308,379,729,1108
064970309,205,350,555
064970310,115,245,360
064970311,318,421,739
064970312,525,566,1091
064970401,43,69,112
064970402,86,64,150
064970403,125,164,289
064970404,276,301,577
064970405,245,269,514
064970406,230,276,506
064970407,250,321,571
064970408,514,499,1013
064970409,258,396,654
064970410,316,422,738
064970501,295,323,618
064970502,272,251,523
064970503,503,493,996
064970504,389,648,1037
064970505,486,817,1303
064970506,466,679,1145
064970507,469,560,1029
064970508,373,536,909
064970509,501,559,1060
064970510,541,762,1303
064970511,485,696,1181
064970512,412,476,888
064970513,447,456,903
064970601,459,570,1029
064970602,461,501,962
064970603,195,310,505
064970604,384,407,791
064970605,403,524,927
064970606,141,202,343
064970607,491,588,1079
064970608,27,50,77
064970609,280,268,548
064970610,266,389,655
064970611,288,205,493
064970612,60,146,206
064970613,231,353,584
064970614,167,240,407
064970701,372,342,714
064970702,163,128,291
064970703,198,182,380
064970704,200,119,319
064970705,428,314,742
064970706,369,225,594
064970707,183,124,307
064970708,497,285,782
064970709,292,200,492
064970710,337,304,641
064970801,306,337,643
064970802,456,596,1052
064970803,328,375,703
064970804,92,125,217
064970805,51,80,131
064970806,294,331,625
064970807,294,359,653
064970808,190,114,304
064970809,367,521,888
064970810,384,463,847
064970811,551,591,1142
064970812,727,752,1479
064970813,291,279,570
064970814,317,247,564
064970815,474,472,946
064970901,41,49,90
064971001,241,346,587
064971002,54,53,107
064971003,22,25,47
064971004,29,48,77
064971005,17,11,28
064971006,24,42,66
064971007,15,21,36
064971008,433,621,1054
064971101,530,407,937
064971102,548,438,986
064971103,392,393,785
064971104,537,414,951
064971105,508,362,870
064971106,583,437,1020
064971107,420,390,810
064971108,354,364,718
064971201,440,526,966
064971202,492,738,1230
064971203,441,428,869
064971204,366,407,773
064971205,512,530,1042
064971206,387,487,874
064971207,439,510,949
064971208,185,177,362
064971209,62,62,124
064971210,165,217,382
064971211,167,267,434
064971212,112,133,245
064971301,555,855,1410
064971302,492,662,1154
064971303,229,227,456
064971304,230,184,414
064971305,97,114,211
064971306,448,399,847
064971307,378,355,733
064971308,354,359,713
064971309,209,243,452
064971310,48,68,116
064971311,3,9,12
064971401,574,671,1245
064971402,518,604,1122
064971403,647,729,1376
064971404,42,44,86
064971405,505,610,1115
064971406,526,554,1080
064971407,176,186,362
064971408,336,293,629
064971409,457,469,926
064971410,387,416,803
065050101,27,34,61
065050102,53,54,107
065050103,80,109,189
065050104,11,14,25
065050105,35,39,74
065050106,24,12,36
065050201,201,182,383
065050202,33,31,64
065050203,21,8,29
065050204,167,134,301
065050205,93,162,255
065050206,59,54,113
065050207,26,21,47
065050208,29,27,56
065050209,55,33,88
065050210,253,298,551
065050211,228,222,450
065050212,177,185,362
065050301,68,59,127
065050302,74,70,144
065050303,77,94,171
065050304,84,89,173
065050305,60,96,156
065050306,482,525,1007
065050307,221,252,473
065050308,340,373,713
065050309,298,325,623
065050310,199,252,451
065050311,376,290,666
065050312,351,245,596
065050313,201,202,403
065050314,350,452,802
065050315,418,401,819
065050316,122,129,251
065050317,135,130,265
065050318,138,192,330
065050319,426,364,790
065050320,236,274,510
065050321,208,244,452
065050322,245,357,602
065050401,113,137,250
065050402,110,141,251
065050403,916,1408,2324
065050404,42,44,86
065050405,26,29,55
065050406,52,53,105
065050407,58,71,129
065110101,32,13,45
065110102,16,10,26
065110201,26,15,41
065110202,30,32,62
065110301,41,44,85
065110302,21,25,46
065110303,20,29,49
065110304,44,51,95
065110401,43,32,75
065110402,6,9,15
065110501,111,150,261
065110502,382,330,712
065110503,576,532,1108
065110504,350,324,674
065110505,387,410,797
065110506,353,242,595
065110507,446,316,762
065110508,436,402,838
065110509,259,302,561
065110510,8,10,18
065110511,18,18,36
065110512,517,497,1014
065110513,231,367,598
065110601,181,149,330
065110602,26,26,52
065110603,33,18,51
065110701,29,30,59
065110702,21,22,43
065180101,267,233,500
065180102,198,147,345
065180103,279,239,518
065180104,70,55,125
065180105,8,3,11
065180106,2,4,6
065180107,15,9,24
065180108,9,4,13
065180109,10,12,22
065180110,3,4,7
065180111,70,76,146
065180112,44,32,76
065180113,23,18,41
065180114,221,188,409
065180115,328,318,646
065180201,132,202,334
065180202,292,286,578
065180203,321,295,616
065180204,469,400,869
065180205,558,474,1032
065180206,242,320,562
065180207,26,30,56
065180208,36,39,75
065180209,97,154,251
065180210,0,0,0
065180211,288,294,582
065180212,209,236,445
065180301,95,105,200
065180302,145,166,311
065180303,77,74,151
065180304,59,46,105
065180305,42,26,68
065180401,17,13,30
065180402,23,27,50
065180403,7,7,14
065180404,22,15,37
065180405,15,18,33
065180406,7,3,10
065180407,9,10,19
065180408,10,3,13
065180409,5,5,10
065180410,6,11,17
065180411,4,5,9
065180412,14,11,25
065180501,9,31,40
065180502,11,8,19
065180503,23,15,38
065180504,297,356,653
065180505,3,7,10
065180506,84,100,184
065180507,6,19,25
065180508,6,5,11
065180509,3,1,4
065180510,31,33,64
065180511,44,37,81
065180601,65,61,126
065180602,117,63,180
065180603,86,99,185
065180604,242,208,450
065180605,116,101,217
065180606,131,95,226
065180607,89,64,153
065180608,4,6,10
065180609,82,64,146
065180610,52,49,101
065180611,70,62,132
065180612,110,78,188
065180613,87,97,184
065180614,127,121,248
065180615,12,11,23
065180701,38,40,78
065180702,64,42,106
065180703,89,91,180
065180704,101,68,169
065180705,140,98,238
065180706,53,56,109
065180707,64,57,121
065180708,171,148,319
065180709,128,178,306
065180710,124,138,262
065180711,261,315,576
065180712,255,268,523
065180713,172,171,343
065180714,157,153,310
065180715,182,130,312
065180716,131,120,251
065180717,134,82,216
065180801,2,2,4
065180802,58,65,123
065180803,113,86,199
065180804,66,57,123
065180805,3,2,5
065180806,7,13,20
065180807,49,49,98
065180808,117,91,208
065180809,144,113,257
065180810,66,53,119
065180811,16,15,31
065180812,85,66,151
065180813,8,11,19
065180814,3,7,10
065250101,186,291,477
065250102,211,275,486
065250103,194,228,422
065250104,236,313,549
065250105,421,498,919
065250106,440,540,980
065250107,470,322,792
065250108,460,367,827
065250109,448,469,917
065250110,392,240,632
065250111,526,635,1161
065250112,221,325,546
065250113,223,190,413
065250114,382,469,851
065250201,40,59,99
065250202,41,66,107
065250203,404,518,922
065250204,221,180,401
065250301,39,54,93
065250302,63,78,141
065250303,603,993,1596
065250304,309,531,840
065250401,561,746,1307
065250402,589,803,1392
065250403,308,430,738
065250404,464,672,1136
065250405,584,793,1377
065250406,609,1001,1610
065250407,366,496,862
065250408,528,761,1289
065250409,416,656,1072
065250410,13,24,37
065250411,94,173,267
065250412,94,132,226
065250413,81,159,240
065250414,427,741,1168
065250415,345,546,891
065250416,176,271,447
065250417,612,811,1423
065250418,581,667,1248
065250501,677,1125,1802
065250502,234,1605,1839
065250503,25,31,56
065250504,166,225,391
065250601,149,333,482
065250602,129,235,364
065250603,194,245,439
065250604,237,274,511
065250605,257,273,530
065250606,672,554,1226
065250607,733,828,1561
065250608,303,367,670
065250609,352,545,897
065250610,496,628,1124
065250611,653,603,1256
065250612,394,541,935
065250613,466,433,899
065250614,220,198,418
065320101,965,1291,2256
065320102,547,392,939
065320103,396,310,706
065320104,432,387,819
065320105,374,326,700
065320106,406,354,760
065320107,353,225,578
065320108,377,235,612
065320109,352,242,594
065320110,395,278,673
065320111,475,382,857
065320112,451,385,836
065320201,308,148,456
065320202,437,302,739
065320203,447,333,780
065320204,419,290,709
065320205,262,216,478
065320206,326,279,605
065320207,451,446,897
065320208,400,254,654
065320301,457,445,902
065320302,704,724,1428
065320303,434,403,837
065320304,315,347,662
065320305,375,606,981
065320306,357,568,925
065320307,399,535,934
065320308,476,529,1005
065320309,588,634,1222
065320310,375,458,833
065320311,360,413,773
065320312,395,312,707
065320313,302,306,608
065320401,91,113,204
065320402,33,28,61
065320403,99,133,232
065320501,17,12,29
065320502,40,42,82
065320503,49,68,117
065320504,48,57,105
065320601,7,12,19
065320602,16,6,22
065320603,18,16,34
065320604,13,12,25
065320701,57,67,124
065320801,24,30,54
065320802,25,36,61
065320803,17,18,35
065320804,39,33,72
065320805,58,62,120
065320901,635,844,1479
065320902,309,290,599
065320903,159,187,346
065320904,246,293,539
065320905,282,240,522
065320906,107,155,262
065320907,134,178,312
065320908,209,303,512
065320909,241,173,414
065320910,1060,1714,2774
065320911,282,406,688
065320912,134,172,306
065321001,370,634,1004
065321002,26,19,45
065321003,38,49,87
065321004,27,33,60
065321005,30,46,76
065321101,81,89,170
065321102,93,68,161
065321103,31,22,53
065321104,6,21,27
065321201,12,29,41
065321202,10,13,23
065321203,28,22,50
065321301,12,18,30
065321302,16,24,40
065321303,7,9,16
065321401,374,230,604
065321402,415,354,769
065321403,429,443,872
065321404,396,401,797
065321405,458,288,746
065321406,394,212,606
065321407,293,179,472
065321408,391,292,683
065321501,378,345,723
065321502,436,473,909
065321503,394,383,777
065321504,401,508,909
065321505,391,568,959
065321506,426,611,1037
065321507,351,346,697
065321508,358,490,848
065321509,493,519,1012
065321510,336,333,669
065321511,525,549,1074
065321512,604,564,1168
065470101,42,43,85
065470102,37,19,56
065470201,278,252,530
065470202,36,50,86
065470203,47,67,114
065470301,37,52,89
065470302,61,48,109
065470303,38,21,59
065470304,36,57,93
065470305,331,387,718
065470306,548,649,1197
065470307,516,720,1236
065470308,146,181,327
065470309,311,468,779
065470310,182,204,386
065470311,161,134,295
065470312,535,521,1056
065470313,96,89,185
065470401,14,6,20
065470402,78,58,136
065470501,40,29,69
065470502,52,48,100
065470503,26,24,50
065470601,118,91,209
065470602,36,44,80
065470603,123,91,214
065470701,27,15,42
065470702,24,29,53
065470703,44,48,92
065470801,101,103,204
065470802,64,34,98
065470901,608,439,1047
065470902,417,515,932
065470903,395,602,997
065470904,618,561,1179
065470905,541,583,1124
065470906,484,429,913
065470907,552,488,1040
065470908,527,430,957
065470909,423,335,758
065470910,393,319,712
065530101,318,339,657
065530102,185,162,347
065530103,187,140,327
065530104,59,46,105
065530105,117,109,226
065530106,123,105,228
065530107,61,63,124
065530108,102,81,183
065530109,66,38,104
065530110,39,43,82
065530111,21,17,38
065530201,6,6,12
065530202,45,22,67
065530203,88,38,126
065530204,509,660,1169
065530205,74,40,114
065530301,81,64,145
065530302,95,118,213
065530303,84,78,162
065530304,96,101,197
065530305,128,119,247
065530306,95,113,208
065530307,88,72,160
065530308,49,48,97
065530309,48,45,93
065530310,26,24,50
065530311,19,23,42
065530312,46,27,73
065530313,55,44,99
065530314,51,42,93
065740101,28,37,65
065740102,31,44,75
065740201,17,16,33
065740202,67,77,144
065740301,15,15,30
065740302,41,50,91
065740303,76,106,182
065740401,92,122,214
065740402,469,722,1191
065740403,462,607,1069
065740404,390,467,857
065740405,330,385,715
065740406,298,350,648
065740407,416,304,720
065740408,438,320,758
065740409,363,325,688
065740410,497,471,968
065740411,372,346,718
065740412,367,353,720
065740413,11,4,15
065740414,457,453,910
065740415,412,450,862
065740416,333,340,673
065740501,25,57,82
065740502,50,72,122
065740503,58,44,102
065740601,66,65,131
065740602,32,23,55
065740701,195,201,396
065740702,82,102,184
065740703,30,38,68
065740704,18,18,36
065740705,45,67,112
065740706,49,34,83
065740707,24,45,69
065740708,35,36,71
065740801,136,120,256
065740802,42,33,75
065740803,38,38,76
065740804,37,28,65
065740805,118,147,265
065740901,24,28,52
065740902,38,39,77
065740903,31,59,90
065810101,462,552,1014
065810102,560,628,1188
065810103,562,615,1177
065810104,542,522,1064
065810105,603,509,1112
065810106,315,238,553
065810107,333,335,668
065810108,377,408,785
065810109,361,436,797
065810110,339,439,778
065810111,334,487,821
065810201,372,282,654
065810202,333,214,547
065810203,193,87,280
065810204,368,274,642
065810205,255,146,401
065810206,334,259,593
065810207,377,339,716
065810208,359,337,696
065810209,329,281,610
065810210,321,320,641
065810211,353,441,794
065810212,334,335,669
065810301,415,324,739
065810302,405,366,771
065810303,415,361,776
065810304,271,213,484
065810305,288,204,492
065810306,256,231,487
065810307,324,272,596
065810308,322,201,523
065810401,476,437,913
065810402,271,213,484
065810403,237,248,485
065810404,322,252,574
065810405,459,508,967
065810406,214,179,393
065810407,300,271,571
065810408,378,272,650
065810409,292,255,547
065810410,222,218,440
065810411,282,217,499
065810501,93,56,149
065810502,59,25,84
065810503,137,73,210
065810504,79,71,150
065810505,89,54,143
065810506,206,161,367
065810507,87,73,160
065810508,128,69,197
065810601,11,16,27
065810602,50,39,89
065810603,48,22,70
065810604,9,17,26
065810701,252,324,576
065810702,10,8,18
065810703,36,30,66
065810704,30,19,49
065810705,22,17,39
065810706,39,31,70
065810707,44,64,108
065810708,242,251,493
065810709,284,238,522
065810710,260,194,454
065810711,224,205,429
065810712,203,233,436
065810801,266,263,529
065810802,268,193,461
065810803,44,41,85
065810804,42,37,79
065810805,27,23,50
065810806,16,20,36
065810807,4,4,8
065810808,20,31,51
065810809,227,252,479
065810810,221,217,438
065810901,10,16,26
065810902,13,8,21
065810903,9,3,12
065810904,13,2,15
065810905,2,6,8
065810906,14,6,20
065810907,7,3,10
065810908,2,3,5
065810909,5,3,8
065810910,4,5,9
065810911,2,2,4
065810912,11,7,18
065810913,12,16,28
065811001,172,203,375
065811002,32,26,58
065811003,17,18,35
065811004,5,5,10
065811005,6,14,20
065811006,18,22,40
065811101,3,3,6
065811102,9,6,15
065811103,20,10,30
065811104,12,11,23
065811105,44,34,78
065811106,7,1,8
065811107,24,31,55
065811108,12,6,18
065811109,21,14,35
065811201,13,9,22
065811202,7,6,13
065811203,19,14,33
065811204,32,16,48
065811205,45,41,86
065811206,56,72,128
065811207,13,22,35
065811301,355,384,739
065811302,347,394,741
065811303,446,484,930
065811304,397,498,895
065811305,417,396,813
065811306,802,755,1557
065811307,123,114,237
065811308,240,291,531
065811309,234,270,504
065811310,289,277,566
065811311,427,343,770
065811401,124,168,292
065811402,393,428,821
065811403,445,555,1000
065811404,185,210,395
065811405,215,230,445
065811406,182,269,451
065811407,306,408,714
065811408,339,477,816
065811409,338,361,699
065811410,351,396,747
065811411,283,413,696
065811412,531,558,1089
065811501,214,192,406
065811502,413,533,946
065811503,272,246,518
065811504,477,405,882
065811505,422,478,900
065811506,341,469,810
065811507,498,746,1244
065811508,366,420,786
065811509,450,468,918
065811510,415,382,797
065811511,381,253,634
065811601,400,331,731
065811602,460,388,848
065811603,456,304,760
065811604,432,381,813
065811605,290,312,602
065811606,579,503,1082
065811607,383,307,690
065811608,353,465,818
065811701,291,197,488
065811702,342,219,561
065811703,339,238,577
065811704,258,186,444
065811705,377,306,683
065811706,279,325,604
065811707,397,242,639
065811708,201,147,348
065811709,125,88,213
065811710,218,177,395
065811711,360,327,687
065811801,398,330,728
065811802,127,81,208
065811803,116,96,212
065811804,264,199,463
065811805,116,112,228
065811806,102,89,191
065811807,222,139,361
065811808,168,89,257
065811809,124,68,192
065811901,96,95,191
065811902,62,54,116
065811903,153,142,295
065811904,173,177,350
065811905,358,535,893
065811906,166,242,408
065811907,167,263,430
065811908,463,464,927
065811909,256,295,551
065811910,196,221,417
065811911,262,293,555
065811912,331,319,650
065880101,445,294,739
065880102,431,260,691
065880103,486,423,909
065880104,443,358,801
065880105,431,239,670
065880106,405,290,695
065880107,306,243,549
065880108,309,283,592
065880109,288,302,590
065880110,305,232,537
065880111,553,457,1010
065880112,347,312,659
065880113,315,356,671
065880114,299,300,599
065880115,293,217,510
065880116,293,375,668
065880117,294,278,572
065880201,468,420,888
065880202,449,390,839
065880203,327,354,681
065880204,447,440,887
065880205,174,178,352
065880206,247,215,462
065880207,370,180,550
065880208,368,167,535
065880301,178,224,402
065880302,269,199,468
065880303,321,241,562
065880304,127,98,225
065880305,11,22,33
065880306,23,23,46
065880307,26,10,36
065880308,21,17,38
065880309,65,63,128
065880401,32,31,63
065880501,204,258,462
065880502,22,20,42
065880503,13,11,24
065880504,12,13,25
065880505,71,78,149
065880601,78,47,125
065880701,51,43,94
065880702,96,112,208
065880703,115,123,238
065880801,80,102,182
065880802,36,29,65
065880901,354,390,744
065880902,454,480,934
065880903,199,185,384
065880904,178,137,315
065880905,131,129,260
065880906,159,153,312
065880907,259,283,542
065880908,393,435,828
065880909,373,385,758
065880910,363,383,746
065880911,474,752,1226
065880912,437,798,1235
065880913,446,716,1162
065880914,242,293,535
065880915,309,440,749
065881001,136,181,317
065881002,88,104,192
065881003,17,17,34
065881004,10,5,15
065881005,76,46,122
065881006,29,20,49
065881007,39,45,84
065881008,20,25,45
065881009,5,3,8
065881010,9,12,21
065881011,17,8,25
065881012,188,171,359
065881101,17,15,32
065881102,21,14,35
065881201,42,46,88
065881202,10,12,22
065881203,42,59,101
065881301,233,251,484
065881302,16,34,50
065881303,29,48,77
065881304,34,22,56
065881305,37,27,64
065881401,128,125,253
065881402,179,207,386
065881403,2,7,9
065881404,28,25,53
065881501,144,150,294
065881502,16,9,25
065881503,8,4,12
065881504,26,12,38
065881601,381,298,679
065881602,483,397,880
065881603,319,444,763
065881604,18,14,32
065881605,3,3,6
065881606,9,25,34
065881607,0,0,0
065881608,21,9,30
065881609,5,1,6
065881701,387,345,732
065881702,400,424,824
065881703,355,267,622
065881704,431,388,819
065881705,406,342,748
065881706,436,292,728
065881707,318,190,508
065881708,293,233,526
065950101,420,496,916
065950102,329,348,677
065950103,553,569,1122
065950104,531,505,1036
065950105,502,365,867
065950106,382,310,692
065950107,414,367,781
065950108,494,429,923
065950109,347,390,737
065950110,481,466,947
065950201,442,266,708
065950202,422,316,738
065950203,368,275,643
065950204,384,267,651
065950205,265,166,431
065950206,376,247,623
065950207,377,294,671
065950208,530,405,935
065950209,290,248,538
065950210,586,451,1037
065950211,273,217,490
065950212,355,243,598
065950213,260,168,428
065950214,301,265,566
065950215,273,187,460
065950301,288,292,580
065950302,395,272,667
065950303,412,261,673
065950304,400,260,660
065950305,367,253,620
065950306,378,265,643
065950307,342,227,569
065950308,314,211,525
065950309,347,199,546
065950310,524,427,951
065950311,445,364,809
065950312,310,232,542
065950313,316,224,540
065950401,343,278,621
065950402,453,418,871
065950403,460,301,761
065950404,449,496,945
065950405,505,437,942
065950406,329,317,646
065950407,329,343,672
065950408,340,291,631
065950409,471,432,903
065950410,356,433,789
065950411,335,331,666
065950412,534,394,928
065950413,451,493,944
065950501,67,65,132
065950601,114,65,179
065950602,30,27,57
065950603,157,106,263
065950701,80,81,161
065950801,227,207,434
065950802,91,75,166
065950901,66,64,130
065951001,69,58,127
065951101,56,40,96
065951201,54,34,88
065951301,77,51,128
065951401,132,95,227
065951501,59,61,120
065951601,378,526,904
065951602,495,523,1018
065951603,583,598,1181
065951604,125,150,275
065951605,53,45,98
065951606,317,329,646
065951607,357,501,858
065951608,624,818,1442
065951609,339,271,610
065951610,279,213,492
065951611,295,258,553
065951612,332,259,591
065951613,252,241,493
065951701,72,37,109
065951801,7,2,9
065951802,12,7,19
065951803,29,27,56
065951804,2,8,10
065951901,953,1578,2531
065951902,285,252,537
065951903,398,562,960
065951904,197,290,487
065951905,117,128,245
065951906,131,140,271
065951907,151,126,277
065951908,268,220,488
065951909,167,143,310
065951910,316,235,551
065951911,470,401,871
065951912,253,252,505
065951913,75,67,142
065951914,437,368,805
065952001,348,310,658
065952002,14,19,33
065952101,234,282,516
065952102,303,278,581
065952103,205,187,392
065952104,309,287,596
065952105,385,380,765
065952106,0,2,2
065952107,83,189,272
065952201,93,89,182
065952301,127,99,226
065952401,343,310,653
065952402,395,273,668
065952403,378,270,648
065952404,380,286,666
065952405,344,318,662
065952406,379,278,657
065952407,474,395,869
065952408,583,620,1203
065952409,369,363,732
065952410,384,394,778
065952411,289,373,662
065952412,331,421,752
065952501,536,428,964
065952502,313,267,580
065952503,491,383,874
065952504,500,382,882
065952505,336,372,708
065952506,368,335,703
065952507,353,297,650
065952508,408,343,751
065952509,312,298,610
065952510,386,339,725
065952511,443,411,854
065952512,311,318,629
065952513,303,375,678
065952601,175,122,297
065952602,634,809,1443
065952603,352,426,778
065952604,349,358,707
065952605,539,548,1087
065952606,237,235,472
065952607,446,500,946
065952608,493,558,1051
065952609,370,344,714
065952610,420,623,1043
065952611,506,570,1076
065952612,508,603,1111
065952613,289,364,653
065952614,224,262,486
065952701,452,550,1002
065952702,617,729,1346
065952703,277,338,615
065952704,375,408,783
065952705,20,24,44
065952706,62,104,166
065952707,294,309,603
065952708,135,181,316
065952709,382,327,709
065952710,264,234,498
065952711,337,254,591
065952712,267,205,472
066020101,75,75,150
066020201,194,256,450
066020202,77,61,138
066020203,90,106,196
066020204,19,19,38
066020205,28,58,86
066020206,14,23,37
066020207,36,35,71
066020301,497,621,1118
066020302,180,384,564
066020303,11,14,25
066020304,188,345,533
066020305,14,7,21
066020306,38,26,64
066020307,10,8,18
066020308,488,717,1205
066020309,251,419,670
066020401,14,19,33
066020501,7,5,12
066020601,8,11,19
066020701,9,6,15
066020801,243,319,562
066020802,319,316,635
066020803,132,120,252
066020804,155,137,292
066020805,123,90,213
066020806,19,17,36
066020901,37,44,81
066020902,30,15,45
066020903,11,10,21
066021001,12,5,17
066021002,5,5,10
066021101,327,647,974
066021102,204,364,568
066021103,373,611,984
066021104,392,413,805
066021105,275,236,511
066021106,343,362,705
066021107,318,372,690
066021108,507,648,1155
066021109,445,759,1204
066021110,8,9,17
066021111,484,353,837
066021112,361,296,657
066021113,391,382,773
066021201,52,42,94
066021301,64,69,133
066021401,37,42,79
066021402,42,45,87
066021403,69,66,135
066021404,40,51,91
066021405,45,59,104
066021406,46,73,119
066021501,0,1,1
066021601,203,422,625
066021602,171,318,489
066021603,426,811,1237
066021604,243,395,638
066021605,341,347,688
066021606,308,425,733
066021607,315,313,628
066021608,273,242,515
066021609,359,538,897
066021610,413,355,768
066021611,225,455,680
066021612,17,15,32
066090101,487,716,1203
066090102,545,473,1018
066090103,438,354,792
066090104,350,295,645
066090105,399,228,627
066090106,312,235,547
066090107,403,417,820
066090108,271,295,566
066090109,323,545,868
066090110,399,490,889
066090201,432,359,791
066090202,375,230,605
066090203,266,178,444
066090204,350,241,591
066090205,405,342,747
066090206,517,606,1123
066090207,267,276,543
066090208,555,645,1200
066090209,518,450,968
066090210,348,227,575
066090211,420,466,886
066090212,420,455,875
066090213,505,688,1193
066090214,326,351,677
066090215,297,314,611
066090301,6,7,13
066090302,4,5,9
066090303,10,7,17
066090304,19,29,48
066090401,107,128,235
066090402,10,19,29
066090403,20,7,27
066090404,56,55,111
066090501,6,21,27
066090502,43,54,97
066090503,51,43,94
066090601,34,41,75
066090602,7,3,10
066090603,16,10,26
066090604,6,5,11
066090605,30,19,49
066090606,31,37,68
066090607,120,108,228
066090608,92,92,184
066090609,26,27,53
066090610,66,99,165
066090611,12,20,32
066090612,2,1,3
066090613,101,85,186
066090701,4,7,11
066090702,4,5,9
066090703,8,3,11
066090704,5,4,9
066090705,25,34,59
066090801,3,4,7
066090802,2,4,6
066090803,1,1,2
066090804,6,5,11
066090901,28,27,55
066090902,307,269,576
066090903,243,275,518
066090904,264,165,429
066090905,188,193,381
066090906,16,21,37
066091001,218,257,475
066091002,185,162,347
066091003,12,8,20
066091004,10,16,26
066091005,30,37,67
066091006,5,5,10
066091007,159,233,392
066091101,16,24,40
066091102,22,23,45
066091201,18,11,29
066091202,13,31,44
066091301,93,95,188
066091302,8,22,30
066091303,6,5,11
066091304,32,36,68
066091305,14,15,29
066091306,26,30,56
066091401,14,21,35
066091402,23,24,47
066091501,94,75,169
066091502,11,10,21
066091503,3,4,7
066091601,11,6,17
066091602,19,13,32
066091603,19,17,36
066091604,0,0,0
066091701,446,325,771
066091702,376,362,738
066091703,29,28,57
066091704,23,10,33
066091705,3,4,7
066091706,6,5,11
066091707,35,35,70
066091708,14,22,36
066091709,8,13,21
066091801,15,22,37
066091802,4,0,4
066091901,599,773,1372
066091902,253,266,519
066091903,489,427,916
066091904,340,226,566
066091905,297,158,455
066091906,424,350,774
066091907,549,377,926
066091908,493,548,1041
066091909,339,413,752
066160101,32,25,57
066160102,29,38,67
066160103,35,49,84
066160104,67,55,122
066160105,25,39,64
066160106,2,1,3
066160107,52,58,110
066160108,24,18,42
066160109,18,5,23
066160110,38,30,68
066160201,11,11,22
066160202,7,9,16
066160301,310,305,615
066160302,387,349,736
066160303,311,294,605
066160304,338,364,702
066160305,318,325,643
066160306,208,183,391
066160307,264,183,447
066160308,64,42,106
066160309,177,168,345
066230101,350,385,735
066230102,505,459,964
066230103,586,460,1046
066230104,485,384,869
066230105,450,389,839
066230106,451,433,884
066230107,467,425,892
066230108,501,478,979
066230109,435,303,738
066230110,211,289,500
066230111,351,311,662
066230112,333,300,633
066230201,369,264,633
066230202,375,243,618
066230203,420,290,710
066230204,455,250,705
066230205,324,211,535
066230206,367,308,675
066230207,405,259,664
066230208,383,259,642
066230209,481,328,809
066230301,272,180,452
066230302,572,450,1022
066230303,343,174,517
066230304,276,150,426
066230305,385,233,618
066230306,380,216,596
066230307,318,177,495
066230308,301,226,527
066230309,335,193,528
066230310,394,224,618
066230311,313,270,583
066230401,475,303,778
066230402,427,307,734
066230403,422,286,708
066230404,382,237,619
066230405,462,383,845
066230406,546,492,1038
066230407,446,345,791
066230408,586,486,1072
066230409,418,494,912
066230410,384,409,793
066230501,399,429,828
066230502,318,322,640
066230503,424,446,870
066230504,445,433,878
066230505,546,552,1098
066230506,524,577,1101
066230507,589,595,1184
066230508,494,460,954
066230509,379,358,737
066230510,457,469,926
066230601,2,7,9
066230602,15,12,27
066230603,0,0,0
066230701,246,222,468
066230702,303,269,572
066230703,38,32,70
066230704,17,20,37
066230705,11,11,22
066230801,107,52,159
066230802,11,9,20
066230803,12,7,19
066230901,32,26,58
066230902,251,192,443
066230903,147,109,256
066230904,47,42,89
066231001,10,5,15
066231002,22,16,38
066231003,3,10,13
066231101,31,22,53
066231102,45,32,77
066231103,233,190,423
066231104,275,211,486
066231201,17,13,30
066231202,12,7,19
066231301,5,2,7
066231302,15,10,25
066231401,387,271,658
066231402,331,376,707
066231403,33,37,70
066231404,93,77,170
066231501,90,95,185
066231502,27,12,39
066231503,22,14,36
066231601,150,205,355
066231602,17,17,34
066231603,17,19,36
066231604,26,19,45
066231605,311,294,605
066231701,25,27,52
066231702,9,4,13
066231703,13,10,23
066231801,20,24,44
066231802,163,184,347
066231803,274,275,549
066231804,25,16,41
066231901,11,4,15
066231902,27,18,45
066232001,303,317,620
066232002,542,677,1219
066232003,399,437,836
066232004,145,204,349
066232005,362,583,945
066232006,381,462,843
066232007,611,578,1189
066232008,555,473,1028
066232009,506,554,1060
066232010,341,425,766
066232011,797,941,1738
066232012,195,263,458
066232101,191,241,432
066232102,120,98,218
066232103,7,8,15
066232104,391,328,719
066232105,32,28,60
066232106,104,128,232
066232107,193,230,423
066232201,324,338,662
066232202,311,307,618
066232203,299,323,622
066232204,413,393,806
066232205,397,415,812
066232206,393,393,786
066232207,424,445,869
066232208,570,567,1137
066232209,111,115,226
066232210,264,247,511
066232211,18,10,28
066232212,32,19,51
066232213,287,259,546
066232214,94,60,154
066232301,261,222,483
066232302,19,13,32
066232303,61,23,84
066232304,175,146,321
066232305,30,44,74
066232306,202,208,410
066232401,20,22,42
066232402,9,5,14
066232403,25,21,46
066232404,15,4,19
066232501,165,152,317
066232502,27,15,42
066232503,11,15,26
066232504,89,120,209
066232505,16,17,33
066232506,164,144,308
066232601,45,19,64
066232602,43,31,74
066232701,158,204,362
066232702,6,2,8
066232703,19,20,39
066232704,10,9,19
066232801,566,768,1334
066232802,502,597,1099
066232803,247,250,497
066232804,457,403,860
066232805,472,357,829
066232806,614,490,1104
066232807,459,495,954
066232808,509,581,1090
066232809,493,547,1040
066232810,362,333,695
066232811,264,232,496
066232812,534,533,1067
066232813,664,703,1367
066232901,529,617,1146
066232902,572,562,1134
066232903,441,502,943
066232904,237,320,557
066232905,341,429,770
066232906,441,528,969
066232907,441,582,1023
066232908,202,435,637
066232909,380,391,771
066232910,360,449,809
066232911,300,388,688
066300101,155,120,275
066300201,17,14,31
066300202,364,439,803
066300203,221,239,460
066300204,194,227,421
066300205,293,229,522
066300301,53,59,112
066300401,61,46,107
066300501,84,78,162
066300601,185,134,319
066380101,75,62,137
066380102,644,903,1547
066380103,359,440,799
066380104,130,201,331
066380105,241,288,529
066380106,508,684,1192
066380107,427,616,1043
066380108,594,1007,1601
066380109,686,668,1354
066380110,551,856,1407
066380111,926,1096,2022
066380112,1082,1209,2291
066380113,1206,1268,2474
066380114,498,426,924
066380201,591,550,1141
066380202,552,539,1091
066380203,388,443,831
066380204,544,706,1250
066380205,488,578,1066
066380206,359,486,845
066380207,380,450,830
066380208,358,449,807
066380209,462,474,936
066380210,489,548,1037
066380211,657,698,1355
066380212,392,355,747
066380213,440,449,889
066380214,337,448,785
066380301,472,937,1409
066380302,502,916,1418
066380303,548,654,1202
066380304,687,1069,1756
066380305,275,372,647
066380306,295,383,678
066380307,273,186,459
066380308,257,182,439
066380309,1316,1323,2639
066380310,353,373,726
066380311,663,950,1613
066380312,742,831,1573
066380313,650,668,1318
066380401,426,677,1103
066380402,603,826,1429
066380403,451,720,1171
066380404,304,368,672
066380405,715,1167,1882
066380406,407,562,969
066380407,445,542,987
066380408,461,525,986
066380409,358,323,681
066380410,388,416,804
066380411,317,351,668
066380412,428,460,888
066380501,143,145,288
066380502,123,71,194
066380503,135,140,275
066380504,114,108,222
066380505,303,272,575
066380506,261,253,514
066380507,330,357,687
066380508,428,477,905
066380509,341,504,845
066380510,557,599,1156
066380511,510,567,1077
066380512,440,551,991
066380513,438,680,1118
066380514,532,671,1203
066380601,505,699,1204
066380602,411,442,853
066380603,564,651,1215
066380604,600,797,1397
066380605,619,774,1393
066380606,545,764,1309
066380607,485,738,1223
066380608,307,321,628
066380609,222,197,419
066380610,588,856,1444
066380611,435,714,1149
066380612,532,534,1066
066380613,629,597,1226
066380614,729,778,1507
066380615,523,686,1209
066380701,693,1095,1788
066380702,356,549,905
066380703,389,631,1020
066380704,504,566,1070
066380705,355,368,723
066380706,244,223,467
066380707,582,495,1077
066380708,321,289,610
066380709,302,394,696
066380710,441,632,1073
066380711,374,335,709
066380712,445,501,946
066380713,419,561,980
066380801,326,292,618
066380802,321,323,644
066380803,485,498,983
066380804,251,206,457
066380805,243,198,441
066380806,258,313,571
066380807,204,208,412
066380808,736,897,1633
066380809,193,227,420
066380810,288,244,532
066380811,270,263,533
066380812,322,246,568
066380813,160,203,363
066380814,195,300,495
066380815,55,45,100
066380816,260,369,629
066380901,248,243,491
066380902,198,284,482
066380903,356,500,856
066380904,240,373,613
066380905,421,456,877
066380906,571,697,1268
066380907,700,1200,1900
066380908,514,728,1242
066380909,532,715,1247
066380910,429,622,1051
066380911,494,757,1251
066380912,458,693,1151
066380913,627,899,1526
066381001,503,727,1230
066381002,443,565,1008
066381003,486,583,1069
066381004,395,523,918
066381005,393,325,718
066381006,601,779,1380
066381007,586,851,1437
066381008,695,1083,1778
066381009,475,696,1171
066381010,582,774,1356
066381011,435,526,961
066381101,189,337,526
066381102,190,312,502
066381103,744,1152,1896
066381104,609,856,1465
066381105,429,512,941
066381106,366,518,884
066381107,514,601,1115
066381108,497,791,1288
066381109,457,766,1223
066381110,563,947,1510
066381111,282,565,847
066381112,223,426,649
066381201,151,154,305
066381202,175,82,257
066381203,536,657,1193
066381204,283,263,546
066381205,775,849,1624
066381206,458,467,925
066381207,15,7,22
066381208,26,15,41
066381209,264,298,562
066381210,133,204,337
066381211,197,318,515
066381301,487,503,990
066381302,406,506,912
066381303,359,471,830
066381304,328,363,691
066381305,576,613,1189
066381306,693,1013,1706
066381307,649,795,1444
066381308,419,526,945
066381309,391,497,888
066381310,395,641,1036
066381311,415,620,1035
066381312,400,373,773
066381313,615,657,1272
066381314,139,157,296
066381315,155,184,339
066381316,233,375,608
066381317,177,176,353
066381318,577,687,1264
066381319,272,317,589
066381401,261,199,460
066381402,304,485,789
066381403,584,920,1504
066381404,374,480,854
066381405,380,647,1027
066381406,463,547,1010
066381407,505,765,1270
066381408,499,713,1212
066381409,489,671,1160
066381501,171,237,408
066381502,194,265,459
066381503,469,534,1003
066381504,463,654,1117
066381505,259,340,599
066381506,504,496,1000
066381507,594,859,1453
066381508,639,780,1419
066381509,417,722,1139
066381510,516,853,1369
066381511,422,584,1006
066381512,592,745,1337
066381513,613,792,1405
066381514,426,657,1083
066381601,472,421,893
066381602,355,205,560
066381603,505,352,857
066381604,300,303,603
066381605,246,226,472
066381606,452,431,883
066381607,567,440,1007
066381608,435,346,781
066381609,397,487,884
066381610,447,595,1042
066381611,460,547,1007
066381701,432,497,929
066381702,292,333,625
066381703,401,416,817
066381704,430,411,841
066381705,332,287,619
066381706,212,241,453
066381707,358,288,646
066381708,427,313,740
066381709,188,120,308
066381710,297,162,459
066381711,240,192,432
066381712,512,461,973
066381713,522,433,955
066381714,403,326,729
066381801,1114,1624,2738
066381802,553,886,1439
066381803,538,777,1315
066381804,633,557,1190
066381805,217,204,421
066381806,472,558,1030
066381807,407,656,1063
066381808,433,706,1139
066381809,400,447,847
066381810,226,326,552
066381901,401,493,894
066381902,611,745,1356
066381903,396,558,954
066381904,214,332,546
066381905,637,723,1360
066381906,201,185,386
066382001,26,30,56
066382002,413,458,871
066382003,470,393,863
066382004,42,44,86
066382005,255,411,666
066382006,221,345,566
066382007,277,431,708
066382008,241,220,461
066382009,287,412,699
066382101,158,216,374
066382102,82,101,183
066382103,98,100,198
066382104,449,372,821
066382105,99,101,200
066382106,17,32,49
066382107,423,460,883
066382108,4,3,7
066382201,767,1026,1793
066382202,315,526,841
066382203,317,494,811
066382204,435,848,1283
066382205,378,604,982
066382206,807,1133,1940
066382207,249,391,640
066382208,386,647,1033
066382209,347,451,798
066382210,229,263,492
066382211,253,328,581
066382212,212,250,462
066382213,302,452,754
066382214,562,790,1352
066382301,284,450,734
066382302,295,542,837
066382303,92,127,219
066382304,329,339,668
066382305,4,11,15
066382306,50,31,81
066382307,75,78,153
066440101,103,62,165
066440102,75,72,147
066440103,139,126,265
066440104,54,37,91
066440105,45,29,74
066440106,84,43,127
066440107,81,56,137
066440108,21,18,39
066440109,18,13,31
066440110,45,21,66
066440111,50,38,88
066440201,298,225,523
066440202,132,127,259
066440203,60,43,103
066440204,44,29,73
066440205,42,42,84
066440206,101,96,197
066440207,159,91,250
066440208,97,84,181
066440301,294,349,643
066440302,193,267,460
066440303,6,5,11
066440304,226,249,475
066440305,113,132,245
066440306,61,61,122
066440307,131,100,231
066440308,38,67,105
066440309,56,34,90
066440310,44,34,78
066440311,85,53,138
066440312,40,19,59
066440313,118,104,222
066440314,63,31,94
066440315,155,110,265
066440316,96,53,149
066440401,117,56,173
066440402,117,77,194
066440403,76,58,134
066440404,69,42,111
066440405,92,46,138
066440406,34,31,65
066440407,63,45,108
066440408,44,31,75
066440501,61,40,101
066440502,207,194,401
066440503,289,352,641
066440504,201,277,478
066440505,578,604,1182
066440506,506,532,1038
066440507,273,258,531
066440508,116,98,214
066440509,126,103,229
066440510,71,58,129
066440511,77,37,114
066440512,104,55,159
066440513,35,18,53
066440601,287,405,692
066440602,203,281,484
066440603,170,217,387
066440604,181,132,313
066440605,116,111,227
066440606,155,193,348
066440607,262,257,519
066440608,336,431,767
066440609,322,380,702
066440610,245,363,608
066440611,114,124,238
066440612,383,495,878
066440613,291,443,734
066440614,218,268,486
066440615,289,388,677
066440616,164,129,293
066440617,82,64,146
066440618,90,71,161
066440619,123,114,237
066440620,168,107,275
066440621,124,114,238
066440622,175,238,413
066480101,517,638,1155
066480102,457,595,1052
066480103,622,682,1304
066480104,499,477,976
066480105,513,549,1062
066480106,448,561,1009
066480107,382,422,804
066480108,373,519,892
066480109,358,441,799
066480110,589,884,1473
066480111,466,696,1162
066480112,511,757,1268
066480113,438,631,1069
066480114,595,902,1497
066480115,323,525,848
066480116,377,446,823
066480117,341,466,807
066480118,336,599,935
066480119,436,552,988
066480201,499,804,1303
066480202,315,457,772
066480203,213,235,448
066480204,389,592,981
066480205,345,599,944
066480206,317,533,850
066480207,533,787,1320
066480208,517,698,1215
066480209,442,596,1038
066480210,562,784,1346
066480211,330,399,729
066480212,529,608,1137
066480213,587,589,1176
066480301,443,485,928
066480302,441,702,1143
066480303,87,134,221
066480304,393,692,1085
066480305,323,476,799
066480306,344,536,880
066480307,325,498,823
066480308,580,934,1514
066480309,574,756,1330
066480310,515,816,1331
066480311,277,461,738
066480312,409,652,1061
066480313,262,269,531
066480314,162,177,339
066480315,384,710,1094
066480316,149,231,380
066480401,357,615,972
066480402,303,492,795
066480403,398,711,1109
066480404,430,655,1085
066480405,20,15,35
066480406,311,476,787
066480407,50,56,106
066480408,7,6,13
066480409,40,40,80
066480410,42,60,102
066480411,74,66,140
066480501,276,465,741
066480502,546,779,1325
066480503,327,491,818
066480504,404,608,1012
066480505,337,539,876
066480506,513,1050,1563
066480507,643,966,1609
066480508,353,503,856
066480509,588,736,1324
066480510,369,465,834
066480511,451,769,1220
066480512,356,497,853
066480513,575,879,1454
066480514,396,463,859
066510101,10,9,19
066510102,9,7,16
066510103,25,30,55
066510104,269,318,587
066510105,328,274,602
066510106,243,176,419
066510107,304,169,473
066510108,482,292,774
066510109,270,232,502
066510110,348,219,567
066510111,234,154,388
066510112,9,9,18
066510201,29,6,35
066510301,13,14,27
066510302,14,7,21
066510303,6,7,13
066510304,15,3,18
066510401,8,18,26
066510402,11,4,15
066510403,25,9,34
066510404,14,7,21
066510405,5,5,10
066510406,5,2,7
066510407,21,11,32
066510501,2,4,6
066510502,8,0,8
066510503,12,7,19
066510504,232,261,493
066510505,226,257,483
066510506,381,324,705
066510507,279,234,513
066510508,465,321,786
066510509,392,294,686
066510510,336,279,615
066510511,431,391,822
066510601,8,5,13
066510602,9,5,14
066510603,11,5,16
066510604,9,13,22
066510605,4,3,7
066510606,12,18,30
066510607,12,17,29
066510608,3,1,4
066510609,11,5,16
066510610,12,7,19
066510701,155,159,314
066510702,16,10,26
066510703,14,3,17
066510704,9,8,17
066510705,6,2,8
066510706,7,7,14
066510707,16,7,23
066510708,7,5,12
066510709,3,3,6
066510710,5,7,12
066510711,8,2,10
066510712,6,8,14
066510713,21,9,30
066510714,282,262,544
066510715,305,289,594
066510716,127,108,235
066510801,107,87,194
066510802,163,129,292
066510803,2,0,2
066510804,7,5,12
066510805,3,4,7
066510806,1,5,6
066510807,4,2,6
066510808,15,12,27
066510809,13,5,18
066510810,14,13,27
066510811,7,1,8
066510812,5,1,6
066510813,8,5,13
066510814,5,7,12
066510815,7,5,12
066510816,1,2,3
066510817,15,10,25
066510818,208,179,387
066510901,7,17,24
066510902,19,15,34
066511001,61,71,132
066511002,6,0,6
066511003,14,5,19
066511004,9,1,10
066511005,5,3,8
066511101,12,10,22
066511102,4,3,7
066511103,10,7,17
066511104,12,8,20
066511201,8,3,11
066511202,9,18,27
066511203,14,13,27
066511301,1,7,8
066511302,55,36,91
066511303,21,11,32
066511304,24,13,37
066511305,11,10,21
066511306,16,22,38
066511307,16,15,31
066511308,121,156,277
066511309,187,127,314
066511310,89,95,184
066511311,29,5,34
066511312,15,7,22
066550101,23,27,50
066550102,11,29,40
066550103,51,47,98
066550104,37,41,78
066550105,69,62,131
066550106,21,21,42
066550201,49,40,89
066550202,321,325,646
066550203,277,248,525
066550204,391,347,738
066550205,307,364,671
066550206,198,257,455
066550207,35,26,61
066550208,34,23,57
066550209,85,107,192
066550210,174,178,352
066550211,192,254,446
066550301,50,45,95
066550302,29,45,74
066550303,59,45,104
066550304,52,42,94
066550305,77,73,150
066550306,80,73,153
066550307,121,70,191
066550308,149,210,359
066550309,367,389,756
066550310,308,390,698
066550311,552,506,1058
066550312,272,163,435
066650101,303,373,676
066650102,257,343,600
066650103,3,17,20
066650104,16,16,32
066650105,73,98,171
066650201,36,23,59
066650202,441,306,747
066650203,578,456,1034
066650204,486,320,806
066650205,620,616,1236
066650206,274,405,679
066650207,449,399,848
066650208,369,453,822
066650209,43,34,77
066650301,13,28,41
066650302,414,461,875
066650303,324,388,712
066650304,28,28,56
066650305,223,196,419
066650306,219,312,531
066650307,212,192,404
066650308,112,183,295
066650309,379,554,933
066650310,681,482,1163
066650311,43,56,99
066650401,157,195,352
066650402,65,80,145
066650403,27,27,54
066650404,25,16,41
066650501,13,12,25
066650502,38,34,72
066650503,45,33,78
066650601,19,19,38
066650701,47,44,91
066650801,16,18,34
066650901,34,44,78
066651001,441,424,865
066651002,469,505,974
066651003,23,10,33
066651004,24,26,50
066651005,11,8,19
066651006,10,14,24
066651007,444,463,907
066651008,482,676,1158
066651101,39,26,65
066651201,0,0,0
066651202,1,1,2
066651301,7,12,19
066651302,0,0,0
066651303,442,485,927
066651304,418,439,857
066651305,589,573,1162
066651306,642,573,1215
066651307,405,330,735
066651308,336,447,783
066651309,524,661,1185
066651310,450,395,845
066651311,561,524,1085
066651312,724,699,1423
066720101,13,9,22
066720102,27,20,47
066720103,11,6,17
066720104,19,21,40
066720201,17,16,33
066720202,20,18,38
066720301,3,7,10
066720302,26,21,47
066720303,15,8,23
066720401,16,14,30
066720402,24,13,37
066720403,51,53,104
066720404,23,12,35
066720501,17,5,22
066720502,8,4,12
066720503,5,13,18
066720504,8,9,17
066720601,7,5,12
066720602,12,12,24
066720603,7,2,9
066720604,12,2,14
066720701,40,51,91
066720702,32,25,57
066720801,17,13,30
066720802,16,11,27
066720901,27,14,41
066720902,17,10,27
066720903,21,12,33
066721001,24,19,43
066721002,27,15,42
066721101,9,10,19
066721102,19,8,27
066721103,22,17,39
066721104,19,14,33
066721201,589,712,1301
066721202,345,298,643
066721203,412,417,829
066721204,444,453,897
066721205,432,365,797
066721206,442,330,772
066721207,484,396,880
066721208,480,458,938
066721209,342,362,704
066721210,866,1068,1934
066721211,19,30,49
066721212,53,47,100
066721213,20,16,36
066721214,208,291,499
066721215,355,362,717
066721216,404,427,831
066721301,16,12,28
066721302,14,10,24
066721303,24,23,47
066721401,9,9,18
066721402,66,54,120
066721403,90,74,164
066790101,94,128,222
066790102,20,33,53
066790103,19,18,37
066790104,15,11,26
066790105,116,110,226
066790201,26,12,38
066790202,13,14,27
066790301,27,29,56
066790302,223,193,416
066790303,198,231,429
066790304,156,144,300
066790305,141,137,278
066790306,18,19,37
066790401,5,11,16
066790402,14,23,37
066790403,10,14,24
066790404,17,6,23
066790405,9,5,14
066790501,4,5,9
066790502,23,46,69
066790503,8,18,26
066790601,418,666,1084
066790602,274,478,752
066790603,295,317,612
066790604,321,371,692
066790605,553,542,1095
066790606,367,437,804
066790607,385,384,769
066790608,232,321,553
066790609,347,306,653
066790610,438,322,760
066790611,392,260,652
066790612,300,249,549
066790613,348,238,586
066790701,13,15,28
066790702,20,11,31
066790801,21,24,45
066790802,33,38,71
066790901,233,210,443
066790902,42,31,73
066790903,21,26,47
066790904,115,122,237
066790905,211,200,411
066791001,368,560,928
066791002,13,12,25
066791003,24,34,58
066791101,28,25,53
066791102,52,47,99
066791103,21,18,39
066791201,123,103,226
066791202,10,23,33
066791203,28,12,40
066791204,38,23,61
066791205,3,5,8
066791206,30,40,70
066860101,245,314,559
066860102,544,731,1275
066860103,461,405,866
066860104,463,358,821
066860105,384,239,623
066860106,384,232,616
066860107,370,227,597
066860108,347,218,565
066860109,371,190,561
066860110,442,437,879
066860201,320,326,646
066860202,197,147,344
066860203,35,42,77
066860204,2,2,4
066860205,5,0,5
066860206,6,4,10
066860207,3,2,5
066860208,9,0,9
066860209,8,21,29
066860210,1,1,2
066860301,19,19,38
066860302,24,25,49
066860303,20,18,38
066860304,28,34,62
066860401,6,1,7
066860402,14,14,28
066860403,7,3,10
066860501,12,19,31
066860502,19,8,27
066860601,276,254,530
066860602,89,59,148
066860603,31,37,68
066860604,34,15,49
066860605,19,20,39
066860606,20,12,32
066860607,16,4,20
066860608,240,227,467
066860609,260,277,537
066860701,26,25,51
066860702,49,15,64
066860703,23,12,35
066860704,1,4,5
066860705,12,7,19
066860706,12,14,26
066860707,21,23,44
066860801,16,6,22
066860802,8,5,13
066860803,12,11,23
066860804,14,6,20
066860805,37,46,83
066860901,10,8,18
066860902,8,4,12
066860903,14,11,25
066861001,6,4,10
066861002,38,62,100
066861003,24,16,40
066861101,418,393,811
066861102,10,10,20
066861103,19,6,25
066861201,16,4,20
066861202,6,3,9
066861203,30,16,46
066861204,9,8,17
066861301,189,217,406
066861302,266,357,623
066861303,267,246,513
066861304,334,466,800
066861305,368,474,842
066861306,265,247,512
066861307,321,305,626
066861308,200,239,439
066861309,431,309,740
066861310,417,281,698
066861311,371,229,600
066861312,381,244,625
066861313,394,274,668
066861314,262,239,501
066930101,61,60,121
066930102,31,22,53
066930201,43,33,76
066930202,63,33,96
066930203,17,21,38
066930301,62,77,139
066930302,41,45,86
066930303,75,73,148
066930304,56,67,123
066930305,152,214,366
066930306,238,198,436
066930307,574,453,1027
066930308,294,245,539
066930309,227,184,411
066930310,228,199,427
066930311,535,568,1103
066930312,332,218,550
066930313,348,291,639
066930314,250,300,550
066930315,2,8,10
066930316,382,587,969
066930317,317,240,557
066930318,277,313,590
066930319,336,519,855
066930401,89,78,167
066930402,58,47,105
066930501,20,21,41
066930502,39,30,69
066930601,23,18,41
066930602,19,30,49
066930603,12,27,39
066930604,26,26,52
066930701,30,16,46
066930702,17,33,50
066930703,107,109,216
066930704,66,67,133
067000101,146,123,269
067000102,251,205,456
067000103,9,4,13
067000104,10,6,16
067000105,13,6,19
067000106,8,8,16
067000107,16,11,27
067000108,8,3,11
067000109,3,1,4
067000110,247,195,442
067000201,17,9,26
067000202,20,11,31
067000203,9,2,11
067000204,175,137,312
067000205,268,220,488
067000206,330,258,588
067000207,224,125,349
067000208,271,139,410
067000209,532,317,849
067000210,278,180,458
067000211,330,299,629
067000212,333,265,598
067000213,397,282,679
067000214,408,348,756
067000215,384,488,872
067000216,413,401,814
067000301,6,4,10
067000302,8,9,17
067000303,7,1,8
067000401,31,10,41
067000402,17,10,27
067000501,82,89,171
067000502,10,6,16
067000503,13,4,17
067000504,8,9,17
067000505,13,24,37
067000601,5,2,7
067000602,246,463,709
067000603,188,166,354
067000604,340,246,586
067000605,297,294,591
067000606,196,263,459
067000701,260,203,463
067000702,11,8,19
067000703,9,16,25
067000704,12,4,16
067000705,14,21,35
067000706,11,8,19
067000707,14,10,24
067000801,5,7,12
067000802,7,6,13
067000803,5,3,8
067000804,9,9,18
067000805,2,5,7
067000806,5,1,6
067000807,6,8,14
067000808,0,0,0
067000809,7,4,11
067000901,5,6,11
067000902,7,2,9
067000903,4,3,7
067000904,13,3,16
067001001,5,4,9
067001002,10,11,21
067001003,51,61,112
067001004,3,6,9
067001101,18,16,34
067001102,7,3,10
067001201,11,6,17
067001202,21,14,35
067001203,12,6,18
067001204,307,276,583
067001205,233,291,524
067001206,210,132,342
067001207,396,310,706
067001208,2,0,2
067001209,268,195,463
067001210,368,247,615
067001211,525,397,922
067001212,521,320,841
067001213,245,223,468
067070101,471,540,1011
067070102,605,678,1283
067070103,299,277,576
067070104,313,316,629
067070105,477,439,916
067070106,558,431,989
067070107,373,284,657
067070108,314,234,548
067070109,382,302,684
067070110,281,273,554
067070111,210,159,369
067070112,323,317,640
067070113,341,415,756
067070114,192,195,387
067070115,335,313,648
067070116,236,277,513
067070117,368,431,799
067070201,23,16,39
067070202,62,28,90
067070301,128,82,210
067070401,200,216,416
067070402,147,128,275
067070403,383,362,745
067070404,68,73,141
067070405,389,470,859
067070501,111,80,191
067070502,42,38,80
067070503,42,37,79
067070504,68,49,117
067070601,12,9,21
067070602,63,36,99
067070603,182,161,343
067070604,186,183,369
067070605,141,231,372
067070606,83,60,143
067070607,186,176,362
067070608,47,37,84
067070701,2,5,7
067070702,57,61,118
067070801,99,82,181
067070802,81,53,134
067070803,58,43,101
067070901,88,60,148
067070902,98,73,171
067070903,42,25,67
067071001,30,31,61
067071002,45,39,84
067071101,471,529,1000
067071102,456,497,953
067071103,320,345,665
067071104,538,502,1040
067071105,371,321,692
067071106,390,288,678
067071107,406,277,683
067071108,419,331,750
067071109,328,199,527
067071110,495,465,960
067071111,335,264,599
067071112,308,273,581
067071113,465,465,930
067140101,565,522,1087
067140102,483,422,905
067140103,462,307,769
067140104,440,318,758
067140105,530,361,891
067140106,394,341,735
067140107,465,409,874
067140108,442,318,760
067140109,426,214,640
067140110,590,439,1029
067140111,324,242,566
067140112,419,336,755
067140113,249,298,547
067140114,368,538,906
067140115,278,261,539
067140201,8,13,21
067140202,24,16,40
067140203,15,18,33
067140204,8,7,15
067140205,14,5,19
067140206,13,7,20
067140207,14,18,32
067140301,810,751,1561
067140302,9,14,23
067140303,4,3,7
067140304,11,6,17
067140305,10,10,20
067140306,3,5,8
067140401,20,15,35
067140402,21,14,35
067140403,29,19,48
067140404,13,6,19
067140501,317,261,578
067140502,12,18,30
067140503,23,31,54
067140504,85,97,182
067140505,46,24,70
067140601,466,577,1043
067140602,479,538,1017
067140603,176,171,347
067140604,318,489,807
067140605,412,415,827
067140606,337,261,598
067140607,320,352,672
067140608,361,455,816
067140609,314,442,756
067140610,231,258,489
067140611,389,390,779
067140612,382,397,779
067140613,605,716,1321
067140614,13,11,24
067140615,166,230,396
067140616,286,380,666
067140617,401,488,889
067140701,11,4,15
067140702,78,95,173
067140703,11,12,23
067140801,157,179,336
067140802,7,4,11
067140803,8,8,16
067140804,51,59,110
067140805,24,20,44
067140806,110,68,178
067140807,15,16,31
067140808,17,9,26
067140809,258,230,488
067140901,74,95,169
067140902,15,21,36
067140903,9,12,21
067140904,25,22,47
067140905,6,5,11
067140906,19,14,33
067210101,297,291,588
067210102,41,13,54
067210103,24,15,39
067210104,42,32,74
067210201,260,281,541
067210202,130,91,221
067210203,292,175,467
067210204,407,483,890
067210205,507,409,916
067210206,275,398,673
067210207,338,385,723
067210208,13,5,18
067210209,26,12,38
067210210,4,5,9
067210211,16,18,34
067210212,12,13,25
067210213,9,21,30
067210214,277,399,676
067210215,311,290,601
067210216,244,228,472
067210217,309,250,559
067280101,370,507,877
067280102,70,77,147
067280201,132,147,279
067280202,82,107,189
067280203,28,30,58
067280204,9,24,33
067280301,21,16,37
067280302,14,18,32
067280303,34,34,68
067280304,10,13,23
067280401,29,19,48
067280402,3,5,8
067280403,3,3,6
067280501,19,24,43
067280502,9,11,20
067280503,18,12,30
067280601,13,7,20
067280602,20,25,45
067280603,2,4,6
067280701,11,26,37
067280702,13,29,42
067280703,52,49,101
067280801,50,43,93
067280802,27,33,60
067280803,22,17,39
067280901,135,164,299
067280902,109,129,238
067280903,180,167,347
067280904,298,445,743
067281001,223,408,631
067281002,227,203,430
067281003,367,376,743
067281004,221,229,450
067281005,205,173,378
067281006,190,168,358
067281007,226,216,442
067281008,231,224,455
067281009,246,248,494
067281010,389,373,762
067281011,314,341,655
067281012,213,174,387
067281013,277,297,574
067281014,219,215,434
067281015,250,214,464
067281016,281,238,519
067281017,259,203,462
067281018,349,372,721
067281019,414,428,842
067281020,369,408,777
067281021,369,383,752
067281022,390,496,886
067281023,76,105,181
067281024,380,447,827
067281025,71,68,139
067281026,10,22,32
067281101,6,6,12
067281102,37,59,96
067281103,15,44,59
067281201,33,20,53
067281202,22,25,47
067281301,197,228,425
067281302,37,39,76
067281303,22,28,50
067281401,50,83,133
067281402,220,276,496
067281403,39,59,98
067281404,31,40,71
067281405,32,73,105
067281406,72,75,147
067281407,19,38,57
067281408,39,39,78
067281501,44,91,135
067281502,24,31,55
067281503,21,26,47
067281601,10,11,21
067281602,6,12,18
067281603,16,21,37
067350101,213,234,447
067350102,214,235,449
067350103,436,321,757
067350104,337,259,596
067350105,592,424,1016
067350106,541,438,979
067350107,487,385,872
067350108,325,250,575
067350109,583,545,1128
067350110,565,511,1076
067350201,246,261,507
067350202,28,33,61
067350203,4,6,10
067350204,57,58,115
067350205,60,52,112
067350206,39,39,78
067350207,30,29,59
067350208,14,16,30
067350301,234,233,467
067350302,29,40,69
067350303,13,27,40
067350304,24,19,43
067350305,27,48,75
067350306,66,63,129
067350307,44,32,76
067350308,251,317,568
067350401,23,20,43
067350402,80,75,155
067350403,50,38,88
067350404,186,178,364
067350501,10,16,26
067350502,5,4,9
067350503,14,20,34
067350504,1,0,1
067350601,18,9,27
067350602,11,7,18
067350603,3,1,4
067350701,330,326,656
067350702,496,610,1106
067350703,564,675,1239
067350704,201,222,423
067350705,515,506,1021
067350706,553,711,1264
067350707,507,496,1003
067350708,491,444,935
067350709,447,433,880
067350710,308,524,832
067420101,27,19,46
067420201,72,47,119
067420301,48,23,71
067420401,467,362,829
067420402,431,339,770
067420403,329,239,568
067420404,374,247,621
067420405,335,253,588
067420406,276,202,478
067420407,374,391,765
067420408,260,211,471
067420409,32,60,92
067420410,122,157,279
067420411,1,1,2
067420412,4,4,8
067420413,368,313,681
067420414,255,260,515
067420501,38,28,66
067420601,12,8,20
067420701,23,23,46
067420702,71,49,120
067420801,37,39,76
067420901,54,42,96
067421001,29,16,45
067421002,103,66,169
067630101,504,447,951
067630102,459,351,810
067630103,530,524,1054
067630104,475,469,944
067630105,485,402,887
067630106,323,233,556
067630107,299,176,475
067630108,479,328,807
067630109,563,387,950
067630110,407,393,800
067630111,543,365,908
067630112,332,233,565
067630113,418,358,776
067630114,390,339,729
067630115,562,515,1077
067630201,142,129,271
067630202,76,105,181
067630203,333,280,613
067630204,423,462,885
067630205,634,560,1194
067630206,545,340,885
067630207,465,259,724
067630208,320,186,506
067630209,461,347,808
067630210,443,374,817
067630211,492,365,857
067630212,210,109,319
067630213,130,73,203
067630301,496,301,797
067630302,546,346,892
067630303,315,184,499
067630304,425,260,685
067630305,355,246,601
067630306,412,280,692
067630307,580,366,946
067630308,515,330,845
067630309,571,498,1069
067630310,350,280,630
067630311,381,320,701
067630401,398,470,868
067630402,540,450,990
067630403,437,410,847
067630404,289,316,605
067630405,439,446,885
067630406,452,350,802
067630407,293,284,577
067630408,404,477,881
067630409,402,428,830
067630410,233,330,563
067630501,313,350,663
067630502,325,548,873
067630503,372,335,707
067630504,355,527,882
067630505,334,360,694
067630506,493,582,1075
067630507,495,469,964
067630508,281,415,696
067630509,338,476,814
067630510,370,424,794
067630511,646,606,1252
067630512,209,193,402
067630513,435,614,1049
067630514,498,724,1222
067630515,360,378,738
067630516,301,317,618
067630517,375,471,846
067630518,394,583,977
067630601,482,936,1418
067630602,384,464,848
067630603,382,714,1096
067630604,500,622,1122
067630605,386,508,894
067630606,481,659,1140
067630607,608,642,1250
067630608,583,745,1328
067630609,357,624,981
067630610,449,490,939
067630611,371,482,853
067630612,364,430,794
067630613,412,557,969
067630614,528,580,1108
067630615,565,737,1302
067630701,36,28,64
067630702,304,507,811
067630703,533,707,1240
067630704,454,481,935
067630705,456,427,883
067630706,646,721,1367
067630707,470,517,987
067630708,426,359,785
067630709,306,340,646
067630710,692,800,1492
067630711,687,982,1669
067630712,206,309,515
067630801,327,360,687
067630802,382,574,956
067630803,325,352,677
067630804,625,674,1299
067630805,409,561,970
067630806,452,481,933
067630807,437,414,851
067630808,536,614,1150
067630809,449,744,1193
067630810,322,485,807
067630811,372,435,807
067630812,157,290,447
067630813,333,567,900
067630901,365,315,680
067630902,240,373,613
067630903,119,213,332
067630904,156,114,270
067631001,21,22,43
067631002,3,6,9
067631101,576,512,1088
067631102,635,507,1142
067631103,23,17,40
067631201,237,164,401
067631202,26,22,48
067631203,32,18,50
067631301,9,3,12
067631302,30,16,46
067631401,456,311,767
067631402,17,9,26
067631403,24,22,46
067631501,23,25,48
067631601,307,184,491
067631602,378,234,612
067631603,23,24,47
067631701,570,483,1053
067631702,401,291,692
067631703,451,362,813
067631704,525,515,1040
067631705,397,422,819
067631706,454,431,885
067631707,637,728,1365
067631708,331,375,706
067631709,343,412,755
067631801,504,550,1054
067631802,375,510,885
067631803,471,586,1057
067631804,287,409,696
067631805,328,311,639
067631806,301,272,573
067631807,262,301,563
067631808,260,314,574
067631809,338,228,566
067631810,569,398,967
067631811,480,314,794
067631812,189,255,444
067631813,14,14,28
067631814,410,489,899
067631815,234,304,538
067631816,258,408,666
067631901,22,17,39
067631902,18,6,24
067631903,84,134,218
067631904,28,36,64
067631905,529,492,1021
067631906,255,234,489
067631907,20,32,52
067631908,65,82,147
067631909,362,403,765
067631910,393,305,698
067631911,249,252,501
067632001,160,139,299
067632002,95,158,253
067632003,309,397,706
067632004,64,60,124
067632005,124,123,247
067632006,543,522,1065
067632007,241,200,441
067632008,599,562,1161
067632009,463,391,854
067632010,358,308,666
067632011,257,285,542
067632012,349,350,699
067632013,345,469,814
067632101,10,4,14
067700101,138,202,340
067700102,241,372,613
067700103,658,819,1477
067700104,485,665,1150
067700105,566,649,1215
067700106,573,434,1007
067700107,526,443,969
067700108,430,260,690
067700109,396,260,656
067700110,399,297,696
067700111,528,443,971
067700201,14,7,21
067700202,69,71,140
067700203,51,45,96
067700204,12,36,48
067700205,390,586,976
067700206,261,227,488
067700207,295,484,779
067700208,20,31,51
067700301,32,21,53
067700302,6,6,12
067700303,9,4,13
067700304,7,8,15
067700305,4,3,7
067700401,11,14,25
067700402,7,13,20
067700403,8,10,18
067700404,4,7,11
067700501,4,0,4
067700502,0,1,1
067700503,6,0,6
067700504,7,3,10
067700601,0,7,7
067700602,17,12,29
067700701,9,17,26
067700702,1,2,3
067700703,1,1,2
067700704,5,6,11
067700705,8,12,20
067700801,32,37,69
067700802,5,5,10
067700803,19,11,30
067700804,8,9,17
067700805,4,2,6
067700901,258,283,541
067700902,29,28,57
067700903,38,41,79
067700904,3,1,4
067700905,7,3,10
067700906,54,73,127
067700907,22,13,35
067700908,50,60,110
067701001,387,420,807
067701002,397,419,816
067701003,401,379,780
067701004,308,332,640
067701005,495,473,968
067701006,463,566,1029
067701007,499,582,1081
067701008,557,472,1029
067701009,479,443,922
067701010,482,321,803
067701011,249,219,468
067701012,142,134,276
067701013,592,936,1528
067701014,32,68,100
067701101,50,47,97
067701102,15,24,39
067701103,73,57,130
067701104,18,18,36
067701105,50,34,84
067701201,527,807,1334
067701202,46,59,105
067701203,153,265,418
067701204,10,15,25
067701205,14,23,37
067701206,5,13,18
067701301,21,11,32
067701302,18,21,39
067701303,22,28,50
067701304,32,31,63
067701305,10,16,26
067701306,10,15,25
067701307,8,22,30
067701401,4,12,16
067701402,17,18,35
067701403,4,6,10
067701501,2,9,11
067701502,7,6,13
067701503,8,7,15
067701504,10,5,15
067701505,18,9,27
067701601,337,500,837
067701602,327,281,608
067701603,345,289,634
067701604,8,11,19
067701605,37,50,87
067701606,11,9,20
067701607,6,23,29
067701701,10,5,15
067701702,10,10,20
067701703,6,8,14
067701704,12,4,16
067701705,29,11,40
067701801,230,219,449
067701802,12,7,19
067701803,9,13,22
067701804,14,17,31
067701805,29,24,53
067701806,13,6,19
067701901,2,3,5
067701902,4,3,7
067701903,9,10,19
067701904,4,5,9
067702001,12,14,26
067702002,1,5,6
067702101,393,251,644
067702102,467,271,738
067702103,362,240,602
067702104,373,259,632
067702105,470,276,746
067702106,435,263,698
067702107,556,460,1016
067702108,359,253,612
067702109,380,214,594
067702110,343,282,625
067702201,318,573,891
067702202,373,631,1004
067702203,550,793,1343
067702204,560,1189,1749
067702205,511,556,1067
067702206,528,614,1142
067702207,340,409,749
067702208,343,340,683
067702209,296,311,607
067702210,412,348,760
067702211,382,360,742
067702212,481,541,1022
067702213,304,188,492
067702214,591,491,1082
067702301,31,30,61
067780101,397,410,807
067780102,305,294,599
067780103,303,372,675
067780104,291,414,705
067780105,498,537,1035
067780106,412,680,1092
067780107,276,414,690
067780108,275,475,750
067780109,268,348,616
067780110,51,50,101
067780111,67,73,140
067780201,280,359,639
067780202,193,304,497
067780203,212,270,482
067780204,301,576,877
067780205,511,676,1187
067780206,355,390,745
067780207,514,714,1228
067780208,361,254,615
067780209,511,544,1055
067780210,428,346,774
067780211,243,325,568
067780212,254,378,632
067780213,191,318,509
067780214,365,442,807
067780215,364,606,970
067780216,200,294,494
067780217,219,315,534
067780218,298,408,706
067780301,66,80,146
067780401,17,26,43
067780402,37,62,99
067780403,75,92,167
067780404,211,238,449
067780405,194,307,501
067780406,124,169,293
067780407,408,463,871
067780501,271,369,640
067780502,99,102,201
067780503,21,20,41
067780504,41,27,68
067780505,22,36,58
067780506,411,657,1068
067780507,302,507,809
067780601,5,6,11
067780602,265,255,520
067780603,168,234,402
067780604,414,695,1109
067780701,17,15,32
067780702,23,26,49
067780703,17,14,31
067780704,16,18,34
067780801,24,17,41
067780802,2,4,6
067780803,20,26,46
067780901,14,9,23
067780902,160,213,373
067780903,316,500,816
067780904,149,239,388
067780905,512,685,1197
067780906,449,627,1076
067780907,218,275,493
067780908,132,211,343
067780909,349,388,737
067780910,328,332,660
067780911,464,434,898
067780912,406,395,801
067780913,439,374,813
067781001,537,734,1271
067781002,310,489,799
067781003,300,514,814
067781004,404,543,947
067781005,420,515,935
067781006,287,256,543
067781007,429,599,1028
067781008,464,741,1205
067781009,551,708,1259
067781010,298,237,535
067781011,354,382,736
067781012,379,473,852
067781013,547,774,1321
067781014,279,631,910
067781015,276,431,707
067840101,4,12,16
067840102,13,8,21
067840201,9,5,14
067840202,234,222,456
067840203,26,15,41
067840204,7,6,13
067840301,8,7,15
067840302,19,18,37
067840303,5,11,16
067840401,3,8,11
067840402,24,12,36
067840403,5,10,15
067840404,8,10,18
067840501,12,15,27
067840502,9,14,23
067840503,10,14,24
067840601,9,14,23
067840701,13,18,31
067840702,14,11,25
067840703,10,11,21
067840704,17,18,35
067840801,26,26,52
067840802,108,126,234
067840803,372,410,782
067840804,477,539,1016
067840805,321,397,718
067840806,308,314,622
067840807,457,285,742
067840808,538,429,967
067840809,362,356,718
067840810,328,281,609
067840811,464,483,947
067840812,16,26,42
067840813,37,36,73
067840901,8,8,16
067840902,7,8,15
067841001,12,17,29
067841002,3,1,4
067841003,9,13,22
067841004,9,7,16
067841101,9,12,21
067841102,7,11,18
067841103,13,22,35
067841104,4,6,10
067841201,12,17,29
067841202,9,16,25
067841203,33,44,77
067841204,7,16,23
067910101,535,473,1008
067910102,188,238,426
067910103,281,243,524
067910104,178,189,367
067910105,210,187,397
067910106,371,279,650
067910107,398,406,804
067910108,218,219,437
067910109,223,228,451
067910110,307,328,635
067910111,226,226,452
067910201,217,201,418
067910202,414,334,748
067910203,352,349,701
067910204,330,330,660
067910205,301,305,606
067910206,401,375,776
067910207,368,312,680
067910208,404,341,745
067910209,269,300,569
067910210,488,408,896
067910211,451,395,846
067910212,372,305,677
067910213,433,347,780
067910214,372,384,756
067910215,352,349,701
067910216,332,232,564
067910217,318,309,627
067910218,484,584,1068
067910301,401,400,801
067910302,252,260,512
067910303,310,338,648
067910304,544,458,1002
067910305,160,180,340
067910306,218,235,453
067910307,556,428,984
067910308,380,255,635
067910309,460,486,946
067910310,570,510,1080
067910401,270,279,549
067910402,236,269,505
067910403,210,242,452
067910404,273,253,526
067910405,144,165,309
067910406,233,233,466
067910407,216,212,428
067910408,251,248,499
067910409,254,236,490
067910410,192,262,454
067910411,246,242,488
067910412,195,213,408
067910501,47,39,86
067910502,49,17,66
067910503,6,4,10
067910601,100,78,178
067910602,37,58,95
067910603,27,27,54
067910701,83,59,142
067910702,47,43,90
067910801,18,14,32
067910802,44,57,101
067910803,38,24,62
067910901,50,41,91
067910902,64,54,118
067910903,41,62,103
067910904,49,37,86
067910905,38,45,83
067910906,78,57,135
067911001,44,45,89
067911002,100,123,223
067911003,125,124,249
067911004,57,30,87
067911005,47,48,95
067911006,371,452,823
067911007,167,221,388
067911008,168,239,407
067911009,48,27,75
067911101,25,33,58
067911102,42,42,84
067911103,29,25,54
067911104,89,79,168
067911105,39,51,90
067911201,288,448,736
067911202,441,656,1097
067911203,574,734,1308
067911204,365,419,784
067911205,320,318,638
067911206,456,624,1080
067911207,437,495,932
067911208,585,478,1063
067911209,463,429,892
067911210,405,402,807
067911211,275,297,572
067911212,267,308,575
067911213,525,524,1049
067911301,644,861,1505
067911302,387,473,860
067911303,328,385,713
067911304,412,490,902
067911305,584,806,1390
067911306,677,761,1438
067911307,351,372,723
067911308,347,386,733
067911309,327,347,674
067911310,301,514,815
067911311,349,483,832
067911312,317,427,744
067911313,383,453,836
067911314,384,412,796
067911401,38,26,64
067911402,59,38,97
067911403,87,79,166
067911404,58,55,113
067911405,92,57,149
067911406,48,56,104
067911501,106,148,254
067911502,154,137,291
067911503,46,41,87
067911504,63,57,120
067911505,29,24,53
067911506,20,20,40
067911601,36,28,64
067911602,41,36,77
067911701,75,38,113
067911702,51,25,76
067911801,237,229,466
067911802,249,233,482
067911803,199,205,404
067911804,292,316,608
067911805,254,239,493
067911806,280,247,527
067911807,362,346,708
067911808,345,342,687
067911809,330,377,707
067911811,302,317,619
067911812,315,317,632
067911813,390,407,797
067911814,417,453,870
067911901,258,242,500
067911902,301,252,553
067911903,333,308,641
067911904,356,312,668
067911905,465,449,914
067911906,292,289,581
067911907,242,210,452
067911908,243,196,439
067911909,169,148,317
067911910,237,192,429
067911911,332,230,562
067912001,386,430,816
067912002,407,489,896
067912003,588,850,1438
067912004,454,602,1056
067912005,425,445,870
067912006,462,415,877
067912007,465,392,857
067912008,222,253,475
067912009,433,461,894
067912101,270,367,637
067912102,419,620,1039
067912103,363,494,857
067912104,295,439,734
067912105,651,580,1231
067912106,551,547,1098
067912107,360,289,649
067912108,300,252,552
067912109,656,615,1271
067912110,454,814,1268
067912111,387,502,889
067912112,402,589,991
067912113,219,272,491
067912114,167,170,337
067912115,156,192,348
067912116,287,331,618
067912201,188,188,376
067912202,218,233,451
067912203,324,380,704
067912204,238,303,541
067912205,322,449,771
067912206,502,593,1095
067912207,537,763,1300
067912208,512,569,1081
067912209,343,397,740
067912210,464,439,903
067912211,292,335,627
067912212,389,292,681
067912213,278,346,624
067912214,283,315,598
067912215,308,365,673
067912216,451,510,961
067912217,285,250,535
067912218,235,359,594
067980101,30,15,45
067980102,34,18,52
067980103,28,11,39
067980201,37,21,58
067980202,11,4,15
067980203,32,36,68
067980301,16,18,34
067980302,21,18,39
067980401,7,12,19
067980402,18,14,32
067980501,56,83,139
067980502,36,41,77
067980503,7,5,12
067980504,8,16,24
067980505,16,18,34
067980506,23,11,34
067980507,17,13,30
067980601,88,71,159
067980701,241,285,526
067980702,514,476,990
067980703,449,293,742
067980704,304,235,539
067980705,249,243,492
067980706,44,51,95
067980707,278,271,549
067980708,561,629,1190
067980709,210,227,437
067980710,228,246,474
067980711,342,298,640
067980801,20,8,28
067980901,28,22,50
067980902,17,9,26
067980903,14,14,28
067980904,20,14,34
067980905,10,12,22
067981001,26,19,45
067981002,42,19,61
067981003,27,11,38
067981004,29,19,48
067981005,23,20,43
067981006,9,9,18
068120101,25,39,64
068120102,30,28,58
068120201,11,12,23
068120202,10,19,29
068120301,19,35,54
068120302,7,9,16
068120303,4,2,6
068120401,33,66,99
068120402,14,20,34
068120403,6,8,14
068120501,17,12,29
068120502,260,251,511
068120503,295,328,623
068120504,5,4,9
068120601,4,4,8
068120602,3,5,8
068190101,100,91,191
068190102,44,31,75
068190103,43,20,63
068190104,79,64,143
068190201,72,85,157
068190202,32,45,77
068190301,22,15,37
068190302,33,43,76
068190401,406,405,811
068190402,521,637,1158
068190403,365,280,645
068190404,456,377,833
068190405,384,400,784
068190406,446,399,845
068190407,303,423,726
068190408,76,77,153
068190409,87,70,157
068190501,27,21,48
068190502,35,55,90
068190503,32,29,61
068190504,124,114,238
068190505,168,150,318
068190601,35,41,76
068190602,46,59,105
068190603,36,22,58
068190701,27,16,43
068190801,35,22,57
068190802,55,34,89
068190901,78,74,152
068190902,82,96,178
068190903,216,201,417
068190904,204,176,380
068190905,196,182,378
068190906,147,109,256
068190907,112,91,203
068190908,13,35,48
068190909,57,58,115
068190910,201,191,392
068190911,163,202,365
068190912,224,199,423
068260101,750,1081,1831
068260102,351,467,818
068260103,377,562,939
068260104,226,208,434
068260105,257,207,464
068260106,319,249,568
068260107,436,344,780
068260108,440,435,875
068260109,246,127,373
068260110,168,94,262
068260111,251,201,452
068260112,263,229,492
068260113,275,355,630
068260114,210,247,457
068260115,342,223,565
068260116,211,193,404
068260117,213,235,448
068260118,263,451,714
068260119,278,277,555
068260120,314,364,678
068260201,370,299,669
068260202,547,571,1118
068260203,336,459,795
068260204,231,312,543
068260205,172,184,356
068260206,181,175,356
068260207,185,153,338
068260208,190,138,328
068260209,357,329,686
068260210,202,182,384
068260211,218,163,381
068260212,386,203,589
068260213,140,68,208
068260214,170,81,251
068260301,14,17,31
068260302,5,4,9
068260303,21,17,38
068260401,25,20,45
068260402,41,45,86
068260403,373,303,676
068260501,109,129,238
068260502,16,9,25
068260503,4,12,16
068260601,28,40,68
068260602,23,29,52
068260701,544,618,1162
068260702,252,244,496
068260703,60,76,136
068260704,255,251,506
068260705,26,38,64
068260706,458,602,1060
068260707,31,19,50
068260708,66,70,136
068260709,67,91,158
068260801,62,94,156
068260802,20,23,43
068260901,31,23,54
068260902,36,34,70
068261001,64,63,127
068261002,48,24,72
068261101,57,115,172
068261102,35,28,63
068261201,32,30,62
068261301,36,26,62
068261302,29,45,74
068261303,60,71,131
068261401,23,26,49
068261402,9,16,25
068261501,56,51,107
068261502,24,38,62
068261601,59,74,133
068261602,59,54,113
068261603,45,35,80
068261604,113,154,267
068261605,139,239,378
068261606,266,411,677
068261607,253,207,460
068261608,495,592,1087
068261609,223,153,376
068261610,262,242,504
068261611,253,246,499
068261701,31,21,52
068261702,21,24,45
068261703,24,22,46
068261704,3,11,14
068261801,73,71,144
068261802,36,24,60
068261803,37,43,80
068261804,61,56,117
068261805,24,35,59
068261901,376,259,635
068261902,401,315,716
068261903,268,218,486
068261904,282,214,496
068261905,249,173,422
068261906,298,367,665
068261907,250,306,556
068261908,291,327,618
068261909,429,489,918
068261910,348,273,621
068261911,246,227,473
068330101,277,219,496
068330102,467,295,762
068330103,351,223,574
068330104,486,383,869
068330105,281,258,539
068330106,456,362,818
068330107,492,330,822
068330108,555,285,840
068330109,449,295,744
068330110,531,332,863
068330111,416,311,727
068330112,603,460,1063
068330113,594,518,1112
068330114,549,341,890
068330115,106,91,197
068330116,292,194,486
068330201,403,271,674
068330202,522,399,921
068330203,470,293,763
068330204,438,247,685
068330205,374,198,572
068330206,271,165,436
068330207,435,259,694
068330208,414,242,656
068330209,388,263,651
068330210,445,276,721
068330211,447,307,754
068330212,515,372,887
068330213,502,378,880
068330301,2,0,2
068330302,3,10,13
068330303,5,4,9
068330304,5,8,13
068330305,7,5,12
068330401,35,26,61
068330402,28,11,39
068330403,24,22,46
068330501,10,8,18
068330502,11,9,20
068330503,7,8,15
068330601,8,10,18
068330602,3,1,4
068330603,13,10,23
068330604,13,6,19
068330701,9,7,16
068330702,8,13,21
068330703,23,31,54
068330704,15,27,42
068330705,29,24,53
068330706,25,27,52
068330801,18,36,54
068330802,45,22,67
068330803,8,11,19
068330901,15,16,31
068330902,19,7,26
068330903,40,22,62
068331001,93,124,217
068331002,337,377,714
068331003,8,20,28
068331004,593,484,1077
068331005,636,459,1095
068331006,505,479,984
068331007,562,489,1051
068331008,652,927,1579
068331009,484,506,990
068331010,335,263,598
068331011,467,418,885
068331012,714,794,1508
068331013,72,50,122
068331101,281,236,517
068331102,3,4,7
068331103,11,5,16
068331104,12,1,13
068331105,3,1,4
068331201,16,7,23
068331202,9,17,26
068331203,4,9,13
068331301,15,0,15
068331302,124,125,249
068331303,39,48,87
068331304,62,79,141
068331401,240,302,542
068331402,46,45,91
068331403,5,2,7
068331404,8,6,14
068331405,39,53,92
068331406,0,0,0
068331407,11,3,14
068331408,150,167,317
068331501,78,106,184
068331502,32,10,42
068331503,23,7,30
068331504,23,11,34
068331505,17,9,26
068331506,163,127,290
068331601,17,18,35
068331602,11,8,19
068331603,10,3,13
068331604,3,0,3
068331605,42,19,61
068331701,193,202,395
068331702,284,269,553
068331703,259,194,453
068331704,52,19,71
068331705,117,86,203
068331706,11,10,21
068331707,13,16,29
068331708,23,11,34
068331709,251,203,454
068331801,89,128,217
068331802,194,205,399
068331803,141,106,247
068331804,79,59,138
068331805,121,75,196
068331806,70,32,102
068331807,95,78,173
068331808,41,24,65
068331809,166,171,337
068331810,18,4,22
068331811,64,66,130
068331901,367,465,832
068331902,114,100,214
068331903,467,531,998
068331904,340,337,677
068331905,609,598,1207
068331906,450,497,947
068331907,413,461,874
068331908,436,390,826
068331909,445,461,906
068331910,336,397,733
068331911,367,506,873
068331912,299,329,628
068331913,479,584,1063
068331914,168,223,391
068331915,75,71,146
068470101,205,189,394
068470102,501,413,914
068470103,463,384,847
068470104,616,410,1026
068470105,347,275,622
068470106,23,12,35
068470107,60,51,111
068470108,6,2,8
068470109,13,11,24
068470110,20,36,56
068470111,450,458,908
068470112,245,264,509
068470113,277,251,528
068470114,377,432,809
068470115,226,278,504
068470201,68,67,135
068470202,9,9,18
068470203,40,42,82
068470204,52,25,77
068470205,11,9,20
068540101,244,224,468
068540102,389,257,646
068540103,372,365,737
068540104,343,271,614
068540105,391,378,769
068540106,361,272,633
068540107,366,227,593
068540108,373,310,683
068540109,458,554,1012
068540110,476,450,926
068540111,735,1010,1745
068540112,357,353,710
068540113,482,648,1130
068540114,297,313,610
068540115,226,220,446
068540201,526,623,1149
068540202,575,753,1328
068540203,443,374,817
068540204,373,261,634
068540205,370,230,600
068540206,386,302,688
068540207,418,444,862
068540208,372,275,647
068540209,539,605,1144
068540210,248,280,528
068540211,323,346,669
068540301,107,125,232
068540302,23,31,54
068540303,35,30,65
068540401,221,246,467
068540402,119,113,232
068540403,113,87,200
068540501,54,32,86
068540502,74,55,129
068540503,25,20,45
068540601,85,70,155
068540602,185,161,346
068540701,36,36,72
068540702,48,41,89
068540801,151,140,291
068540802,90,114,204
068540803,42,26,68
068540901,66,57,123
068541001,218,263,481
068541002,337,247,584
068541003,387,301,688
068541004,417,376,793
068541005,332,285,617
068541006,435,457,892
068541007,158,103,261
068541008,147,120,267
068541009,82,56,138
068541010,88,50,138
068541011,75,40,115
068541012,51,50,101
068541013,102,98,200
068541014,258,191,449
068541015,171,125,296
068541101,37,45,82
068541102,39,28,67
068541103,31,31,62
068541201,64,76,140
068541202,19,32,51
068541203,34,37,71
068541301,64,77,141
068541302,52,32,84
068541401,167,180,347
068541402,126,109,235
068541403,73,63,136
068541404,17,22,39
068541405,49,27,76
068541406,175,259,434
068680101,589,893,1482
068680102,312,386,698
068680103,298,338,636
068680104,276,224,500
068680105,126,121,247
068680106,93,82,175
068680107,82,73,155
068680108,332,318,650
068680109,386,418,804
068680110,332,419,751
068680201,214,250,464
068680202,83,74,157
068680203,91,98,189
068680204,243,221,464
068680205,472,417,889
068680206,279,282,561
068680207,87,83,170
068680208,20,16,36
068680209,51,34,85
068680210,97,45,142
068680211,57,32,89
068680212,131,90,221
068680213,635,714,1349
068680301,510,730,1240
068680302,371,459,830
068680303,254,241,495
068680304,221,283,504
068680305,139,147,286
068680306,259,247,506
068680307,232,195,427
068680308,86,51,137
068680309,41,25,66
068680310,65,52,117
068680311,49,28,77
068680312,45,30,75
068680313,49,23,72
068680401,39,28,67
068680402,21,31,52
068680403,28,13,41
068680404,5,10,15
068680405,39,44,83
068680406,13,7,20
068680407,67,74,141
068680408,112,100,212
068680409,44,34,78
068680410,35,35,70
068680501,11,11,22
068680502,502,620,1122
068680503,486,746,1232
068680504,238,251,489
068680505,97,64,161
068680506,89,57,146
068680507,120,64,184
068680508,184,199,383
068680509,133,162,295
068680510,91,73,164
068680511,3,0,3
068680601,35,30,65
068680602,47,29,76
068680603,87,68,155
068680604,112,61,173
068680605,41,35,76
068680606,24,13,37
068680607,52,23,75
068680608,35,22,57
068680609,88,78,166
068680610,21,24,45
068680701,353,434,787
068680702,335,316,651
068680703,164,134,298
068680704,117,113,230
068680705,92,69,161
068680706,148,127,275
068680707,48,27,75
068680708,49,41,90
068680709,33,24,57
068680710,31,15,46
068680711,54,54,108
068680712,60,72,132
068680801,383,464,847
068680802,322,366,688
068680803,171,178,349
068680804,237,186,423
068680805,34,16,50
068680806,92,48,140
068680807,36,27,63
068680808,27,14,41
068680809,237,235,472
068680810,68,37,105
068750101,9,13,22
068750201,66,69,135
068750301,81,47,128
068750401,59,71,130
068750402,40,59,99
068750403,54,62,116
068750501,8,19,27
068750502,39,71,110
068750601,315,381,696
068750602,248,277,525
068750603,111,178,289
068750604,494,587,1081
068750605,281,537,818
068750606,98,196,294
068750607,39,27,66
068750608,374,499,873
068750609,201,196,397
068750701,44,36,80
068750801,74,66,140
068750802,165,227,392
068750803,171,164,335
068750804,202,253,455
068750805,155,228,383
068750901,91,94,185
068750902,56,35,91
068751001,30,24,54
068751101,15,12,27
068751201,119,178,297
068751301,15,12,27
068751302,78,67,145
068751401,67,71,138
068751402,66,35,101
068751501,245,324,569
068751502,120,173,293
068751503,118,192,310
068751504,171,364,535
068751505,41,36,77
068751506,309,772,1081
068751507,279,575,854
068751508,302,439,741
068751509,192,325,517
068751601,149,218,367
068751602,479,648,1127
068751603,571,1027,1598
068751604,287,531,818
068751605,433,528,961
068751606,319,554,873
068751607,281,334,615
068751608,327,315,642
068751609,230,247,477
068751610,434,690,1124
068751611,212,266,478
068751612,200,408,608
068751613,273,566,839
068751614,282,551,833
068751615,307,918,1225
068751701,147,219,366
068751801,32,24,56
068820101,503,460,963
068820102,593,499,1092
068820103,552,531,1083
068820104,579,621,1200
068820105,695,819,1514
068820106,482,485,967
068820107,505,432,937
068820108,513,360,873
068820109,417,299,716
068820110,484,430,914
068820201,590,454,1044
068820202,407,346,753
068820203,294,196,490
068820204,348,230,578
068820205,435,313,748
068820206,379,232,611
068820207,459,329,788
068820208,501,353,854
068820209,490,347,837
068820210,401,366,767
068820211,572,502,1074
068820212,343,517,860
068820213,478,401,879
068820214,304,361,665
068820301,75,93,168
068820302,438,398,836
068820303,540,522,1062
068820304,539,502,1041
068820305,422,316,738
068820306,507,408,915
068820307,422,350,772
068820308,545,475,1020
068820401,604,464,1068
068820402,36,43,79
068820403,168,122,290
068820501,176,171,347
068820502,614,732,1346
068820503,657,685,1342
068820504,645,838,1483
068820505,61,72,133
068820506,75,71,146
068820507,259,221,480
068820508,506,635,1141
068820509,626,669,1295
068820601,66,70,136
068820701,88,83,171
068820702,188,231,419
068820703,299,361,660
068820801,604,753,1357
068820802,590,635,1225
068820803,547,550,1097
068820804,541,531,1072
068820805,501,421,922
068820806,486,399,885
068820807,444,334,778
068820808,471,306,777
068820809,374,297,671
068820810,386,337,723
068820811,347,204,551
068820812,407,253,660
068820813,610,1735,2345
068820901,596,930,1526
068820902,426,625,1051
068820903,526,602,1128
068820904,568,719,1287
068820905,329,428,757
068820906,647,911,1558
068820907,679,813,1492
068820908,474,466,940
068820909,387,407,794
068820910,591,593,1184
068820911,383,401,784
068820912,533,758,1291
068820913,351,639,990
068820914,460,523,983
068821001,432,392,824
068821002,305,307,612
068821003,485,403,888
068821004,366,348,714
068821005,385,297,682
068821006,584,599,1183
068821007,362,277,639
068821008,399,428,827
068821009,630,679,1309
068821010,763,1049,1812
068821011,558,898,1456
068821101,309,311,620
068821201,177,203,380
068821301,201,230,431
068821401,259,266,525
068821501,53,43,96
068821601,524,432,956
068821602,567,529,1096
068821603,641,484,1125
068821604,572,570,1142
068821605,729,868,1597
068821606,340,424,764
068821607,454,526,980
068821608,576,705,1281
068821701,506,625,1131
068821702,425,551,976
068821703,549,685,1234
068821704,680,958,1638
068821705,613,1146,1759
068821706,147,264,411
068821707,242,219,461
068821708,254,239,493
068821709,73,175,248
068821710,459,668,1127
068821711,345,584,929
068821801,58,72,130
068821802,27,12,39
068821803,24,32,56
100070101,18,16,34
100070102,78,88,166
100070103,36,35,71
100070104,174,96,270
100070105,185,193,378
100070201,264,290,554
100070202,148,132,280
100070203,60,45,105
100070204,121,134,255
100070301,205,204,409
100070302,47,65,112
100070401,33,32,65
100070402,64,22,86
100070403,2,7,9
100070404,148,121,269
100070405,14,21,35
100070406,103,167,270
100070407,117,153,270
100070408,118,109,227
100070409,69,76,145
100140101,137,209,346
100140102,39,32,71
100140103,39,34,73
100140104,16,51,67
100140201,147,176,323
100140202,49,52,101
100140301,58,70,128
100140302,21,7,28
100140303,18,12,30
100140401,37,45,82
100140402,38,29,67
100140501,36,37,73
100140502,44,68,112
100140503,56,65,121
100140601,40,73,113
100140602,47,44,91
100140701,109,102,211
100140702,35,16,51
100140801,51,40,91
100140802,51,50,101
100140803,47,46,93
100140901,39,43,82
100140902,41,65,106
100210101,158,180,338
100210102,0,14,14
100210103,563,962,1525
100210104,458,622,1080
100210105,422,516,938
100210106,394,403,797
100210107,404,737,1141
100210108,351,382,733
100210109,369,417,786
100210110,453,475,928
100210111,392,684,1076
100210112,307,453,760
100210113,270,589,859
100210114,102,205,307
100210201,12,6,18
100210202,359,583,942
100210301,88,122,210
100210401,144,208,352
100210501,35,46,81
100210601,27,38,65
100210701,76,78,154
100210801,94,135,229
100210901,50,76,126
100210902,63,89,152
100211001,206,381,587
100211002,111,152,263
100211003,133,183,316
100211004,134,187,321
100211005,139,220,359
100211006,118,157,275
100280101,86,142,228
100280201,132,132,264
100280202,222,417,639
100280301,12,24,36
100280302,19,36,55
100350101,436,539,975
100350102,21,48,69
100350103,398,505,903
100350104,317,327,644
100350105,517,586,1103
100350106,422,458,880
100350107,285,301,586
100350108,300,528,828
100350109,321,329,650
100350110,385,343,728
100350111,298,346,644
100350112,433,745,1178
100350113,417,473,890
100350114,260,501,761
100350115,303,549,852
100350201,123,168,291
100350202,40,40,80
100350203,50,60,110
100350204,417,582,999
100350205,252,299,551
100350206,253,311,564
100350301,120,120,240
100350302,53,69,122
100350303,121,113,234
100350304,89,76,165
100350305,108,112,220
100350306,261,339,600
100350307,131,122,253
100350401,168,200,368
100350402,71,88,159
100350501,171,216,387
100350502,186,304,490
100350503,235,391,626
100350504,10,28,38
100350505,35,110,145
100350506,44,147,191
100350507,28,34,62
100350508,298,653,951
100350601,970,566,1536
100350602,78,78,156
100350603,74,124,198
100350604,76,113,189
100350605,116,243,359
100350606,202,261,463
100350607,100,342,442
100350608,337,493,830
100420101,17,54,71
100420102,73,130,203
100420103,290,386,676
100420104,219,468,687
100420105,318,512,830
100420106,313,609,922
100420107,317,459,776
100420201,58,70,128
100420202,269,293,562
100420203,22,21,43
100420204,102,85,187
100420205,113,196,309
100420206,302,524,826
100420207,435,846,1281
100420301,246,333,579
100420302,262,465,727
100420303,636,865,1501
100420304,56,87,143
100420305,298,499,797
100420306,328,514,842
100420307,43,22,65
100420401,139,172,311
100420402,148,207,355
100420501,44,38,82
100420502,125,142,267
100420601,17,19,36
100420602,152,207,359
100420603,56,72,128
100420604,67,167,234
100490101,66,99,165
100490102,619,1049,1668
100490103,367,772,1139
100490104,182,386,568
100490105,372,711,1083
100490106,289,617,906
100490107,255,557,812
100490108,348,690,1038
100490109,261,470,731
100490110,507,834,1341
100490111,472,802,1274
100490112,388,924,1312
100490113,562,1184,1746
100490114,498,1020,1518
100490115,372,564,936
100490201,391,571,962
100490202,362,540,902
100490203,400,674,1074
100490204,342,481,823
100490205,377,484,861
100490206,268,297,565
100490207,551,532,1083
100490208,656,558,1214
100490209,455,389,844
100490210,384,297,681
100490211,281,326,607
100490212,356,439,795
100490213,288,337,625
100490214,274,428,702
100490215,228,368,596
100490216,605,469,1074
100490217,431,355,786
100490218,380,312,692
100490219,461,438,899
100490220,236,223,459
100490221,267,283,550
100490301,506,729,1235
100490302,419,592,1011
100490303,418,666,1084
100490304,367,558,925
100490305,298,707,1005
100490306,334,559,893
100490307,291,614,905
100490308,357,890,1247
100490309,494,969,1463
100490310,278,393,671
100490311,404,688,1092
100490312,286,411,697
100490313,212,394,606
100490314,371,482,853
100490315,418,488,906
100490316,284,262,546
100490317,511,502,1013
100490318,299,275,574
100490319,429,373,802
100490320,467,440,907
100490321,265,204,469
100490322,128,162,290
100490323,211,190,401
100490324,390,357,747
100490401,327,396,723
100490402,319,352,671
100490403,310,448,758
100490404,527,921,1448
100490405,418,751,1169
100490406,464,756,1220
100490407,536,925,1461
100490408,366,462,828
100490409,567,670,1237
100490410,404,475,879
100490411,457,478,935
100490412,401,430,831
100490413,371,390,761
100490414,330,508,838
100490415,460,568,1028
100490416,576,605,1181
100490417,370,422,792
100490418,474,504,978
100490419,482,557,1039
100490501,434,287,721
100490502,280,232,512
100490503,331,343,674
100490504,326,311,637
100490505,430,491,921
100490506,302,429,731
100490507,351,343,694
100490508,413,398,811
100490509,342,308,650
100490510,576,637,1213
100490511,338,361,699
100490512,589,865,1454
100490513,542,1026,1568
100490514,232,284,516
100490515,626,942,1568
100490516,396,939,1335
100490517,227,371,598
100490601,425,365,790
100490602,285,264,549
100490603,273,244,517
100490604,247,206,453
100490605,328,278,606
100490606,372,343,715
100490607,520,500,1020
100490608,256,192,448
100490609,443,426,869
100490610,374,346,720
100490611,449,583,1032
100490612,337,462,799
100490613,564,632,1196
100490614,335,340,675
100490615,522,760,1282
100490616,473,601,1074
100490617,284,437,721
100490618,461,565,1026
100490619,371,384,755
100490701,435,502,937
100490702,309,365,674
100490703,381,389,770
100490704,332,435,767
100490705,321,270,591
100490706,619,710,1329
100490707,639,821,1460
100490708,434,540,974
100490709,395,619,1014
100490710,428,620,1048
100490711,413,667,1080
100490712,494,831,1325
100490801,305,350,655
100490802,446,542,988
100490803,607,680,1287
100490804,400,458,858
100490805,415,553,968
100490806,355,424,779
100490807,424,552,976
100490808,576,972,1548
100490809,331,546,877
100490810,490,755,1245
100490811,408,626,1034
100490812,298,451,749
100490813,621,971,1592
100490901,99,129,228
100490902,115,211,326
100490903,257,489,746
100490904,324,708,1032
100490905,166,415,581
100490906,534,1077,1611
100490907,306,677,983
100490908,238,659,897
100490909,364,816,1180
100490910,249,529,778
100490911,309,487,796
100490912,311,753,1064
100490913,334,591,925
100490914,326,673,999
100560101,15,13,28
100560102,166,164,330
100560103,50,49,99
100560104,17,13,30
100560201,26,34,60
100560202,30,21,51
100560203,36,34,70
100560204,16,19,35
100560205,347,304,651
100560301,18,30,48
100560302,80,78,158
100560303,65,39,104
100560304,37,38,75
100560401,63,35,98
100560402,23,25,48
100560403,67,67,134
100560501,29,23,52
100560502,120,181,301
100560503,101,145,246
100560504,66,90,156
100560601,43,57,100
100560602,5,2,7
100560603,21,40,61
100560701,61,61,122
100630101,297,376,673
100630102,110,108,218
100630103,98,112,210
100630201,157,176,333
100630202,333,417,750
100630203,271,261,532
100630204,369,396,765
100630205,382,629,1011
100630206,301,436,737
100630207,309,365,674
100630208,298,324,622
100630209,301,392,693
100630210,302,365,667
100630211,293,393,686
100630212,351,402,753
100630213,464,635,1099
100630214,7,9,16
100630215,0,0,0
100630216,0,0,0
100630217,0,0,0
100630218,0,0,0
100700101,27,63,90
100700102,29,95,124
100700103,463,773,1236
100700104,373,530,903
100700105,450,399,849
100700106,317,461,778
100700107,377,728,1105
100700108,359,720,1079
100700109,301,362,663
100700110,454,667,1121
100700111,347,568,915
100700112,345,584,929
100700113,206,402,608
100700201,191,244,435
100700202,111,172,283
100700203,358,515,873
100700204,202,438,640
100700205,147,283,430
100700301,315,482,797
100700302,84,148,232
100700303,142,180,322
100700304,38,45,83
100700305,332,565,897
100700306,298,467,765
100700307,306,616,922
100700308,242,412,654
100700309,52,92,144
100700401,78,91,169
100700402,56,95,151
100700403,105,172,277
100700404,333,631,964
100770101,11,22,33
100770102,118,162,280
100770103,93,76,169
100770104,324,321,645
100770105,319,379,698
100770201,44,115,159
100770202,96,154,250
100770203,27,55,82
100770301,73,124,197
100770401,121,85,206
100770402,61,41,102
100770501,35,27,62
100770502,121,129,250
100770601,149,131,280
100770602,67,62,129
100770603,96,104,200
100840101,216,346,562
100840102,19,14,33
100840103,235,437,672
100840104,257,342,599
100840105,234,336,570
100840106,219,402,621
100840107,7,7,14
100840201,22,47,69
100840202,201,229,430
100840203,205,321,526
100840204,194,241,435
100840301,14,16,30
100840302,21,94,115
100840303,195,263,458
100840304,329,636,965
100840305,149,296,445
100840306,271,402,673
100840307,300,579,879
100840401,273,442,715
100840402,19,28,47
100840403,114,254,368
100910101,7,0,7
100910102,110,181,291
100910103,321,469,790
100910104,340,449,789
100910105,423,380,803
100910106,280,277,557
100910107,418,482,900
100910108,508,877,1385
100910109,434,519,953
100910110,384,475,859
100910111,406,634,1040
100910112,270,430,700
100910113,272,466,738
100910114,325,500,825
100910115,147,340,487
100910201,182,231,413
100910202,81,121,202
100910301,3,0,3
100910302,285,437,722
100910303,301,465,766
100910401,7,20,27
100910402,0,0,0
100910403,574,785,1359
100910404,166,181,347
100910405,10,15,25
100910501,241,285,526
100910502,231,375,606
100910503,216,310,526
100910504,260,295,555
100910505,323,484,807
100910506,47,59,106
100910507,143,200,343
100910508,99,117,216
100910509,83,120,203
100910510,16,34,50
100910511,1,1,2
100910601,78,77,155
100910602,40,27,67
100910603,45,62,107
100910604,24,44,68
100910701,21,21,42
100910702,73,103,176
100910703,32,29,61
100980101,140,172,312
100980102,226,458,684
100980103,4,9,13
100980104,84,123,207
100980201,38,77,115
100980202,18,65,83
100980203,298,427,725
100980204,57,95,152
100980205,194,282,476
100980206,229,251,480
100980207,140,110,250
100980208,64,78,142
100980301,68,114,182
100980302,47,39,86
100980303,205,255,460
100980401,112,157,269
100980402,278,454,732
100980403,239,475,714
100980404,493,838,1331
100980405,331,704,1035
100980406,32,21,53
100980407,212,380,592
100980408,317,389,706
100980409,226,322,548
100980410,11,32,43
101050101,44,45,89
101050102,245,396,641
101050103,184,295,479
101050104,349,518,867
101050105,300,557,857
101050106,186,404,590
101050107,367,405,772
101050108,269,290,559
101050109,344,402,746
101050110,264,190,454
101050111,408,349,757
101050112,344,585,929
101050113,205,310,515
101050114,430,478,908
101050115,320,608,928
101050201,93,136,229
101050202,266,348,614
101050301,33,7,40
101050302,248,495,743
101050303,316,481,797
101050304,279,551,830
101050305,249,302,551
101050306,228,376,604
101050307,208,255,463
101050401,164,201,365
101050402,89,107,196
101050501,86,124,210
101050502,15,18,33
101050601,3,4,7
101050602,293,333,626
101050701,119,211,330
101050702,345,509,854
101050703,46,101,147
101050704,24,46,70
101050705,50,46,96
101050706,46,53,99
101050707,76,185,261
101050708,151,240,391
101050709,142,279,421
101050801,60,53,113
101050802,18,5,23
101120101,185,188,373
101120201,53,70,123
101120202,73,82,155
101120301,51,47,98
101120302,131,200,331
101120303,76,75,151
101120401,30,55,85
101120402,258,378,636
101120403,558,863,1421
101120404,521,573,1094
101120405,461,734,1195
101120406,444,813,1257
101120407,335,491,826
101120408,447,831,1278
101120409,510,630,1140
101120410,360,386,746
101120411,302,314,616
101120501,9,34,43
101120502,313,386,699
101120503,449,491,940
101120504,377,485,862
101120505,284,567,851
101120506,376,689,1065
101120507,362,517,879
101120508,320,404,724
101120509,548,570,1118
101120510,375,619,994
101120511,358,548,906
101120512,288,442,730
101120513,394,703,1097
101120514,236,464,700
101120515,260,451,711
140070101,22,40,62
140070102,165,265,430
140070103,96,93,189
140070104,28,38,66
140070105,99,128,227
140070106,41,34,75
140070107,65,58,123
140070108,149,162,311
140070110,173,209,382
140070111,263,287,550
140070112,197,238,435
140070113,218,278,496
140070201,116,161,277
140070202,45,57,102
140070203,107,99,206
140070204,174,241,415
140070205,216,212,428
140070206,394,494,888
140070207,368,350,718
140070208,429,441,870
140070209,296,305,601
140070210,231,151,382
140070211,354,452,806
140070212,252,207,459
140070213,254,162,416
140070214,364,234,598
140070215,279,240,519
140070216,130,137,267
140070301,14,31,45
140070302,24,23,47
140070303,7,10,17
140070304,18,29,47
140070305,97,157,254
140070306,39,47,86
140070307,37,38,75
140070308,80,140,220
140070309,333,460,793
140070310,240,307,547
140070311,317,428,745
140070312,291,453,744
140070401,17,30,47
140070402,27,29,56
140070403,38,38,76
140070404,6,1,7
140070405,61,70,131
140070406,102,99,201
140070407,87,129,216
140070408,26,37,63
140070409,9,13,22
140070410,7,16,23
140070411,16,28,44
140070412,40,45,85
140070413,71,69,140
140070414,364,549,913
140070415,82,74,156
140070416,146,234,380
140070501,282,282,564
140070502,138,173,311
140070503,232,220,452
140070504,241,224,465
140070505,242,210,452
140070506,318,473,791
140070507,206,357,563
140070508,252,272,524
140070509,332,304,636
140070510,435,416,851
140070511,392,364,756
140070512,345,392,737
140070513,345,344,689
140070514,227,296,523
140070515,226,349,575
140070516,165,183,348
140070517,301,566,867
140070518,265,549,814
140070601,15,14,29
140070602,84,136,220
140070603,43,67,110
140070604,20,25,45
140070605,65,87,152
140070606,78,80,158
140070607,335,355,690
140070608,263,355,618
140070609,219,222,441
140070610,200,204,404
140070611,280,342,622
140070612,218,219,437
140070613,190,170,360
140070614,316,388,704
140070615,186,190,376
140070616,155,148,303
140070701,28,49,77
140070702,22,41,63
140070703,10,21,31
140070704,6,10,16
140070705,27,47,74
140070706,329,430,759
140070707,16,26,42
140070708,11,31,42
140070709,10,14,24
140070710,16,15,31
140070711,13,19,32
140070712,6,35,41
140070713,36,49,85
140070714,6,8,14
140070715,66,131,197
140070716,15,17,32
140070717,15,5,20
140070718,35,23,58
140070719,229,202,431
140070720,20,30,50
140070801,11,14,25
140070802,62,90,152
140070803,348,424,772
140070804,96,83,179
140070805,386,569,955
140070806,213,288,501
140070807,358,413,771
140070808,359,359,718
140070809,670,1202,1872
140070810,34,57,91
140070811,18,17,35
140070812,13,19,32
140070813,20,17,37
140070814,400,533,933
140070815,387,481,868
140070816,271,397,668
140070817,424,496,920
140070818,372,343,715
140070819,51,47,98
140070820,235,321,556
140070901,25,20,45
140070902,29,24,53
140070903,18,22,40
140070904,225,391,616
140070905,23,10,33
140070906,22,32,54
140070907,16,18,34
140070908,125,143,268
140140101,146,351,497
140140102,411,641,1052
140140103,409,693,1102
140140104,275,419,694
140140105,442,374,816
140140106,462,586,1048
140140107,330,358,688
140140108,299,401,700
140140109,477,832,1309
140140110,367,378,745
140140111,317,298,615
140140112,408,404,812
140140113,444,606,1050
140140201,246,548,794
140140202,576,517,1093
140140203,474,460,934
140140204,421,470,891
140140205,292,379,671
140140206,228,279,507
140140207,524,467,991
140140208,392,383,775
140140209,379,343,722
140140210,394,375,769
140140211,327,278,605
140140212,406,357,763
140140213,506,516,1022
140140214,499,555,1054
140140215,510,588,1098
140140301,149,270,419
140140302,638,1176,1814
140140303,496,833,1329
140140304,457,754,1211
140140305,387,596,983
140140306,336,411,747
140140307,279,370,649
140140308,409,644,1053
140140309,504,799,1303
140140310,378,449,827
140140311,346,393,739
140140312,520,563,1083
140140313,561,694,1255
140140401,457,925,1382
140140402,457,655,1112
140140403,170,157,327
140140404,309,567,876
140140405,520,1082,1602
140140406,543,942,1485
140140407,431,477,908
140140408,639,762,1401
140140409,391,570,961
140140410,489,799,1288
140140411,632,754,1386
140140501,310,459,769
140140502,398,845,1243
140140503,253,642,895
140140504,498,871,1369
140140505,645,885,1530
140140506,303,411,714
140140507,344,672,1016
140140508,505,754,1259
140140509,338,503,841
140140510,494,766,1260
140140511,477,560,1037
140140512,426,625,1051
140140513,498,720,1218
140140514,461,819,1280
140140515,527,793,1320
140140601,287,418,705
140140602,62,90,152
140140603,84,119,203
140140604,229,464,693
140140605,265,517,782
140140606,319,470,789
140140607,534,944,1478
140140608,157,378,535
140140609,432,646,1078
140140610,412,541,953
140140701,457,699,1156
140140702,370,380,750
140140703,272,309,581
140140704,307,594,901
140140705,335,662,997
140140706,10,15,25
140140707,296,458,754
140140708,358,726,1084
140140709,330,881,1211
140140710,59,117,176
140140711,223,473,696
140140712,186,217,403
140140713,307,645,952
140140714,333,816,1149
140140715,299,619,918
140140801,24,18,42
140140802,313,420,733
140140803,186,170,356
140140804,307,631,938
140140805,583,834,1417
140140806,356,439,795
140140807,394,509,903
140140808,209,517,726
140140809,533,1029,1562
140140810,473,794,1267
140140811,518,722,1240
140140812,398,499,897
140140901,8,27,35
140140902,417,721,1138
140140903,287,671,958
140140904,362,487,849
140140905,513,862,1375
140140906,334,527,861
140140907,201,282,483
140140908,459,941,1400
140140909,488,737,1225
140140910,426,732,1158
140140911,544,823,1367
140140912,602,1154,1756
140140913,421,696,1117
140140914,343,537,880
140140915,12,31,43
140141001,185,263,448
140141002,530,880,1410
140141003,281,325,606
140141004,382,353,735
140141005,267,351,618
140141006,447,539,986
140141007,187,245,432
140141008,582,834,1416
140141009,436,511,947
140141010,490,513,1003
140141011,536,792,1328
140141012,313,356,669
140141013,403,544,947
140141014,267,293,560
140141015,287,481,768
140141016,388,537,925
140141017,294,319,613
140141018,248,281,529
140141101,148,255,403
140141102,364,468,832
140141103,346,525,871
140141104,234,407,641
140141105,340,471,811
140141106,333,445,778
140141107,290,510,800
140141108,290,648,938
140141109,417,913,1330
140141110,344,595,939
140141111,385,511,896
140141201,319,544,863
140141202,451,588,1039
140141203,437,750,1187
140141204,471,876,1347
140141205,578,886,1464
140141206,348,497,845
140141207,336,558,894
140141208,436,531,967
140141209,467,525,992
140141301,185,217,402
140141302,510,680,1190
140141303,438,487,925
140141304,522,662,1184
140141305,279,461,740
140141306,254,404,658
140141307,450,767,1217
140141308,273,796,1069
140141309,522,1100,1622
140141310,229,312,541
140141401,430,864,1294
140141402,685,1246,1931
140141403,386,774,1160
140141404,249,416,665
140141405,337,439,776
140141406,437,750,1187
140141407,569,607,1176
140141408,76,94,170
140141501,347,339,686
140141502,459,305,764
140141503,300,309,609
140141504,380,537,917
140141505,409,513,922
140141506,589,775,1364
140141507,287,331,618
140141508,356,490,846
140141509,460,717,1177
140141510,405,733,1138
140141511,610,704,1314
140141512,301,268,569
140141513,848,1048,1896
140141514,500,610,1110
140141515,380,543,923
140141516,200,358,558
140141517,323,649,972
140141518,409,417,826
140141519,381,471,852
140141520,542,754,1296
140141601,391,818,1209
140141602,476,1000,1476
140141603,493,1150,1643
140141604,248,397,645
140141605,330,544,874
140141606,430,715,1145
140141607,378,724,1102
140141608,247,383,630
140141609,334,490,824
140141610,318,566,884
140141611,316,813,1129
140141612,298,542,840
140141613,272,578,850
140141614,297,525,822
140141615,236,477,713
140141616,632,807,1439
140141617,335,631,966
140141618,391,1037,1428
140141701,537,704,1241
140141702,453,577,1030
140141703,392,644,1036
140141704,535,688,1223
140141705,409,605,1014
140141706,586,857,1443
140141707,323,522,845
140141708,367,709,1076
140141709,313,466,779
140141710,498,607,1105
140141711,496,608,1104
140141712,339,548,887
140141713,587,927,1514
140141714,343,489,832
140141715,424,781,1205
140141716,625,1030,1655
140141717,581,921,1502
140141718,450,686,1136
140141719,439,518,957
140141720,269,321,590
140141721,497,669,1166
140141801,573,794,1367
140141802,311,610,921
140141803,346,557,903
140141804,305,552,857
140141805,622,866,1488
140141806,307,492,799
140141807,303,478,781
140141808,605,878,1483
140141809,460,677,1137
140141810,250,365,615
140141811,481,640,1121
140141812,424,606,1030
140141813,533,462,995
140141814,456,766,1222
140141815,362,531,893
140141816,523,1059,1582
140141817,341,636,977
140141818,374,745,1119
140141901,538,635,1173
140141902,302,401,703
140141903,328,595,923
140141904,395,610,1005
140141905,311,621,932
140141906,439,900,1339
140141907,516,934,1450
140141908,433,1043,1476
140141909,361,778,1139
140141910,329,476,805
140141911,452,580,1032
140141912,264,567,831
140141913,527,739,1266
140141914,416,883,1299
140141915,595,835,1430
140141916,645,646,1291
140141917,328,407,735
140141918,364,358,722
140141919,218,521,739
140142001,381,510,891
140142002,333,333,666
140142003,379,415,794
140142004,432,537,969
140142005,525,651,1176
140142006,346,447,793
140142007,356,403,759
140142008,304,417,721
140142009,279,371,650
140142010,381,431,812
140142011,353,352,705
140142012,447,447,894
140142013,423,490,913
140142014,439,543,982
140142015,261,310,571
140142016,509,683,1192
140142101,388,466,854
140142102,458,513,971
140142103,423,448,871
140142104,616,846,1462
140142105,629,510,1139
140142201,319,241,560
140142202,539,540,1079
140142203,334,262,596
140142204,325,358,683
140142205,221,263,484
140142206,599,632,1231
140142207,333,312,645
140142208,511,597,1108
140142209,381,352,733
140142210,446,519,965
140142211,500,501,1001
140142212,487,459,946
140142213,2,3,5
140142214,379,376,755
140142215,443,463,906
140142216,390,417,807
140142217,403,622,1025
140142218,453,817,1270
140142301,419,367,786
140142302,487,427,914
140142303,346,310,656
140142304,262,213,475
140142305,287,202,489
140142306,382,327,709
140142307,390,370,760
140142308,569,597,1166
140142309,308,270,578
140142310,440,320,760
140142311,363,324,687
140142312,425,382,807
140142313,819,838,1657
140142314,391,401,792
140142315,407,373,780
140142316,292,296,588
140142401,528,502,1030
140142402,476,428,904
140142403,423,368,791
140142404,607,570,1177
140142405,411,349,760
140142406,509,352,861
140142407,401,283,684
140142408,352,346,698
140142409,468,387,855
140142410,267,166,433
140142411,338,263,601
140142412,293,205,498
140142413,361,230,591
140142414,321,238,559
140142501,322,141,463
140142502,304,271,575
140142503,158,95,253
140142504,552,521,1073
140142505,285,455,740
140142506,436,484,920
140142507,453,482,935
140142508,241,256,497
140142509,372,303,675
140142510,304,309,613
140142511,375,325,700
140142512,380,270,650
140142513,376,269,645
140142514,329,249,578
140142515,509,435,944
140142516,531,443,974
140142517,340,330,670
140142518,456,410,866
140142601,370,367,737
140142602,293,303,596
140142603,360,425,785
140142604,222,251,473
140142605,213,227,440
140142606,335,363,698
140142607,320,345,665
140142608,479,520,999
140142609,358,356,714
140142610,289,267,556
140142611,540,564,1104
140142612,325,398,723
140142613,259,339,598
140142614,311,405,716
140142615,400,399,799
140142616,348,362,710
140142701,357,465,822
140142702,417,535,952
140142703,460,686,1146
140142704,371,494,865
140142705,283,302,585
140142706,328,412,740
140142707,367,444,811
140142708,440,462,902
140142709,284,340,624
140142710,395,433,828
140142711,379,399,778
140142712,295,299,594
140142801,534,642,1176
140142802,476,446,922
140142803,588,527,1115
140142804,552,669,1221
140142805,489,586,1075
140142806,373,386,759
140142807,304,358,662
140142808,571,592,1163
140142809,413,505,918
140142810,458,676,1134
140142811,383,573,956
140142812,344,510,854
140142813,603,772,1375
140142814,432,1011,1443
140142815,397,444,841
140142816,503,1041,1544
140142901,422,636,1058
140142902,368,567,935
140142903,386,672,1058
140142904,436,661,1097
140142905,494,649,1143
140142906,437,560,997
140142907,319,332,651
140142908,354,443,797
140142909,455,609,1064
140142910,407,565,972
140142911,284,421,705
140142912,372,571,943
140142913,346,382,728
140142914,443,425,868
140142915,547,651,1198
140142916,419,484,903
140142917,506,493,999
140142918,273,487,760
140142919,259,494,753
140143001,388,376,764
140143002,561,696,1257
140143003,370,524,894
140143004,500,783,1283
140143005,360,467,827
140143006,418,635,1053
140143007,292,319,611
140143008,392,695,1087
140143009,634,650,1284
140143010,484,516,1000
140143011,425,506,931
140143012,506,598,1104
140143013,446,531,977
140143014,465,576,1041
140143015,398,538,936
140143101,354,660,1014
140143102,590,1035,1625
140143103,577,885,1462
140143104,319,698,1017
140143105,387,795,1182
140143106,301,595,896
140143107,554,794,1348
140143108,432,592,1024
140143109,656,861,1517
140143110,336,510,846
140143111,380,495,875
140143112,505,740,1245
140143113,366,471,837
140143114,356,473,829
140143115,318,441,759
140143116,533,603,1136
140143201,302,409,711
140143202,531,776,1307
140143203,326,379,705
140143204,313,409,722
140143205,477,606,1083
140143206,469,525,994
140143207,529,581,1110
140143208,358,623,981
140143209,336,421,757
140143210,563,647,1210
140143211,428,505,933
140143212,320,472,792
140143213,422,496,918
140143301,366,474,840
140143302,342,352,694
140143303,387,507,894
140143304,324,409,733
140143305,288,361,649
140143306,290,367,657
140143307,489,567,1056
140143308,509,721,1230
140143309,362,376,738
140143310,322,419,741
140143311,412,398,810
140143312,365,450,815
140143313,394,464,858
140143314,366,419,785
140143315,355,395,750
140143316,260,354,614
140143317,446,530,976
140143318,523,600,1123
140143319,404,491,895
140143320,301,354,655
140143401,299,426,725
140143402,405,454,859
140143403,363,374,737
140143404,154,214,368
140143405,247,276,523
140143406,225,297,522
140143407,274,360,634
140143408,321,331,652
140143409,287,409,696
140143410,278,329,607
140143411,283,274,557
140143412,345,380,725
140143413,308,340,648
140143414,318,349,667
140143415,300,317,617
140143416,347,365,712
140143417,242,294,536
140143418,485,578,1063
140143419,246,338,584
140143501,365,442,807
140143502,591,754,1345
140143503,307,314,621
140143504,541,656,1197
140143505,253,387,640
140143506,972,1644,2616
140143507,533,599,1132
140143508,396,535,931
140143509,321,394,715
140143510,314,349,663
140143511,427,573,1000
140143512,413,497,910
140143513,372,469,841
140143514,546,602,1148
140143601,366,323,689
140143602,328,356,684
140143603,506,526,1032
140143604,430,469,899
140143605,458,449,907
140143606,345,368,713
140143607,366,331,697
140143608,367,388,755
140143609,310,292,602
140143610,264,298,562
140143611,334,411,745
140143612,364,317,681
140143613,337,318,655
140143614,317,289,606
140143701,478,752,1230
140143702,265,302,567
140143703,295,424,719
140143704,325,464,789
140143705,338,440,778
140143706,384,583,967
140143707,439,505,944
140143708,436,484,920
140143709,285,330,615
140143710,319,403,722
140143711,511,701,1212
140143712,329,443,772
140143713,269,355,624
140143714,256,317,573
140143715,274,300,574
140143716,237,276,513
140143717,263,271,534
140143718,234,192,426
140143719,248,299,547
140143720,241,296,537
140143721,222,257,479
140143801,501,558,1059
140143802,497,435,932
140143803,472,417,889
140143804,454,361,815
140143805,331,320,651
140143806,356,302,658
140143807,319,342,661
140143808,474,599,1073
140143809,305,359,664
140143810,395,382,777
140143811,369,338,707
140143812,324,362,686
140143813,395,380,775
140143814,355,325,680
140143815,297,327,624
140143816,306,282,588
140143901,223,260,483
140143902,411,514,925
140143903,508,363,871
140143904,289,260,549
140143905,285,242,527
140143906,278,305,583
140143907,267,362,629
140143908,344,256,600
140143909,343,340,683
140143910,279,229,508
140143911,287,213,500
140143912,378,374,752
140143913,205,273,478
140144001,280,309,589
140144002,266,306,572
140144003,303,330,633
140144004,262,294,556
140144005,191,229,420
140144006,171,185,356
140144007,651,762,1413
140144008,369,493,862
140144009,278,262,540
140144010,384,399,783
140144011,324,288,612
140144012,330,291,621
140144101,322,314,636
140144102,269,230,499
140144103,440,425,865
140144104,254,237,491
140144105,273,243,516
140144106,286,356,642
140144107,282,309,591
140144108,210,212,422
140144109,282,258,540
140144110,408,313,721
140144111,281,287,568
140144112,435,377,812
140144113,430,336,766
140144114,437,366,803
140144115,345,328,673
140144116,296,265,561
140144117,363,403,766
140144118,340,202,542
140144119,308,320,628
140144201,401,244,645
140144202,240,168,408
140144203,248,150,398
140144204,297,224,521
140144205,347,229,576
140144206,354,296,650
140144207,447,361,808
140144208,573,539,1112
140144209,297,206,503
140144210,320,245,565
140144211,368,331,699
140144212,467,300,767
140144213,373,299,672
140144214,505,393,898
140144215,300,282,582
140144216,583,418,1001
140144217,399,287,686
140144218,387,564,951
140144219,594,531,1125
140144220,481,509,990
140144301,426,562,988
140144302,595,803,1398
140144303,500,585,1085
140144304,386,811,1197
140144305,227,348,575
140144306,549,877,1426
140144307,404,604,1008
140144308,439,827,1266
140144309,510,709,1219
140144310,302,422,724
140144311,355,471,826
140144401,542,489,1031
140144402,356,477,833
140144403,424,507,931
140144404,270,294,564
140144405,304,330,634
140144406,678,774,1452
140144407,485,532,1017
140144408,283,291,574
140144409,362,570,932
140144410,337,393,730
140144411,598,735,1333
140144501,492,733,1225
140144502,647,955,1602
140144503,301,485,786
140144504,427,542,969
140144505,473,434,907
140144506,370,314,684
140144507,445,520,965
140144508,343,436,779
140144509,471,551,1022
140144510,553,635,1188
140144511,435,433,868
140144512,372,430,802
140144513,268,266,534
140144601,306,547,853
140144602,531,588,1119
140144603,395,488,883
140144604,266,387,653
140144605,306,448,754
140144606,330,479,809
140144607,315,416,731
140144608,364,335,699
140144609,415,557,972
140144610,424,573,997
140144611,603,555,1158
140144612,424,424,848
140144613,187,219,406
140144614,433,599,1032
140144615,407,486,893
140144616,359,548,907
140144701,188,222,410
140144702,266,240,506
140144703,432,376,808
140144704,182,195,377
140144705,213,226,439
140144706,255,290,545
140144707,374,414,788
140144708,364,436,800
140144709,258,240,498
140144710,258,195,453
140144711,314,350,664
140144712,524,443,967
140144801,185,158,343
140144802,299,224,523
140144803,349,204,553
140144804,248,230,478
140144805,260,260,520
140144806,249,263,512
140144807,366,324,690
140144808,258,246,504
140144809,224,163,387
140144810,468,341,809
140144811,306,234,540
140144812,281,231,512
140144813,291,282,573
140144814,324,260,584
140144815,424,431,855
140144816,314,301,615
140144901,191,204,395
140144902,195,218,413
140144903,159,238,397
140144904,284,242,526
140144905,251,269,520
140144906,197,186,383
140144907,435,502,937
140144908,370,416,786
140144909,350,272,622
140144910,151,131,282
140144911,137,130,267
140144912,187,202,389
140144913,386,293,679
140144914,271,216,487
140144915,284,245,529
140144916,369,299,668
140144917,125,126,251
140144918,156,130,286
140144919,223,169,392
140144920,225,161,386
140144921,323,232,555
140145001,348,334,682
140145002,416,411,827
140145003,250,308,558
140145004,258,384,642
140145005,414,301,715
140145006,283,253,536
140145007,349,303,652
140145008,344,278,622
140145009,406,398,804
140145010,346,325,671
140145011,299,322,621
140145012,331,346,677
140145013,243,253,496
140145014,329,266,595
140145015,336,354,690
140145101,358,358,716
140145102,326,321,647
140145103,254,263,517
140145104,389,404,793
140145105,316,359,675
140145106,424,499,923
140145107,472,485,957
140145108,355,434,789
140145109,431,482,913
140145110,363,359,722
140145111,303,425,728
140145112,474,541,1015
140145113,415,460,875
140145114,375,437,812
140145115,300,396,696
140145116,201,313,514
140145117,557,653,1210
140145118,325,477,802
140145119,473,644,1117
140145120,601,1070,1671
140145121,323,489,812
140145201,271,260,531
140145202,489,431,920
140145203,294,366,660
140145204,470,779,1249
140145205,205,199,404
140145206,223,257,480
140145207,291,310,601
140145208,284,302,586
140145209,262,233,495
140145210,238,260,498
140145211,215,288,503
140145212,356,643,999
140145213,305,422,727
140145214,347,318,665
140145215,274,341,615
140145216,284,525,809
140145217,283,463,746
140145218,329,795,1124
140145219,411,577,988
140145301,419,291,710
140145302,351,277,628
140145303,200,179,379
140145304,242,204,446
140145305,237,203,440
140145306,315,255,570
140145307,304,245,549
140145308,351,464,815
140145309,288,302,590
140145310,339,302,641
140145311,339,266,605
140145312,298,268,566
140145313,256,202,458
140145314,279,247,526
140145315,327,342,669
140145316,243,202,445
140145317,280,200,480
140145318,309,231,540
140145319,272,308,580
140145320,182,181,363
140145401,220,176,396
140145402,197,225,422
140145403,203,249,452
140145404,191,230,421
140145405,142,176,318
140145406,265,300,565
140145407,109,158,267
140145408,143,214,357
140145409,269,304,573
140145410,206,279,485
140145411,97,156,253
140145412,175,289,464
140145413,257,445,702
140145414,137,287,424
140145415,142,266,408
140145416,89,261,350
140145501,208,298,506
140145502,188,241,429
140145503,114,123,237
140145504,76,135,211
140145505,126,158,284
140145506,93,89,182
140145507,130,137,267
140145508,49,59,108
140145509,117,154,271
140145510,138,136,274
140145511,181,223,404
140145512,141,162,303
140145513,231,153,384
140145514,135,178,313
140145515,58,73,131
140145516,146,224,370
140145517,155,420,575
140145518,130,169,299
140145519,195,307,502
140145601,208,181,389
140145602,267,288,555
140145603,203,270,473
140145604,163,165,328
140145605,156,203,359
140145606,133,158,291
140145607,134,109,243
140145608,113,110,223
140145609,128,151,279
140145610,85,72,157
140145611,262,250,512
140145612,101,90,191
140145613,121,159,280
140145614,105,97,202
140145615,153,98,251
140145616,162,116,278
140145617,204,155,359
140145618,242,205,447
140145619,169,134,303
140145701,375,323,698
140145702,234,192,426
140145703,257,202,459
140145704,364,308,672
140145705,186,150,336
140145706,100,94,194
140145707,137,159,296
140145708,69,61,130
140145709,134,127,261
140145710,128,132,260
140145711,144,169,313
140145712,122,112,234
140145713,211,193,404
140145714,210,209,419
140145715,259,255,514
140145716,64,102,166
140145801,115,134,249
140145802,277,285,562
140145803,139,173,312
140145804,179,222,401
140145805,293,257,550
140145806,300,300,600
140145807,148,225,373
140145808,234,261,495
140145809,267,206,473
140145810,116,115,231
140145811,263,298,561
140145812,209,236,445
140145813,87,95,182
140145901,412,417,829
140145902,115,176,291
140145903,265,272,537
140145904,267,270,537
140145905,226,252,478
140145906,189,224,413
140145907,183,232,415
140145908,141,101,242
140145909,195,222,417
140145910,159,234,393
140145911,177,194,371
140145912,443,367,810
140146001,312,423,735
140146002,301,314,615
140146003,269,269,538
140146004,347,381,728
140146005,403,424,827
140146006,283,342,625
140146007,249,279,528
140146008,203,203,406
140146009,275,297,572
140146010,244,263,507
140146011,450,466,916
140146012,190,184,374
140146013,277,228,505
140146014,437,441,878
140146015,386,422,808
140146016,316,379,695
140146017,440,485,925
140146018,408,360,768
140146101,365,631,996
140146102,355,547,902
140146103,347,501,848
140146104,249,498,747
140146105,309,717,1026
140146106,325,461,786
140146107,331,627,958
140146108,390,588,978
140146109,305,462,767
140146110,340,451,791
140146111,379,570,949
140146112,547,1029,1576
140146113,485,872,1357
140146114,305,486,791
140146115,409,739,1148
140146201,373,455,828
140146202,388,346,734
140146203,355,408,763
140146204,260,338,598
140146205,302,312,614
140146206,343,429,772
140146207,308,474,782
140146208,377,430,807
140146209,463,451,914
140146210,401,554,955
140146211,548,886,1434
140146212,421,664,1085
140146213,357,484,841
140146301,277,302,579
140146302,290,301,591
140146303,275,275,550
140146304,313,358,671
140146305,435,534,969
140146306,375,491,866
140146307,395,347,742
140146308,420,413,833
140146309,396,410,806
140146310,276,348,624
140146311,280,301,581
140146312,229,270,499
140146313,310,345,655
140146401,282,273,555
140146402,460,434,894
140146403,315,267,582
140146404,334,332,666
140146405,308,272,580
140146406,230,235,465
140146407,457,439,896
140146408,402,414,816
140146409,446,441,887
140146410,480,510,990
140146411,377,472,849
140146501,281,218,499
140146502,322,355,677
140146503,187,213,400
140146504,142,159,301
140146505,327,245,572
140146506,340,321,661
140146507,209,252,461
140146508,163,148,311
140146509,278,250,528
140146510,246,246,492
140146511,337,498,835
140146512,401,383,784
140146513,215,352,567
140146514,542,647,1189
140146515,209,237,446
140146516,361,475,836
140146601,301,333,634
140146602,337,392,729
140146603,115,129,244
140146604,186,210,396
140146605,167,164,331
140146606,183,200,383
140146607,187,237,424
140146608,55,79,134
140146609,201,197,398
140146610,106,137,243
140146611,90,131,221
140146612,187,220,407
140146613,123,179,302
140146614,286,373,659
140146701,232,213,445
140146702,72,108,180
140146703,303,367,670
140146704,145,177,322
140146705,155,225,380
140146706,247,308,555
140146707,137,177,314
140146708,186,252,438
140146709,196,257,453
140146710,118,273,391
140146711,316,494,810
140146801,124,177,301
140146802,140,117,257
140146803,200,291,491
140146804,329,429,758
140146805,77,135,212
140146806,201,302,503
140146807,134,163,297
140146808,82,66,148
140146809,207,260,467
140146810,154,215,369
140146811,127,108,235
140146812,157,236,393
140146813,113,157,270
140146814,295,353,648
140146901,133,251,384
140146902,77,127,204
140146903,138,270,408
140146904,173,231,404
140146905,182,356,538
140146906,227,341,568
140146907,219,302,521
140146908,281,385,666
140146909,161,216,377
140146910,209,300,509
140146911,355,540,895
140146912,144,190,334
140146913,32,106,138
140146914,135,420,555
140147001,144,358,502
140147002,179,316,495
140147003,189,446,635
140147004,262,259,521
140147005,199,364,563
140147006,206,391,597
140147007,110,335,445
140147008,152,337,489
140147009,147,253,400
140147010,141,396,537
140147011,127,254,381
140147101,183,209,392
140147102,202,443,645
140147103,169,356,525
140147104,219,419,638
140147105,133,321,454
140147106,223,382,605
140147107,202,530,732
140147108,153,289,442
140147109,204,545,749
140147110,173,499,672
140147111,185,290,475
140147201,359,730,1089
140147202,419,869,1288
140147203,349,725,1074
140147204,325,686,1011
140147205,179,261,440
140147206,325,636,961
140147207,296,801,1097
140147301,288,361,649
140147302,310,317,627
140147303,288,300,588
140147304,322,349,671
140147305,313,306,619
140147306,322,386,708
140147307,200,386,586
140147308,264,318,582
140147309,410,468,878
140147310,264,253,517
140147311,273,259,532
140147312,262,262,524
140147313,280,354,634
140147401,337,694,1031
140147402,333,525,858
140147403,274,459,733
140147404,278,389,667
140147405,296,463,759
140147406,498,738,1236
140147407,416,510,926
140147408,385,546,931
140147409,327,398,725
140147410,333,388,721
140147411,413,656,1069
140147412,452,560,1012
140147413,334,386,720
140147414,403,392,795
140147415,385,506,891
140147416,298,339,637
140147417,351,359,710
140147418,371,382,753
140147501,321,850,1171
140147502,287,563,850
140147503,347,569,916
140147504,281,569,850
140147505,364,548,912
140147506,359,739,1098
140147507,433,788,1221
140147508,426,466,892
140147509,464,703,1167
140147510,458,677,1135
140147511,423,619,1042
140147512,317,669,986
140147513,543,889,1432
140147514,582,960,1542
140147515,563,774,1337
140147516,357,553,910
140147517,408,583,991
140147518,343,795,1138
140147519,551,1075,1626
140147601,550,732,1282
140147602,415,516,931
140147603,307,500,807
140147604,361,523,884
140147605,398,493,891
140147606,804,1336,2140
140147607,361,538,899
140147608,337,443,780
140147609,428,560,988
140147610,386,442,828
140147611,395,470,865
140147612,486,620,1106
140147613,309,406,715
140147614,394,524,918
140147615,326,432,758
140147616,471,856,1327
140147617,459,801,1260
140147701,437,545,982
140147702,318,399,717
140147703,317,360,677
140147704,356,406,762
140147705,449,455,904
140147706,394,403,797
140147707,444,552,996
140147708,372,411,783
140147709,373,347,720
140147710,427,405,832
140147711,286,338,624
140147712,303,531,834
140147713,455,801,1256
140147714,337,485,822
140147715,383,604,987
140147716,328,360,688
140147717,367,649,1016
140147718,302,316,618
140147719,361,684,1045
140147720,404,669,1073
140147721,274,377,651
140147722,393,534,927
140147801,443,527,970
140147802,256,257,513
140147803,304,400,704
140147804,330,428,758
140147805,368,355,723
140147806,171,246,417
140147807,378,450,828
140147808,390,366,756
140147809,393,591,984
140147810,397,411,808
140147811,564,453,1017
140147812,496,333,829
140147813,303,283,586
140147814,545,558,1103
140147815,237,211,448
140147816,241,310,551
140147901,490,372,862
140147902,391,373,764
140147903,308,335,643
140147904,285,285,570
140147905,295,290,585
140147906,418,396,814
140147907,445,466,911
140147908,329,285,614
140147909,463,483,946
140147910,306,402,708
140147911,355,518,873
140147912,255,281,536
140147913,324,526,850
140147914,265,360,625
140147915,397,634,1031
140147916,349,450,799
140147917,349,401,750
140147918,383,345,728
140147919,340,394,734
140147920,340,336,676
140148001,155,259,414
140148002,135,244,379
140148003,67,262,329
140148004,80,228,308
140148005,174,338,512
140148006,264,400,664
140148007,104,172,276
140148008,109,187,296
140148009,116,260,376
140148010,87,310,397
140148011,371,294,665
140148012,368,325,693
140148013,164,190,354
140148014,170,299,469
140148101,135,335,470
140148102,138,404,542
140148103,288,662,950
140148104,286,634,920
140148105,300,594,894
140148106,456,721,1177
140148107,162,272,434
140148108,168,296,464
140148109,223,220,443
140148110,186,250,436
140148201,164,368,532
140148202,198,477,675
140148203,167,386,553
140148204,312,633,945
140148205,92,246,338
140148206,68,194,262
140148207,149,420,569
140148208,302,808,1110
140148209,170,409,579
140148210,78,296,374
140148211,71,305,376
140148301,379,407,786
140148302,396,465,861
140148303,334,443,777
140148304,278,370,648
140148305,267,309,576
140148306,229,276,505
140148307,373,490,863
140148308,238,333,571
140148309,341,525,866
140148310,178,279,457
140148311,310,413,723
140148312,364,501,865
140148313,306,408,714
140148314,330,486,816
140148315,239,324,563
140148316,238,214,452
140148401,376,451,827
140148402,404,427,831
140148403,394,371,765
140148404,288,293,581
140148405,384,482,866
140148406,281,252,533
140148407,283,207,490
140148408,337,302,639
140148409,356,375,731
140148410,299,326,625
140148411,370,321,691
140148412,362,309,671
140148501,394,454,848
140148502,319,305,624
140148503,332,316,648
140148504,388,400,788
140148505,438,457,895
140148506,430,482,912
140148507,307,325,632
140148508,545,711,1256
140148509,549,821,1370
140148510,544,595,1139
140148511,455,751,1206
140148512,420,593,1013
140148513,455,655,1110
140148514,454,624,1078
140148515,314,266,580
140148516,392,391,783
140148601,271,551,822
140148602,232,356,588
140148603,325,574,899
140148604,386,759,1145
140148605,468,785,1253
140148606,397,706,1103
140148607,472,659,1131
140148608,331,599,930
140148609,254,657,911
140148610,447,806,1253
140148611,285,492,777
140148612,316,496,812
140148701,393,542,935
140148702,340,422,762
140148703,247,404,651
140148704,298,424,722
140148705,580,689,1269
140148706,289,370,659
140148707,322,491,813
140148708,535,792,1327
140148709,301,395,696
140148710,336,501,837
140148711,466,618,1084
140148712,421,518,939
140148713,204,338,542
140148801,297,364,661
140148802,414,473,887
140148803,393,434,827
140148804,352,360,712
140148805,181,188,369
140148806,467,366,833
140148807,400,474,874
140148808,355,354,709
140148809,347,419,766
140148810,363,447,810
140148811,554,579,1133
140148812,402,525,927
140148813,358,630,988
140148814,319,877,1196
140148815,396,536,932
140148901,358,341,699
140148902,273,260,533
140148903,467,555,1022
140148904,561,490,1051
140148905,307,312,619
140148906,471,439,910
140148907,338,499,837
140148908,292,343,635
140148909,386,382,768
140148910,321,442,763
140148911,292,422,714
140148912,360,474,834
140148913,318,482,800
140148914,323,419,742
140148915,448,611,1059
140148916,610,819,1429
140149001,234,382,616
140149002,366,472,838
140149003,219,379,598
140149004,289,251,540
140149005,304,387,691
140149006,392,648,1040
140149007,426,643,1069
140149008,308,227,535
140149009,377,294,671
140149010,328,296,624
140149011,341,395,736
140149012,387,532,919
140149013,335,809,1144
140149014,350,350,700
140149015,454,357,811
140149101,534,593,1127
140149102,420,447,867
140149103,301,415,716
140149104,472,542,1014
140149105,333,503,836
140149106,397,451,848
140149107,288,466,754
140149108,270,400,670
140149109,154,278,432
140149110,294,439,733
140149111,319,447,766
140149112,336,485,821
140149113,363,482,845
140149114,544,613,1157
140149115,370,480,850
140149116,319,357,676
140149117,379,432,811
140149118,439,466,905
140149119,390,473,863
140149120,212,330,542
140149201,283,452,735
140149202,186,246,432
140149203,214,228,442
140149204,319,481,800
140149205,350,395,745
140149206,315,390,705
140149207,201,345,546
140149208,221,352,573
140149209,310,425,735
140149210,275,310,585
140149211,291,442,733
140149212,328,467,795
140149213,197,253,450
140149214,404,418,822
140149215,271,342,613
140149216,386,413,799
140149217,399,417,816
140149218,239,162,401
140149301,319,368,687
140149302,321,391,712
140149303,532,509,1041
140149304,532,702,1234
140149305,346,452,798
140149306,467,618,1085
140149307,374,585,959
140149308,548,662,1210
140149309,320,432,752
140149310,483,512,995
140149311,567,710,1277
140149312,556,715,1271
140149313,296,366,662
140149314,189,250,439
140149315,344,429,773
140149316,315,380,695
140149317,591,824,1415
140149318,352,428,780
140149319,422,600,1022
140149320,258,298,556
140149321,335,457,792
140149401,438,543,981
140149402,428,457,885
140149403,311,368,679
140149404,609,1004,1613
140149405,496,679,1175
140149406,366,527,893
140149407,559,850,1409
140149408,615,1048,1663
140149409,441,602,1043
140149410,334,521,855
140149411,373,574,947
140149412,377,662,1039
140149413,329,587,916
140149414,252,492,744
140149501,307,357,664
140149502,294,346,640
140149503,272,335,607
140149504,396,714,1110
140149505,484,746,1230
140149506,433,659,1092
140149507,285,727,1012
140149508,291,873,1164
140149509,385,443,828
140149510,459,512,971
140149511,313,477,790
140149512,531,919,1450
140149513,511,788,1299
140149514,513,740,1253
140149601,258,416,674
140149602,280,397,677
140149603,401,618,1019
140149604,386,608,994
140149605,305,488,793
140149606,271,395,666
140149607,226,390,616
140149608,373,487,860
140149609,342,519,861
140149610,364,634,998
140149611,348,430,778
140149612,396,601,997
140149613,494,543,1037
140149614,329,390,719
140149615,269,389,658
140149616,458,726,1184
140149617,464,1002,1466
140149701,506,1185,1691
140149702,216,430,646
140149703,339,394,733
140149704,285,341,626
140149705,372,376,748
140149706,517,935,1452
140149707,428,701,1129
140149708,452,877,1329
140149709,495,864,1359
140149710,383,691,1074
140149711,492,753,1245
140149712,318,557,875
140149713,261,431,692
140149714,605,906,1511
140149715,426,634,1060
140149716,367,638,1005
140149717,540,1030,1570
140149801,359,505,864
140149802,404,718,1122
140149803,295,516,811
140149804,276,513,789
140149805,209,345,554
140149806,257,547,804
140149807,467,876,1343
140149808,280,490,770
140149809,388,576,964
140149810,270,416,686
140149811,277,451,728
140149812,292,540,832
140149813,506,847,1353
140149901,439,644,1083
140149902,444,576,1020
140149903,497,537,1034
140149904,298,392,690
140149905,265,398,663
140149906,404,532,936
140149907,291,429,720
140149908,539,813,1352
140149909,393,601,994
140149910,442,627,1069
140149911,261,430,691
140149912,304,502,806
140149913,533,887,1420
140210101,22,26,48
140210102,35,39,74
140210103,57,81,138
140210104,151,186,337
140210105,117,122,239
140210106,251,259,510
140210107,215,272,487
140210108,189,208,397
140210109,195,277,472
140210110,182,163,345
140210201,25,19,44
140210202,31,36,67
140210203,24,16,40
140210204,47,80,127
140210205,88,216,304
140210206,111,105,216
140210207,211,188,399
140210208,137,122,259
140210209,263,224,487
140210210,201,157,358
140210211,109,103,212
140210212,153,166,319
140210213,170,291,461
140210301,66,94,160
140210302,157,187,344
140210303,281,305,586
140210304,343,402,745
140210305,147,225,372
140210306,146,188,334
140210307,71,56,127
140210308,151,157,308
140210309,212,344,556
140210310,124,157,281
140210311,163,220,383
140210312,155,219,374
140210313,137,184,321
140210314,278,643,921
140210315,265,526,791
140210316,235,508,743
140210401,112,144,256
140210402,86,129,215
140210403,142,253,395
140210404,141,164,305
140210405,151,136,287
140210406,325,468,793
140210407,347,531,878
140210408,101,181,282
140210409,505,608,1113
140210410,374,473,847
140210501,55,94,149
140210502,104,148,252
140210503,15,25,40
140210504,87,88,175
140210505,87,88,175
140210506,185,224,409
140210507,347,341,688
140210508,371,298,669
140210601,82,91,173
140210602,28,57,85
140210603,32,39,71
140210604,51,80,131
140210605,85,216,301
140210606,28,29,57
140210607,68,107,175
140210608,365,443,808
140210609,386,452,838
140210610,227,296,523
140210611,528,850,1378
140210612,521,653,1174
140210613,416,389,805
140210614,530,785,1315
140210615,524,838,1362
140210616,448,539,987
140210701,76,122,198
140210702,237,294,531
140210703,106,131,237
140210704,240,385,625
140210705,470,811,1281
140210706,347,686,1033
140210707,376,715,1091
140210708,330,684,1014
140210709,226,609,835
140210710,189,474,663
140210711,355,470,825
140210712,286,424,710
140210713,72,102,174
140210714,163,442,605
140210715,313,641,954
140210716,209,304,513
140210801,54,78,132
140210802,213,291,504
140210803,584,884,1468
140210804,412,612,1024
140210805,436,618,1054
140210806,173,269,442
140210807,482,749,1231
140210808,291,509,800
140210809,477,856,1333
140210810,312,504,816
140210811,285,443,728
140210812,329,485,814
140210813,321,598,919
140210814,326,706,1032
140210901,309,382,691
140210902,322,405,727
140210903,328,336,664
140210904,290,274,564
140210905,236,231,467
140210906,371,432,803
140210907,283,232,515
140210908,239,182,421
140210909,268,275,543
140210910,351,509,860
140210911,699,1094,1793
140210912,256,283,539
140210913,350,426,776
140210914,477,382,859
140211001,535,638,1173
140211002,372,340,712
140211003,408,401,809
140211004,521,545,1066
140211005,333,371,704
140211006,457,520,977
140211007,284,265,549
140211008,389,436,825
140211009,338,323,661
140211010,416,389,805
140211011,518,679,1197
140211012,722,801,1523
140211013,499,810,1309
140211014,505,833,1338
140211015,190,271,461
140211016,332,511,843
140211101,247,430,677
140211102,325,558,883
140211103,285,318,603
140211104,368,377,745
140211105,375,298,673
140211106,139,176,315
140211107,333,387,720
140211108,373,408,781
140211109,530,644,1174
140211110,236,313,549
140211111,296,345,641
140211112,530,570,1100
140211113,406,446,852
140211114,321,385,706
140211115,309,308,617
140211116,281,327,608
140211117,385,334,719
140211118,486,526,1012
140211119,417,412,829
140211201,219,294,513
140211202,187,315,502
140211203,323,473,796
140211204,283,315,598
140211205,334,387,721
140211206,265,370,635
140211207,237,326,563
140211208,157,214,371
140211209,171,184,355
140211210,345,316,661
140211211,337,406,743
140211212,241,364,605
140211213,245,327,572
140211214,363,374,737
140211301,307,410,717
140211302,177,274,451
140211303,287,375,662
140211304,267,295,562
140211305,390,473,863
140211306,263,324,587
140211307,213,301,514
140211308,451,566,1017
140211309,251,304,555
140211310,298,343,641
140211311,270,249,519
140211312,305,244,549
140211313,335,325,660
140211314,369,383,752
140211401,301,311,612
140211402,246,186,432
140211403,237,211,448
140211404,388,409,797
140211405,335,483,818
140211406,283,510,793
140211407,455,570,1025
140211408,291,314,605
140211409,245,335,580
140211410,312,383,695
140211411,368,525,893
140211412,320,384,704
140211501,246,339,585
140211502,299,396,695
140211503,286,377,663
140211504,360,331,691
140211505,276,293,569
140211506,384,394,778
140211507,311,387,698
140211508,128,185,313
140211509,200,304,504
140211510,258,335,593
140211511,297,247,544
140211601,338,515,853
140211602,500,591,1091
140211603,314,351,665
140211604,281,573,854
140211605,269,571,840
140211606,347,657,1004
140211607,360,391,751
140211608,300,382,682
140211609,291,370,661
140211610,253,429,682
140211611,397,756,1153
140211701,277,379,656
140211702,253,350,603
140211703,276,327,603
140211704,286,392,678
140211705,248,305,553
140211706,389,577,966
140211707,471,523,994
140211708,600,744,1344
140211709,595,819,1414
140211710,470,506,976
140211801,296,321,617
140211802,236,531,767
140211803,245,361,606
140211804,382,345,727
140211805,426,415,841
140211806,267,491,758
140211807,279,548,827
140211808,317,620,937
140211809,286,622,908
140211810,377,564,941
140211811,302,441,743
140211812,511,615,1126
140211813,545,755,1300
140211814,292,310,602
140211815,479,501,980
140211816,414,601,1015
140211901,345,407,752
140211902,315,483,798
140211903,291,262,553
140211904,250,288,538
140211905,313,405,718
140211906,299,263,562
140211907,243,251,494
140211908,223,280,503
140211909,409,448,857
140211910,455,526,981
140211911,373,476,849
140211912,301,376,677
140211913,298,410,708
140212001,191,427,618
140212002,208,385,593
140212003,406,622,1028
140212004,264,569,833
140212005,351,665,1016
140212006,242,521,763
140212007,371,689,1060
140212008,265,453,718
140212009,259,426,685
140212010,310,422,732
140212011,254,274,528
140212012,340,291,631
140212013,365,365,730
140212014,480,704,1184
140212015,440,404,844
140212016,261,344,605
140212017,293,310,603
140212018,355,573,928
140212101,427,327,754
140212102,238,367,605
140212103,249,367,616
140212104,69,83,152
140212105,323,488,811
140212106,397,494,891
140212107,311,323,634
140212108,280,350,630
140212109,331,311,642
140212110,369,742,1111
140212111,134,138,272
140212112,169,349,518
140212113,338,591,929
140212114,253,422,675
140212115,249,333,582
140212116,384,541,925
140212117,188,289,477
140212118,494,772,1266
140212119,207,233,440
140212120,260,211,471
140280101,31,46,77
140280102,207,260,467
140280103,121,138,259
140280104,247,521,768
140280105,178,382,560
140280106,85,167,252
140280107,33,48,81
140280108,110,211,321
140280109,236,438,674
140280110,612,840,1452
140280111,290,491,781
140280201,481,960,1441
140280202,318,486,804
140280203,349,542,891
140280204,585,863,1448
140280205,309,396,705
140280206,274,258,532
140280207,318,262,580
140280208,473,614,1087
140280209,445,420,865
140280210,294,439,733
140280211,524,544,1068
140280212,475,534,1009
140280213,423,588,1011
140280214,469,542,1011
140280215,517,715,1232
140280216,590,624,1214
140280301,300,666,966
140280302,465,624,1089
140280303,463,547,1010
140280304,494,593,1087
140280305,432,574,1006
140280306,343,259,602
140280307,371,293,664
140280308,290,238,528
140280309,413,368,781
140280310,431,501,932
140280311,819,1246,2065
140280312,192,371,563
140280401,18,49,67
140280402,102,172,274
140280403,149,278,427
140280404,146,215,361
140280405,95,192,287
140280406,222,426,648
140280407,256,475,731
140280408,249,450,699
140280409,283,574,857
140280410,269,455,724
140280501,182,447,629
140280502,190,261,451
140280503,44,76,120
140280504,112,222,334
140280505,296,584,880
140280506,358,643,1001
140280507,394,563,957
140280508,368,516,884
140280509,265,314,579
140280510,321,352,673
140280511,344,494,838
140280512,264,467,731
140280513,286,383,669
140280514,567,638,1205
140280515,131,214,345
140280601,29,35,64
140280602,102,127,229
140280603,173,206,379
140280604,69,104,173
140280605,18,33,51
140280606,274,221,495
140280607,403,437,840
140280701,81,97,178
140280702,82,83,165
140280703,40,71,111
140280704,17,17,34
140280705,24,26,50
140280706,107,109,216
140350101,21,19,40
140350102,14,19,33
140350103,48,81,129
140350104,29,36,65
140350105,43,22,65
140350106,50,58,108
140350107,115,201,316
140350108,406,604,1010
140350109,376,457,833
140350110,279,447,726
140350201,31,44,75
140350202,38,37,75
140350203,28,19,47
140350204,19,30,49
140350205,20,21,41
140350206,124,154,278
140350207,25,30,55
140350208,49,64,113
140350209,18,24,42
140350210,190,350,540
140350211,199,427,626
140350212,400,471,871
140350213,465,443,908
140350214,328,378,706
140350215,419,458,877
140350301,57,41,98
140350302,24,17,41
140350303,119,186,305
140350304,81,110,191
140350305,102,93,195
140350306,92,73,165
140350307,217,255,472
140350308,51,64,115
140350309,61,46,107
140350310,179,251,430
140350311,369,471,840
140350312,366,347,713
140350313,336,372,708
140350314,301,344,645
140350315,384,471,855
140350316,290,334,624
140350317,399,536,935
140350318,456,511,967
140350401,26,43,69
140350402,73,74,147
140350403,86,95,181
140350404,180,432,612
140350405,344,434,778
140350406,430,599,1029
140350407,365,336,701
140350408,227,230,457
140350409,287,355,642
140350410,313,194,507
140350411,245,183,428
140350412,330,377,707
140350413,318,325,643
140350414,309,512,821
140350415,414,525,939
140350501,14,8,22
140350502,56,33,89
140350503,31,38,69
140350504,54,56,110
140350505,48,45,93
140350506,47,47,94
140350507,23,17,40
140350508,275,369,644
140350509,228,373,601
140350510,226,404,630
140350511,369,278,647
140350512,464,596,1060
140350513,356,381,737
140350514,307,315,622
140420101,42,77,119
140420102,40,57,97
140420103,69,92,161
140420104,51,60,111
140420105,127,146,273
140420106,43,84,127
140420107,94,94,188
140420108,95,159,254
140420109,421,580,1001
140420110,276,322,598
140420111,361,421,782
140420112,187,164,351
140420201,45,64,109
140420202,96,89,185
140420203,65,76,141
140420204,48,61,109
140420205,110,140,250
140420206,41,47,88
140420207,46,71,117
140420208,173,217,390
140420209,148,238,386
140420210,248,349,597
140420301,108,147,255
140420302,85,183,268
140420303,71,107,178
140420304,77,67,144
140420305,73,86,159
140420306,14,10,24
140420307,242,267,509
140420308,248,275,523
140420309,336,414,750
140420310,330,568,898
140420311,310,380,690
140420312,141,186,327
140420313,494,555,1049
140420314,457,597,1054
140420401,474,546,1020
140420402,257,380,637
140420403,286,357,643
140420404,502,522,1024
140420405,459,503,962
140420406,401,550,951
140420407,397,615,1012
140420408,440,497,937
140420409,310,509,819
140420410,353,445,798
140420411,397,496,893
140420412,376,440,816
140420413,367,664,1031
140420414,251,477,728
140420415,438,800,1238
140420416,218,357,575
140420417,236,472,708
140420418,374,588,962
140420419,276,307,583
140420501,26,48,74
140420502,33,40,73
140420503,19,34,53
140420504,52,63,115
140420505,34,62,96
140420506,37,52,89
140420507,63,56,119
140420508,93,118,211
140420509,76,97,173
140420510,181,299,480
140420511,200,252,452
140420512,235,412,647
140420513,239,323,562
140420514,348,347,695
140420515,248,294,542
140420516,246,275,521
140420517,343,552,895
140420601,265,513,778
140420602,295,350,645
140420603,581,857,1438
140420604,383,372,755
140420605,344,315,659
140420606,371,406,777
140420607,284,210,494
140420608,471,535,1006
140420609,357,395,752
140420610,234,203,437
140420611,371,318,689
140420612,201,187,388
140420613,358,310,668
140420614,330,320,650
140420615,328,701,1029
140420616,455,642,1097
140420617,305,374,679
140420618,223,282,505
140420619,183,210,393
140420620,200,185,385
140420621,547,641,1188
140420701,477,628,1105
140420702,362,493,855
140420703,437,673,1110
140420704,330,308,638
140420705,402,427,829
140420706,289,318,607
140420707,367,368,735
140420708,402,425,827
140420709,397,494,891
140420710,397,693,1090
140420711,708,1066,1774
140420712,323,389,712
140420713,296,355,651
140420714,210,201,411
140420715,434,724,1158
140420801,273,256,529
140420802,168,155,323
140420803,361,381,742
140420804,201,148,349
140420805,320,345,665
140420806,330,270,600
140420807,374,267,641
140420808,261,253,514
140420809,423,271,694
140420810,420,417,837
140420811,231,266,497
140420812,391,392,783
140420813,217,206,423
140420814,317,269,586
140420815,364,507,871
140420816,328,522,850
140420817,242,208,450
140420818,435,358,793
140420819,521,732,1253
140420820,227,228,455
140420821,212,190,402
140420822,290,391,681
140420823,317,333,650
140420901,285,471,756
140420902,372,388,760
140420903,301,308,609
140420904,294,440,734
140420905,474,424,898
140420906,465,480,945
140420907,290,320,610
140420908,221,259,480
140420909,478,399,877
140420910,243,263,506
140420911,224,223,447
140420912,213,170,383
140420913,338,283,621
140420914,377,295,672
140420915,337,262,599
140420916,458,391,849
140420917,326,373,699
140420918,304,307,611
140420919,427,416,843
140420920,315,424,739
140420921,358,455,813
140420922,233,186,419
140420923,223,202,425
140420924,249,250,499
140420925,278,203,481
140421001,60,82,142
140421002,49,83,132
140421003,3,3,6
140421004,39,47,86
140421005,49,65,114
140421006,29,53,82
140421007,34,44,78
140421008,260,299,559
140421009,321,431,752
140421010,292,411,703
140421011,214,235,449
140421012,323,343,666
140421013,246,314,560
140421014,271,308,579
140421015,348,322,670
140421016,427,510,937
140421101,304,387,691
140421102,303,284,587
140421103,351,426,777
140421104,346,398,744
140421105,392,505,897
140421106,242,418,660
140421107,479,948,1427
140421108,448,721,1169
140421109,526,543,1069
140421110,345,389,734
140421111,408,437,845
140421112,385,430,815
140421113,226,306,532
140490101,37,54,91
140490102,56,49,105
140490103,92,109,201
140490104,42,70,112
140490105,53,63,116
140490106,28,38,66
140490107,31,36,67
140490108,88,97,185
140490109,116,171,287
140490110,18,33,51
140490111,182,292,474
140490112,151,248,399
140490113,373,599,972
140490114,272,381,653
140490115,221,453,674
140490116,374,736,1110
140490201,251,448,699
140490202,62,65,127
140490203,32,41,73
140490204,120,133,253
140490205,36,37,73
140490206,29,35,64
140490207,66,113,179
140490208,14,4,18
140490209,31,23,54
140490210,58,51,109
140490211,156,244,400
140490212,35,56,91
140490213,84,93,177
140490214,142,307,449
140490215,94,153,247
140490301,218,355,573
140490302,204,397,601
140490303,394,610,1004
140490304,229,392,621
140490305,318,533,851
140490306,244,298,542
140490307,385,481,866
140490308,389,406,795
140490309,421,433,854
140490310,335,305,640
140490311,478,610,1088
140490312,342,479,821
140490313,307,393,700
140490314,287,400,687
140490315,153,159,312
140490316,266,335,601
140490317,284,252,536
140490318,309,282,591
140490319,442,531,973
140490320,373,513,886
140490321,283,378,661
140490322,456,589,1045
140490323,301,406,707
140490324,207,439,646
140490325,374,525,899
140560101,80,83,163
140560102,88,82,170
140560103,58,91,149
140560104,476,644,1120
140560105,499,717,1216
140560106,408,612,1020
140560107,323,378,701
140560108,407,599,1006
140560109,306,508,814
140560110,350,432,782
140560111,329,351,680
140560112,297,279,576
140560113,398,360,758
140560114,281,315,596
140560115,233,230,463
140560116,306,262,568
140560117,404,617,1021
140560118,300,352,652
140560201,54,49,103
140560202,25,25,50
140560203,10,10,20
140560204,217,314,531
140560205,398,593,991
140560206,381,411,792
140560207,207,144,351
140560208,270,274,544
140560209,327,363,690
140560210,424,489,913
140560211,483,445,928
140560212,433,558,991
140560213,552,990,1542
140560214,552,945,1497
140560301,6,8,14
140560302,27,56,83
140560303,96,114,210
140560304,75,97,172
140560305,48,62,110
140560306,17,17,34
140560307,17,10,27
140560308,27,51,78
140560309,50,55,105
140560310,90,82,172
140560311,345,482,827
140560312,368,337,705
140560313,435,448,883
140560314,305,335,640
140560315,238,235,473
140560316,302,463,765
140560317,211,324,535
140560318,240,298,538
140560319,430,539,969
140560320,225,328,553
140560401,54,31,85
140560402,62,48,110
140560403,14,9,23
140560404,18,13,31
140560405,39,58,97
140560406,49,27,76
140560407,417,648,1065
140560408,158,245,403
140560409,270,331,601
140560410,261,341,602
140560411,319,255,574
140560412,215,293,508
140560413,353,481,834
140560414,388,372,760
140560415,360,361,721
140560501,36,23,59
140560502,27,25,52
140560503,26,17,43
140560504,65,55,120
140560505,10,15,25
140560506,95,91,186
140560507,68,56,124
140560508,229,280,509
140560509,200,307,507
140560601,75,87,162
140560602,48,41,89
140560603,30,47,77
140560604,23,26,49
140560605,43,33,76
140560606,32,30,62
140560607,39,47,86
140560608,61,77,138
140560609,106,116,222
140560610,55,58,113
140560611,73,69,142
140560612,82,88,170
140560613,92,102,194
140560614,21,21,42
140560615,301,433,734
140560616,316,324,640
140560617,355,408,763
140560618,189,294,483
140560701,306,308,614
140560702,273,293,566
140560703,396,471,867
140560704,343,341,684
140560705,258,276,534
140560706,364,542,906
140560707,293,286,579
140560708,427,472,899
140560709,488,542,1030
140560710,305,366,671
140560711,467,484,951
140560712,427,846,1273
140560713,362,592,954
140560714,291,229,520
140630101,39,43,82
140630102,38,29,67
140630103,21,26,47
140630104,17,21,38
140630105,23,18,41
140630106,43,46,89
140630107,21,26,47
140630108,21,31,52
140630109,349,388,737
140630201,46,36,82
140630202,95,113,208
140630203,43,34,77
140630204,40,53,93
140630205,21,18,39
140630206,43,48,91
140630207,43,48,91
140630208,35,42,77
140630209,38,23,61
140630210,63,34,97
140630211,39,42,81
140630212,498,395,893
140630213,316,383,699
140630214,260,270,530
140630215,167,227,394
140630301,13,21,34
140630302,57,41,98
140630303,128,143,271
140630304,267,470,737
140630305,337,452,789
140630306,435,358,793
140630307,335,287,622
140630308,366,360,726
140630309,284,244,528
140630310,295,249,544
140630311,357,485,842
140630401,14,19,33
140630402,29,23,52
140630403,22,10,32
140630404,38,24,62
140630405,59,50,109
140630406,18,10,28
140630407,407,472,879
140630408,311,380,691
140630409,212,256,468
140630410,241,225,466
140630411,273,215,488
140630412,233,204,437
140630413,447,384,831
140630414,340,338,678
140630415,269,370,639
140630501,83,84,167
140630502,63,59,122
140630503,30,21,51
140630504,229,252,481
140630505,374,324,698
140630506,385,410,795
140630507,309,226,535
140630508,363,350,713
140630509,232,242,474
140630510,439,618,1057
140630511,258,357,615
140630512,219,241,460
140630513,417,234,651
140630514,336,290,626
140630515,446,367,813
140630516,384,350,734
140630517,171,198,369
140630601,8,5,13
140630602,7,6,13
140630603,53,51,104
140630604,53,39,92
140630605,36,28,64
140630606,48,29,77
140630607,318,388,706
140630608,303,226,529
140630609,320,467,787
140630610,326,252,578
140630611,361,407,768
140630612,306,225,531
140630613,364,408,772
140630614,203,201,404
140630615,351,291,642
140630701,104,131,235
140630702,53,66,119
140630703,50,41,91
140630704,36,40,76
140630705,62,40,102
140630706,333,404,737
140630707,319,319,638
140630708,412,304,716
140630709,403,358,761
140630710,124,255,379
140630711,224,448,672
140630801,37,35,72
140630802,37,43,80
140630803,44,52,96
140630804,72,81,153
140630805,20,27,47
140630806,28,23,51
140630807,170,250,420
140630808,310,313,623
140630809,259,282,541
140630810,320,266,586
140630811,248,322,570
140630812,212,293,505
140630901,41,15,56
140630902,49,59,108
140630903,83,95,178
140630904,82,69,151
140630905,36,65,101
140630906,21,30,51
140630907,43,44,87
140630908,54,53,107
140630909,65,61,126
140630910,219,236,455
140630911,267,229,496
140630912,301,259,560
140630913,219,291,510
140630914,354,525,879
140630915,466,418,884
140630916,427,341,768
140630917,174,212,386
140630918,355,302,657
140630919,322,177,499
140630920,371,415,786
140630921,381,442,823
140630922,413,522,935
140630923,231,321,552
140631001,197,322,519
140631002,370,443,813
140631003,489,431,920
140631004,291,352,643
140631005,267,238,505
140631006,369,276,645
140631007,451,542,993
140631008,321,221,542
140631009,315,310,625
140631010,260,316,576
140631011,302,247,549
140631012,391,511,902
140631013,467,645,1112
140631101,476,701,1177
140631102,372,552,924
140631103,273,359,632
140631104,321,446,767
140631105,504,426,930
140631106,261,207,468
140631107,352,310,662
140631108,285,373,658
140631109,308,329,637
140631110,476,479,955
140631111,317,253,570
140631112,240,133,373
140631113,401,302,703
140631114,299,227,526
140631115,346,201,547
140631116,454,534,988
140631201,286,337,623
140631202,289,216,505
140631203,357,303,660
140631204,230,152,382
140631205,495,440,935
140631206,365,469,834
140631207,382,349,731
140631208,328,320,648
140631209,458,563,1021
140631210,407,704,1111
140631211,342,471,813
140631212,398,402,800
140631213,337,367,704
140631214,403,572,975
140631215,310,676,986
140631216,332,581,913
140631301,430,529,959
140631302,237,322,559
140631303,446,414,860
140631304,335,300,635
140631305,586,575,1161
140631306,391,270,661
140631307,234,177,411
140631308,346,237,583
140631309,480,324,804
140631310,213,185,398
140631311,340,219,559
140631312,298,235,533
140631313,256,263,519
140631314,423,347,770
140700101,94,165,259
140700102,40,72,112
140700103,128,172,300
140700104,48,52,100
140700105,136,146,282
140700201,50,81,131
140700202,60,59,119
140700203,99,166,265
140700204,38,50,88
140700205,70,96,166
140700206,116,129,245
140700207,88,114,202
140700208,47,69,116
140700209,39,75,114
140700210,108,108,216
140700211,104,168,272
140700212,176,213,389
140700213,388,387,775
140770101,11,23,34
140770102,7,10,17
140770103,41,74,115
140770104,27,45,72
140770105,60,101,161
140770106,64,76,140
140770107,43,72,115
140770108,38,42,80
140770109,38,65,103
140770110,157,209,366
140770201,80,64,144
140770202,140,111,251
140770203,269,166,435
140770204,349,279,628
140770205,65,74,139
140770206,33,12,45
140770207,66,104,170
140770208,57,84,141
140770209,41,31,72
140770210,311,296,607
140770211,250,275,525
140770212,68,89,157
140770213,67,87,154
140840101,79,31,110
140840102,70,65,135
140840103,53,58,111
140840104,22,30,52
140840105,23,27,50
140840106,472,467,939
140840107,321,270,591
140840108,504,494,998
140840109,370,470,840
140840110,327,427,754
140840111,318,592,910
140840201,24,34,58
140840202,25,32,57
140840203,31,31,62
140840204,58,66,124
140840205,42,25,67
140840206,68,84,152
140840207,62,62,124
140840208,60,41,101
140840209,149,183,332
140840210,374,384,758
140840301,41,26,67
140840302,63,91,154
140840303,38,41,79
140840304,38,31,69
140840305,48,60,108
140840306,38,34,72
140840307,33,47,80
140840308,26,49,75
140840309,28,29,57
140840310,25,31,56
140840311,28,20,48
140840312,38,31,69
140840313,239,295,534
140840314,286,352,638
140840315,180,275,455
140840316,159,289,448
140840401,45,42,87
140840402,67,77,144
140840403,18,23,41
140840404,98,106,204
140840405,110,138,248
140840406,269,275,544
140840407,300,287,587
140840408,356,488,844
140840409,396,450,846
140840501,291,510,801
140840502,200,359,559
140840503,160,416,576
140840504,352,616,968
140840505,276,470,746
140840506,260,399,659
140840507,292,399,691
140840508,434,429,863
140840509,320,263,583
140840510,287,200,487
140840511,354,299,653
140840512,366,495,861
140840513,323,308,631
140840514,445,522,967
140840515,351,236,587
140840516,367,321,688
140840517,264,248,512
140840518,285,336,621
140840519,268,373,641
140840520,251,218,469
140840521,374,433,807
140840522,372,265,637
140840523,305,424,729
140840524,307,370,677
140840525,257,274,531
140840526,304,317,621
140840527,238,249,487
140910101,296,441,737
140910102,188,220,408
140910103,286,275,561
140910104,267,296,563
140910105,124,128,252
140910106,310,300,610
140910107,385,297,682
140910108,343,276,619
140910109,211,212,423
140910110,256,225,481
140910111,235,244,479
140910112,254,269,523
140910113,366,339,705
140910114,322,443,765
140910115,143,148,291
140910116,285,289,574
140910117,183,212,395
140910118,316,290,606
140910119,164,218,382
140910201,136,144,280
140910202,60,59,119
140910203,94,79,173
140910204,84,52,136
140910205,2,7,9
140910206,40,33,73
140910207,2,3,5
140910208,10,12,22
140910209,344,402,746
140910210,383,447,830
140910211,139,136,275
140910212,4,1,5
140910301,12,7,19
140910302,26,27,53
140910303,330,442,772
140910304,377,482,859
140910305,319,295,614
140910306,251,247,498
140910307,383,324,707
140910308,282,369,651
140910309,371,377,748
140910310,267,272,539
140910311,260,318,578
140910401,399,520,919
140910402,396,430,826
140910403,328,326,654
140910404,456,401,857
140910405,352,324,676
140910406,338,285,623
140910407,598,422,1020
140910408,366,305,671
140910409,457,404,861
140910410,218,194,412
140910411,429,398,827
140910412,125,144,269
140910413,454,443,897
140910414,309,224,533
140910415,346,405,751
140910416,253,236,489
140910417,621,559,1180
140910418,338,337,675
140910419,207,352,559
140910420,385,509,894
140910501,7,8,15
140910502,193,277,470
140910503,334,345,679
140910504,426,429,855
140910505,392,514,906
140910506,353,295,648
140910507,230,277,507
140910508,141,149,290
140910509,240,277,517
140910510,274,341,615
140910601,1,2,3
140910602,103,223,326
140910603,27,33,60
140910604,20,27,47
140910605,26,27,53
140910606,324,428,752
140910607,420,439,859
140910608,398,529,927
140910609,234,228,462
140910610,419,470,889
140910611,249,343,592
140910612,237,310,547
140910613,291,390,681
140910614,259,252,511
140910615,214,257,471
140910616,216,243,459
140910617,301,303,604
140910618,218,340,558
140910701,16,80,96
140910702,280,327,607
140910703,359,518,877
140910704,318,313,631
140910705,244,278,522
140910706,162,238,400
140910707,352,378,730
140910708,335,353,688
140910709,412,432,844
140910710,231,195,426
140910711,352,444,796
140910712,385,320,705
140910713,542,645,1187
140910714,352,422,774
140910715,534,481,1015
140910716,309,396,705
140910717,212,313,525
140910718,454,373,827
140910719,242,247,489
140910720,533,587,1120
140910721,551,703,1254
140910722,466,571,1037
140910723,271,504,775
140910801,6,7,13
140910802,87,123,210
140910803,9,7,16
140910804,135,165,300
140910805,231,291,522
140910806,276,289,565
140910807,249,244,493
140910808,155,222,377
140910809,288,283,571
140910810,299,382,681
140910811,240,249,489
140910812,441,448,889
140910813,384,530,914
140910901,360,402,762
140910902,255,229,484
140910903,344,234,578
140910904,530,559,1089
140910905,428,608,1036
140910906,424,547,971
140910907,318,392,710
140910908,327,396,723
140910909,323,445,768
140910910,267,180,447
140910911,158,117,275
140910912,302,268,570
140910913,251,398,649
140910914,393,515,908
140910915,385,619,1004
140910916,450,619,1069
140910917,321,470,791
140910918,244,320,564
140910919,276,330,606
140910920,315,439,754
140910921,475,930,1405
140910922,506,793,1299
140910923,0,0,0
140911001,374,495,869
140911002,340,310,650
140911003,344,299,643
140911004,472,434,906
140911005,367,395,762
140911006,449,362,811
140911007,227,347,574
140911008,322,512,834
140911009,305,240,545
140911010,318,323,641
140911011,309,305,614
140911012,284,263,547
140911013,421,396,817
140911014,228,230,458
140911015,317,276,593
140911016,289,342,631
140911017,311,327,638
140911018,374,279,653
140911019,266,232,498
140911020,164,117,281
140911101,358,264,622
140911102,338,222,560
140911103,299,308,607
140911104,322,275,597
140911105,443,439,882
140911106,100,110,210
140911107,177,110,287
140911108,214,229,443
140911109,291,557,848
140911110,429,338,767
140911111,189,118,307
140911112,351,328,679
140911113,272,313,585
140911114,291,181,472
140911115,298,211,509
140911116,289,182,471
140911117,187,348,535
140911118,290,268,558
140911201,408,416,824
140911202,295,287,582
140911203,379,289,668
140911204,423,409,832
140911205,420,447,867
140911206,230,279,509
140911207,409,434,843
140911208,411,655,1066
140911209,261,363,624
140911210,322,508,830
140911211,352,511,863
140911212,221,294,515
140911213,304,321,625
140911214,359,447,806
140911215,367,464,831
140911216,192,179,371
140911217,257,259,516
140911218,263,268,531
140911219,350,411,761
140911220,301,325,626
140911221,269,423,692
140911222,278,375,653
140911223,224,376,600
140911301,4,5,9
140911302,18,21,39
140911303,33,36,69
140911304,5,8,13
140911305,11,4,15
140911306,8,14,22
140911307,9,6,15
140911308,6,6,12
140911309,208,140,348
140911310,131,120,251
140911311,388,494,882
140911312,251,245,496
140911313,270,448,718
140911314,190,185,375
140911315,321,421,742
140911316,137,132,269
140911317,155,141,296
140911318,169,172,341
140911319,149,139,288
140911320,126,149,275
140911321,137,133,270
140911322,99,133,232
140911323,235,324,559
140911401,18,16,34
140911402,24,37,61
140911403,12,14,26
140911404,26,36,62
140911405,38,42,80
140911406,212,217,429
140911407,393,373,766
140911408,320,312,632
140911409,366,444,810
140911410,446,601,1047
140911411,284,275,559
140911412,267,328,595
140911413,368,312,680
140911414,345,296,641
140911415,312,294,606
140911501,7,9,16
140911502,183,229,412
140911503,269,371,640
140911504,234,290,524
140911505,235,214,449
140911506,282,245,527
140911507,305,369,674
140911508,261,363,624
140911509,369,333,702
140911510,352,398,750
140911601,8,9,17
140911602,16,22,38
140911603,3,3,6
140911604,4,10,14
140911605,75,97,172
140911606,36,38,74
140911607,5,10,15
140911608,284,205,489
140911609,161,216,377
140911610,96,123,219
140911701,3,0,3
140911702,3,4,7
140911703,12,13,25
140911704,2,0,2
140911705,6,3,9
140911706,296,430,726
140911707,213,286,499
140911708,226,242,468
140911709,236,348,584
140911710,183,221,404
140911711,199,221,420
140911712,186,205,391
140911713,322,378,700
140911714,207,218,425
140911715,118,150,268
140911801,8,30,38
140911802,10,5,15
140911803,22,19,41
140911804,152,153,305
140911805,59,89,148
140911806,159,137,296
140911807,89,141,230
140911808,250,293,543
140911809,253,201,454
140911810,74,47,121
140911901,63,62,125
140911902,35,48,83
140911903,1,1,2
140911904,41,38,79
140911905,14,14,28
140911906,243,274,517
140911907,191,245,436
140911908,316,296,612
140911909,259,343,602
140911910,227,357,584
140911911,347,473,820
140911912,64,36,100
140911913,235,358,593
140911914,182,224,406
140980101,6,5,11
140980102,28,25,53
140980103,53,34,87
140980104,27,41,68
140980105,21,10,31
140980106,27,30,57
140980107,17,17,34
140980108,199,252,451
140980109,307,342,649
140980110,272,480,752
140980111,224,310,534
140980112,218,284,502
140980113,300,242,542
140980114,242,336,578
140980115,357,348,705
140980116,296,304,600
140980117,325,485,810
140980201,15,10,25
140980202,39,54,93
140980203,98,120,218
140980204,62,59,121
140980205,46,47,93
140980206,20,27,47
140980207,19,32,51
140980208,311,305,616
140980209,187,283,470
140980210,305,353,658
140980211,387,508,895
140980301,26,23,49
140980302,36,41,77
140980303,15,19,34
140980304,250,349,599
140980305,419,444,863
140980306,376,359,735
140980307,250,255,505
140980308,376,349,725
140980309,243,307,550
140980310,212,315,527
140980311,306,426,732
140980401,33,30,63
140980402,79,74,153
140980403,36,34,70
140980404,33,20,53
140980405,29,27,56
140980406,53,70,123
140980407,244,390,634
140980408,252,384,636
140980409,107,155,262
140980501,24,25,49
140980502,79,67,146
140980503,32,34,66
140980504,16,12,28
140980505,123,197,320
140980506,251,275,526
140980507,46,65,111
140980508,36,22,58
140980509,68,74,142
140980510,333,457,790
140980511,293,375,668
140980512,342,471,813
140980513,277,333,610
140980514,208,300,508
140980515,243,389,632
140980516,63,315,378
140980517,203,535,738
140980601,32,34,66
140980602,72,87,159
140980603,62,63,125
140980604,35,50,85
140980605,56,53,109
140980606,71,86,157
140980607,85,101,186
140980608,101,141,242
140980609,52,75,127
140980701,36,30,66
140980702,59,53,112
140980703,55,59,114
140980704,114,100,214
140980705,23,23,46
140980706,36,33,69
140980707,69,62,131
140980708,60,63,123
140980801,59,74,133
140980802,70,74,144
140980803,85,94,179
140980804,95,95,190
140980805,22,23,45
140980806,105,93,198
140980807,201,221,422
140980808,361,332,693
140980809,230,290,520
140980810,159,239,398
140980811,123,136,259
140980901,81,46,127
140980902,209,192,401
140980903,83,85,168
140980904,219,354,573
140980905,266,325,591
140980906,333,346,679
140980907,350,238,588
140980908,333,284,617
140980909,286,406,692
140980910,252,326,578
140980911,137,148,285
140980912,438,523,961
140980913,299,323,622
140980914,300,376,676
140981001,17,20,37
140981002,22,26,48
140981003,169,328,497
140981004,70,68,138
140981005,72,60,132
140981006,49,45,94
140981007,94,73,167
140981008,96,90,186
140981009,224,286,510
140981010,275,274,549
140981011,381,555,936
140981012,241,345,586
140981013,335,486,821
140981014,334,342,676
140981101,111,109,220
140981102,124,125,249
140981103,32,29,61
140981104,27,23,50
140981105,54,40,94
140981106,126,179,305
140981107,108,67,175
140981108,54,51,105
140981109,292,449,741
140981110,231,295,526
140981111,302,389,691
140981201,94,122,216
140981202,129,118,247
140981203,129,206,335
140981204,165,200,365
140981205,40,63,103
140981206,119,193,312
140981207,361,421,782
140981208,267,321,588
140981209,204,269,473
140981210,204,286,490
140981211,215,268,483
140981212,230,349,579
140981301,56,58,114
140981302,60,60,120
140981303,61,65,126
140981304,60,54,114
140981305,45,32,77
140981306,36,31,67
140981307,15,7,22
140981308,68,28,96
140981309,72,52,124
140981310,82,55,137
140981311,269,397,666
140981312,382,542,924
140981313,173,341,514
140981401,80,93,173
140981402,52,55,107
140981403,44,53,97
140981404,66,75,141
140981405,54,87,141
140981406,43,62,105
140981407,49,40,89
140981408,55,45,100
140981409,135,226,361
140981410,335,499,834
140981501,373,514,887
140981502,341,568,909
140981503,418,652,1070
140981504,402,463,865
140981505,291,391,682
140981506,311,364,675
140981507,316,411,727
140981508,322,333,655
140981509,406,533,939
140981510,409,586,995
140981511,461,403,864
140981512,257,283,540
140981513,427,515,942
140981514,406,468,874
140981515,305,285,590
140981601,327,503,830
140981602,395,727,1122
140981603,219,313,532
140981604,249,357,606
140981605,460,554,1014
140981606,186,309,495
140981607,288,377,665
140981608,264,359,623
140981609,540,725,1265
140981610,508,573,1081
140981611,370,326,696
140981612,371,327,698
140981613,203,175,378
140981614,218,165,383
140981615,200,164,364
140981701,420,800,1220
140981702,341,536,877
140981703,364,503,867
140981704,300,301,601
140981705,477,580,1057
140981706,284,378,662
140981707,277,295,572
140981708,354,580,934
140981709,302,470,772
140981710,396,307,703
140981711,403,452,855
140981712,530,708,1238
140981713,327,436,763
140981801,487,675,1162
140981802,469,623,1092
140981803,479,830,1309
140981804,469,776,1245
140981805,456,705,1161
140981806,413,477,890
140981807,391,487,878
140981808,416,579,995
140981809,489,822,1311
140981810,494,652,1146
140981811,424,433,857
140981812,343,515,858
140981813,370,539,909
140981901,300,289,589
140981902,573,1251,1824
140981903,317,674,991
140981904,235,494,729
140981905,235,415,650
140981906,278,427,705
140981907,266,414,680
140981908,288,489,777
140981909,251,347,598
140981910,253,345,598
140981911,326,495,821
140981912,426,523,949
140982001,117,167,284
140982002,269,270,539
140982003,362,269,631
140982004,210,158,368
140982005,157,132,289
140982006,321,398,719
140982007,195,319,514
140982008,391,444,835
140982009,227,362,589
140982010,337,354,691
140982011,173,167,340
140982012,220,223,443
140982013,234,186,420
140982014,249,219,468
140982015,189,152,341
140982016,264,281,545
140982017,336,332,668
140982018,382,353,735
140982019,99,105,204
140982020,229,157,386
140982021,244,185,429
140982022,264,197,461
140982101,300,539,839
140982102,234,321,555
140982103,488,586,1074
140982104,325,316,641
140982105,320,301,621
140982106,230,217,447
140982107,261,231,492
140982108,385,464,849
140982109,439,334,773
140982110,404,496,900
140982111,421,477,898
140982112,325,474,799
140982113,345,526,871
140982114,406,607,1013
140982201,502,684,1186
140982202,535,527,1062
140982203,457,536,993
140982204,248,382,630
140982205,582,483,1065
140982206,482,493,975
140982207,424,596,1020
140982208,355,636,991
140982209,303,467,770
140982210,326,671,997
140982211,274,626,900
140982212,270,447,717
140982301,471,419,890
140982302,353,341,694
140982303,271,337,608
140982304,546,600,1146
140982305,221,222,443
140982306,295,349,644
140982307,342,544,886
140982308,444,490,934
140982309,345,420,765
140982310,338,413,751
140982311,299,453,752
140982312,588,639,1227
140982313,444,514,958
140982314,271,445,716
140982401,306,344,650
140982402,210,201,411
140982403,207,131,338
140982404,366,430,796
140982405,379,405,784
140982406,389,418,807
140982407,194,171,365
140982408,292,211,503
140982409,349,310,659
140982410,323,337,660
140982411,381,348,729
140982412,405,349,754
140982413,376,373,749
140982414,391,443,834
140982415,284,221,505
140982416,350,316,666
140982417,366,370,736
140982418,303,249,552
140982419,203,181,384
140982420,457,391,848
140982421,301,335,636
140982501,390,395,785
140982502,471,477,948
140982503,402,373,775
140982504,341,463,804
140982505,413,697,1110
140982506,434,655,1089
140982507,393,727,1120
140982508,390,669,1059
140982509,308,387,695
140982510,305,375,680
140982511,562,795,1357
140982512,443,856,1299
140982601,337,429,766
140982602,370,432,802
140982603,577,738,1315
140982604,428,571,999
140982605,346,567,913
140982606,309,412,721
140982607,372,482,854
140982608,411,549,960
140982609,284,517,801
140982610,270,557,827
140982611,270,521,791
140982612,301,633,934
140982613,196,382,578
140982701,360,704,1064
140982702,472,673,1145
140982703,465,460,925
140982704,260,250,510
140982705,348,343,691
140982706,322,326,648
140982707,383,466,849
140982708,391,459,850
140982801,535,551,1086
140982802,436,440,876
140982803,246,201,447
140982804,255,224,479
140982805,222,349,571
140982806,243,495,738
140982807,221,484,705
140982808,205,249,454
140982809,357,352,709
140982810,325,336,661
140982811,171,334,505
140982812,330,408,738
140982901,272,431,703
140982902,330,500,830
140982903,195,210,405
140982904,277,296,573
140982905,221,327,548
140982906,286,304,590
140982907,171,170,341
140982908,220,182,402
140982909,232,265,497
140982910,323,411,734
140982911,278,396,674
140982912,261,421,682
140982913,318,497,815
140982914,389,513,902
141050101,71,149,220
141050102,22,77,99
141050103,124,190,314
141050104,45,55,100
141050105,24,22,46
141050106,119,101,220
141050107,61,68,129
141050108,107,141,248
141050109,134,184,318
141050110,123,120,243
141050111,87,108,195
141050112,254,335,589
141050113,258,434,692
141050114,336,492,828
141050201,37,34,71
141050202,25,25,50
141050203,97,97,194
141050204,41,48,89
141050205,108,132,240
141050206,83,95,178
141050207,26,37,63
141050208,94,101,195
141050209,51,72,123
141050210,201,201,402
141050211,309,403,712
141050212,276,335,611
141050213,247,310,557
141050214,337,393,730
141050215,359,472,831
141050216,442,540,982
141050217,357,532,889
141050301,28,25,53
141050302,53,70,123
141050303,77,87,164
141050304,32,26,58
141050305,144,176,320
141050306,63,89,152
141050307,47,55,102
141050308,172,236,408
141050309,441,618,1059
141050310,362,483,845
141050311,208,269,477
141050312,288,441,729
141050313,413,630,1043
141050314,431,529,960
141050315,430,540,970
141050316,372,398,770
141050401,15,19,34
141050402,60,74,134
141050403,26,39,65
141050404,76,65,141
141050405,87,66,153
141050406,70,84,154
141050407,75,131,206
141050408,34,48,82
141050409,47,73,120
141050410,138,124,262
141050411,40,26,66
141050412,64,76,140
141050413,35,48,83
141050414,192,290,482
141050415,321,382,703
141050416,123,130,253
141050501,62,62,124
141050502,98,221,319
141050503,212,388,600
141050504,247,310,557
141050505,372,732,1104
141050506,281,400,681
141050507,300,407,707
141050508,332,629,961
141050509,275,447,722
141050510,376,506,882
141050511,289,325,614
141050512,294,390,684
141050513,182,231,413
141050514,441,779,1220
141050515,253,442,695
141050601,85,94,179
141050602,87,153,240
141050603,85,87,172
141050604,154,188,342
141050605,98,195,293
141050606,200,342,542
141050607,225,346,571
141050608,377,487,864
141050609,355,502,857
141050610,468,649,1117
141050611,405,646,1051
141050612,541,655,1196
141050613,143,180,323
141120101,25,42,67
141120102,53,56,109
141120103,57,69,126
141120104,128,163,291
141120105,51,85,136
141120106,83,132,215
141120107,29,51,80
141120108,68,78,146
141120109,242,359,601
141120110,262,348,610
141120111,198,162,360
141120112,380,623,1003
141120113,261,296,557
141120114,127,191,318
141120115,222,320,542
141120201,198,313,511
141120202,24,25,49
141120203,28,34,62
141120204,23,33,56
141120205,17,38,55
141120206,66,90,156
141120207,145,300,445
141120301,56,37,93
141120302,107,142,249
141120303,52,63,115
141120304,260,286,546
141120305,76,125,201
141120306,119,169,288
141120307,69,99,168
141120308,49,39,88
141120309,75,104,179
141120310,264,325,589
141120311,227,384,611
141120312,326,474,800
141120313,286,431,717
141120314,98,107,205
141190101,314,515,829
141190102,86,131,217
141190103,76,83,159
141190104,30,19,49
141190105,48,31,79
141190106,226,306,532
141190107,255,308,563
141190108,412,521,933
141190109,456,615,1071
141190110,213,196,409
141190111,349,343,692
141190112,364,505,869
141190113,314,323,637
141190114,351,561,912
141190115,335,515,850
141190201,22,18,40
141190202,34,36,70
141190203,16,12,28
141190204,17,20,37
141190205,80,64,144
141190206,6,14,20
141190207,2,3,5
141190208,6,9,15
141190209,34,44,78
141190210,24,16,40
141190211,38,43,81
141190212,201,232,433
141190213,408,465,873
141190214,296,402,698
141190215,286,305,591
141190301,184,146,330
141190302,118,158,276
141190303,88,116,204
141190304,46,60,106
141190305,53,58,111
141190306,401,441,842
141190307,334,483,817
141190308,414,381,795
141190309,115,159,274
141190310,294,391,685
141190311,275,396,671
141190312,221,374,595
141190313,241,419,660
141190314,557,551,1108
141190315,414,426,840
141190316,428,598,1026
141190401,19,25,44
141190402,34,49,83
141190403,21,18,39
141190404,42,43,85
141190405,22,31,53
141190406,48,78,126
141190407,79,110,189
141190408,88,86,174
141190409,150,221,371
141190410,505,582,1087
141190411,560,523,1083
141190412,304,372,676
141190413,402,511,913
141190414,346,472,818
141190415,286,315,601
141190416,261,357,618
141190417,248,351,599
141190418,519,460,979
141190419,354,322,676
141190420,308,500,808
141190501,95,120,215
141190502,20,30,50
141190503,92,101,193
141190504,87,96,183
141190505,64,42,106
141190506,39,63,102
141190507,12,9,21
141190508,44,59,103
141190509,26,15,41
141190510,30,27,57
141190511,359,439,798
141190512,353,399,752
141190513,276,289,565
141190514,351,487,838
141190515,270,411,681
141190601,430,684,1114
141190602,403,593,996
141190603,393,512,905
141190604,299,360,659
141190605,484,672,1156
141190606,497,741,1238
141190607,389,415,804
141190608,286,318,604
141190609,302,389,691
141190610,294,488,782
141190611,295,532,827
141190612,386,463,849
141190613,266,303,569
141190614,196,214,410
141190615,266,364,630
141190616,313,462,775
141190617,236,396,632
141190618,354,441,795
141190619,395,595,990
141190620,321,618,939
141190621,315,603,918
141190701,360,604,964
141190702,383,530,913
141190703,605,709,1314
141190704,446,638,1084
141190705,452,552,1004
141190706,484,526,1010
141190707,420,397,817
141190708,418,565,983
141190709,324,624,948
141190710,447,486,933
141190711,306,367,673
141190712,329,462,791
141190713,342,509,851
141190714,242,385,627
141190801,319,645,964
141190802,265,414,679
141190803,241,306,547
141190804,285,331,616
141190805,329,329,658
141190806,276,372,648
141190807,290,444,734
141190808,442,565,1007
141190809,427,454,881
141190810,424,459,883
141190811,370,391,761
141190812,397,551,948
141190813,418,398,816
141190814,412,400,812
141190815,515,625,1140
141190816,311,356,667
141190817,293,441,734
141190901,309,435,744
141190902,342,469,811
141190903,195,287,482
141190904,317,368,685
141190905,316,361,677
141190906,288,315,603
141190907,276,290,566
141190908,299,303,602
141190909,388,318,706
141190910,246,177,423
141190911,377,426,803
141190912,457,566,1023
141190913,235,200,435
141190914,445,418,863
141190915,273,363,636
141190916,456,481,937
141190917,469,457,926
141260101,54,65,119
141260102,59,77,136
141260103,63,74,137
141260104,72,88,160
141260105,20,11,31
141260106,47,43,90
141260107,33,65,98
141260108,76,101,177
141260109,162,182,344
141260201,65,67,132
141260202,12,11,23
141260203,46,51,97
141260204,96,118,214
141260205,26,38,64
141260206,287,420,707
141260207,33,68,101
141260208,202,355,557
141260301,18,29,47
141260302,2,3,5
141260303,172,235,407
141260304,402,524,926
141260305,60,75,135
141260306,50,63,113
141260307,283,413,696
141260308,339,489,828
141260309,246,275,521
141260310,189,181,370
141260311,351,349,700
141260312,359,340,699
141260313,285,461,746
141260314,390,604,994
141260401,130,144,274
141260402,43,48,91
141260403,26,60,86
141260404,134,196,330
141260405,38,82,120
141260406,228,261,489
141260501,11,15,26
141260502,86,217,303
141260503,3,6,9
141260504,132,234,366
141260505,100,175,275
141260506,92,136,228
141260507,100,297,397
141260508,292,503,795
141260509,429,718,1147
141260510,280,459,739
141260511,356,439,795
141260512,493,599,1092
141260513,165,349,514
141260514,269,448,717
141260515,163,213,376
141260516,276,458,734
141260517,239,329,568
141260518,129,283,412
141260601,69,123,192
141260602,28,45,73
141260603,146,206,352
141260604,154,195,349
141260605,174,225,399
141260606,25,57,82
141260607,171,214,385
141260608,246,315,561
141260609,244,267,511
141260610,223,316,539
141260611,66,53,119
141260701,236,222,458
141260702,299,354,653
141260703,265,203,468
141260704,234,414,648
141260705,377,320,697
141260706,305,270,575
141260707,294,291,585
141260708,370,413,783
141260709,298,262,560
141260710,182,263,445
141260711,263,382,645
141260712,340,436,776
141260713,137,127,264
141330101,21,40,61
141330102,118,207,325
141330103,148,284,432
141330104,165,212,377
141330105,293,599,892
141330106,17,45,62
141330107,69,39,108
141330108,273,438,711
141330109,126,212,338
141330110,292,550,842
141330111,343,702,1045
141330112,282,582,864
141330201,245,269,514
141330202,84,122,206
141330203,93,103,196
141330204,311,472,783
141330205,79,159,238
141330206,118,143,261
141330207,133,214,347
141330208,253,289,542
141330209,145,131,276
141330210,100,105,205
141330211,240,261,501
141330212,245,212,457
141330213,486,458,944
141330214,326,350,676
141330215,77,91,168
141330216,237,345,582
141330301,82,173,255
141330302,130,210,340
141330303,68,145,213
141330304,160,254,414
141330305,144,227,371
141330306,112,190,302
141330307,549,538,1087
141330308,198,247,445
141330309,289,340,629
141330401,28,39,67
141330402,39,101,140
141330403,68,75,143
141330404,78,100,178
141330405,151,191,342
141330406,74,82,156
141330407,93,128,221
141330408,186,159,345
141330409,503,548,1051
141330410,190,184,374
141330411,207,264,471
141330501,411,568,979
141330502,250,271,521
141330503,308,320,628
141330504,291,466,757
141330505,301,580,881
141330506,398,566,964
141330507,352,323,675
141330508,404,265,669
141330509,317,250,567
141330510,489,448,937
141330511,409,427,836
141330512,498,854,1352
141330513,298,490,788
141330514,192,190,382
141330515,506,785,1291
141330516,325,442,767
141330517,273,456,729
141330601,431,319,750
141330602,523,561,1084
141330603,384,411,795
141330604,327,373,700
141330605,326,471,797
141330606,232,265,497
141330607,312,664,976
141330608,296,401,697
141330609,360,270,630
141330610,436,292,728
141330611,264,325,589
141330612,218,288,506
141330613,483,597,1080
141330614,438,586,1024
141330615,346,358,704
141330616,342,364,706
141330617,260,318,578
141400101,65,85,150
141400102,64,65,129
141400103,173,173,346
141400104,49,54,103
141400105,31,49,80
141400106,14,39,53
141400107,46,32,78
141400108,57,76,133
141400109,341,377,718
141400110,213,286,499
141400111,300,332,632
141400112,295,344,639
141400113,76,113,189
141400201,58,57,115
141400202,123,144,267
141400203,80,95,175
141400204,108,173,281
141400205,47,61,108
141400206,115,156,271
141400207,33,39,72
141400208,81,113,194
141400209,106,60,166
141400210,34,55,89
141400211,195,264,459
141400212,277,388,665
141400213,128,114,242
141400301,509,683,1192
141400302,529,609,1138
141400303,293,252,545
141400304,293,320,613
141400305,460,462,922
141400306,325,385,710
141400307,388,431,819
141400308,426,529,955
141400309,307,294,601
141400310,340,327,667
141400311,278,305,583
141400312,375,355,730
141400313,186,152,338
141400401,321,224,545
141400402,323,286,609
141400403,253,200,453
141400404,267,214,481
141400405,286,256,542
141400406,350,285,635
141400407,471,444,915
141400408,477,620,1097
141400409,465,591,1056
141400410,331,355,686
141400411,239,288,527
141400412,471,428,899
141400413,553,617,1170
141400501,89,93,182
141400502,116,152,268
141400503,65,29,94
141400504,64,65,129
141400505,107,109,216
141400506,82,94,176
141400507,18,17,35
141400508,352,400,752
141400509,364,411,775
141400510,118,151,269
141400511,396,530,926
141400512,298,332,630
141400513,242,270,512
141400514,391,338,729
141400515,371,388,759
141400516,344,394,738
141400517,265,289,554
141400518,247,245,492
141400519,274,274,548
141400520,488,568,1056
141400601,20,15,35
141400602,34,53,87
141400603,22,28,50
141400604,144,131,275
141400605,92,135,227
141400606,56,77,133
141400607,72,75,147
141400608,73,65,138
141400609,35,58,93
141400610,478,560,1038
141400611,319,299,618
141400612,227,328,555
141400613,154,217,371
141400614,299,345,644
141400615,208,283,491
141400616,517,541,1058
141400617,252,209,461
141400618,233,181,414
141400619,430,447,877
141400701,310,374,684
141400702,450,358,808
141400703,330,269,599
141400704,281,193,474
141400705,510,634,1144
141400706,510,577,1087
141400707,247,203,450
141400708,218,155,373
141400709,320,359,679
141400710,470,680,1150
141400711,441,382,823
141400712,295,190,485
141400713,443,454,897
141400714,397,515,912
141400715,346,415,761
141400716,396,322,718
141400717,143,192,335
141400718,515,366,881
141400719,405,436,841
141400720,368,477,845
141400801,253,301,554
141400802,168,174,342
141400803,229,301,530
141400804,265,358,623
141400805,99,173,272
141400806,51,70,121
141400807,130,169,299
141400808,109,147,256
141400809,368,482,850
141400810,245,609,854
141400811,212,410,622
141400812,476,502,978
141400813,337,352,689
141400814,331,382,713
141400815,335,354,689
141400816,342,224,566
141400817,377,361,738
141400818,388,557,945
141400819,369,434,803
141400820,466,455,921
141400821,239,421,660
141400901,76,145,221
141400902,41,56,97
141400903,95,143,238
141400904,193,251,444
141400905,81,109,190
141400906,138,173,311
141400907,53,61,114
141400908,357,382,739
141400909,393,394,787
141400910,338,446,784
141400911,492,458,950
141400912,274,235,509
141400913,409,271,680
141400914,374,504,878
141400915,486,460,946
141400916,185,330,515
141401001,140,120,260
141401002,109,129,238
141401003,104,152,256
141401004,74,78,152
141401005,61,84,145
141401006,165,213,378
141401007,183,235,418
141401008,225,246,471
141401009,277,302,579
141401010,357,389,746
141401011,368,383,751
141401012,508,436,944
141401013,218,158,376
141401014,304,248,552
141401015,392,332,724
141401016,488,394,882
141401017,400,510,910
141401101,213,170,383
141401102,338,289,627
141401103,516,411,927
141401104,328,221,549
141401105,412,303,715
141401106,277,218,495
141401107,298,192,490
141401108,652,667,1319
141401109,309,404,713
141401110,405,337,742
141401111,311,256,567
141401112,255,221,476
141401113,389,283,672
141401114,352,295,647
141401115,277,187,464
141401116,276,164,440
141401117,270,177,447
141401118,428,280,708
141401119,393,322,715
141401120,496,392,888
141401121,433,430,863
141401201,277,286,563
141401202,215,251,466
141401203,292,493,785
141401204,293,367,660
141401205,461,645,1106
141401206,432,749,1181
141401207,417,334,751
141401208,369,340,709
141401209,346,297,643
141401210,414,591,1005
141401211,470,619,1089
141401212,367,519,886
141401213,380,268,648
141401214,259,254,513
141401215,294,220,514
141401216,322,215,537
141401217,364,186,550
141401218,275,179,454
141401219,267,355,622
141401301,394,240,634
141401302,328,179,507
141401303,302,176,478
141401304,317,320,637
141401305,321,380,701
141401306,305,275,580
141401307,269,230,499
141401308,251,187,438
141401309,311,231,542
141401310,299,260,559
141401311,293,247,540
141401312,286,263,549
141401313,344,345,689
141401314,251,248,499
141401315,447,601,1048
141401316,360,378,738
141401317,442,641,1083
141401318,258,415,673
141401401,572,651,1223
141401402,359,353,712
141401403,346,285,631
141401404,326,262,588
141401405,387,273,660
141401406,257,194,451
141401407,291,193,484
141401408,232,193,425
141401409,241,174,415
141401410,257,172,429
141401411,315,263,578
141401412,449,428,877
141401413,538,518,1056
141401414,489,649,1138
141401415,397,455,852
141401416,404,407,811
141401417,346,294,640
141401418,390,407,797
141401419,442,483,925
141401420,270,265,535
141401421,271,342,613
141401422,265,309,574
141401423,370,388,758
141401501,83,141,224
141401502,84,78,162
141401503,89,110,199
141401504,137,161,298
141401505,140,141,281
141401506,73,65,138
141401507,296,380,676
141401508,217,298,515
141401509,330,289,619
141401510,398,427,825
141401511,375,348,723
141401512,472,381,853
141401513,546,693,1239
141401514,131,187,318
141401515,124,153,277
141401601,52,63,115
141401602,91,80,171
141401603,71,69,140
141401604,15,16,31
141401605,123,140,263
141401606,103,141,244
141401607,272,279,551
141401608,431,553,984
141401609,312,354,666
141401610,452,548,1000
141401611,391,446,837
141401612,305,304,609
141401613,241,246,487
141401614,353,475,828
141401615,263,317,580
141401701,85,92,177
141401702,88,145,233
141401703,44,61,105
141401704,37,37,74
141401705,113,151,264
141401706,58,101,159
141401707,30,31,61
141401708,104,134,238
141401709,138,168,306
141401710,85,115,200
141401711,478,681,1159
141401712,292,266,558
141401713,253,164,417
141401714,488,451,939
141401715,349,527,876
141401716,253,325,578
141401717,350,386,736
141401718,72,166,238
141401719,263,401,664
141401720,229,259,488
141401801,269,297,566
141401802,268,468,736
141401803,281,327,608
141401804,259,381,640
141401805,222,418,640
141401806,313,466,779
141401807,235,285,520
141401808,396,354,750
141401809,345,314,659
141401810,239,209,448
141401811,328,307,635
141401812,284,337,621
141401901,459,561,1020
141401902,285,260,545
141401903,211,154,365
141401904,184,247,431
141401905,179,266,445
141401906,232,306,538
141401907,259,273,532
141401908,259,255,514
141401909,317,460,777
141401910,522,558,1080
141401911,269,318,587
141470101,34,43,77
141470102,203,349,552
141470103,210,303,513
141470104,355,615,970
141470105,460,663,1123
141470106,343,453,796
141470107,414,632,1046
141470108,247,344,591
141470109,511,874,1385
141470110,471,639,1110
141470111,371,530,901
141470112,303,351,654
141470113,240,426,666
141470114,377,552,929
141470201,235,265,500
141470202,621,944,1565
141470203,924,1775,2699
141470204,303,364,667
141470205,408,688,1096
141470206,65,88,153
141470207,334,650,984
141470208,288,513,801
141470209,292,438,730
141470210,495,744,1239
141470211,289,386,675
141470212,215,434,649
141470213,264,466,730
141470301,53,55,108
141470302,151,159,310
141470303,163,188,351
141470304,187,183,370
141470305,92,122,214
141470306,27,32,59
141470307,151,276,427
141470308,384,736,1120
141470309,363,399,762
141470310,374,496,870
141470311,262,300,562
141470312,264,241,505
141470313,222,151,373
141470314,187,174,361
141470401,69,90,159
141470402,50,51,101
141470403,85,106,191
141470404,14,14,28
141470405,175,311,486
141470406,120,284,404
141470407,420,463,883
141470408,456,436,892
141470409,200,281,481
141470410,255,441,696
141470411,291,353,644
141470412,401,670,1071
141470413,182,268,450
141470501,29,44,73
141470502,29,43,72
141470503,52,56,108
141470504,56,74,130
141470505,28,28,56
141470506,15,18,33
141470507,152,154,306
141470508,230,352,582
141470601,168,235,403
141470602,206,156,362
141470603,206,198,404
141470604,142,194,336
141470605,112,139,251
141470606,232,237,469
141470607,151,177,328
141470608,204,234,438
141470609,175,205,380
141470610,181,245,426
141470701,41,41,82
141470702,25,23,48
141470703,9,29,38
141470704,62,73,135
141470705,6,1,7
141470706,47,34,81
141470707,49,47,96
141470708,74,45,119
141470709,71,97,168
141470710,130,149,279
141470711,148,120,268
141470712,88,90,178
141470713,49,85,134
141470714,172,287,459
141470801,425,387,812
141470802,430,603,1033
141470803,432,698,1130
141470804,379,422,801
141470805,551,1009,1560
141470806,571,653,1224
141470807,389,542,931
141470808,399,397,796
141470809,349,292,641
141470810,260,213,473
141470811,311,322,633
141470812,377,644,1021
141470813,356,290,646
141470814,351,300,651
141470815,289,314,603
141470816,253,199,452
141470817,146,117,263
141470901,378,648,1026
141470902,474,891,1365
141470903,519,735,1254
141470904,248,391,639
141470905,260,409,669
141470906,453,538,991
141470907,223,232,455
141470908,408,450,858
141470909,245,286,531
141470910,249,330,579
141470911,271,302,573
141470912,461,623,1084
141470913,555,553,1108
141470914,336,303,639
141470915,339,389,728
141470916,302,362,664
141470917,254,332,586
141470918,231,431,662
141470919,307,557,864
141471001,303,289,592
141471002,337,469,806
141471003,324,226,550
141471004,294,297,591
141471005,388,420,808
141471006,268,277,545
141471007,342,312,654
141471008,467,617,1084
141471009,313,399,712
141471010,526,602,1128
141471011,522,820,1342
141471012,410,485,895
141471013,327,590,917
141471014,544,817,1361
141471015,582,919,1501
141540101,32,39,71
141540102,58,61,119
141540103,118,165,283
141540104,131,167,298
141540105,22,31,53
141540106,5,11,16
141540107,52,43,95
141540201,79,65,144
141540202,11,10,21
141540203,31,42,73
141540204,88,120,208
141540205,36,33,69
141540206,34,32,66
141540207,47,39,86
141540208,54,43,97
141540209,219,268,487
141540210,262,379,641
141540211,397,437,834
141540212,118,138,256
141610101,29,46,75
141610102,45,71,116
141610103,48,90,138
141610104,88,126,214
141610105,67,126,193
141610106,36,35,71
141610107,58,33,91
141610108,35,59,94
141610109,56,68,124
141610110,67,87,154
141610111,51,39,90
141610112,250,493,743
141610113,370,429,799
141610114,205,234,439
141610115,203,275,478
141610116,319,364,683
141610117,380,463,843
141610201,53,61,114
141610202,53,55,108
141610203,19,31,50
141610204,31,35,66
141610205,32,15,47
141610206,47,46,93
141610207,226,360,586
141610208,271,363,634
141610209,352,327,679
141610210,279,266,545
141610211,192,381,573
141610212,232,288,520
141610213,257,328,585
141610214,219,368,587
141610215,205,292,497
141610216,245,340,585
141610301,110,125,235
141610302,219,414,633
141610303,52,75,127
141610304,94,199,293
141610305,147,219,366
141610306,276,457,733
141610307,423,486,909
141610308,236,292,528
141610309,233,306,539
141610310,386,458,844
141610311,217,285,502
141610312,169,220,389
141610313,200,260,460
141610401,82,73,155
141610402,49,69,118
141610403,30,38,68
141610404,52,40,92
141610405,95,113,208
141610406,59,87,146
141610407,100,117,217
141610408,24,20,44
141610409,61,86,147
141610410,78,98,176
141610411,123,151,274
141610412,270,403,673
141610413,277,367,644
141610501,36,27,63
141610502,44,27,71
141610503,112,138,250
141610504,28,42,70
141610505,62,54,116
141610506,263,396,659
141610507,421,542,963
141610508,230,285,515
141610509,256,410,666
141610510,260,225,485
141610511,287,345,632
141610512,262,325,587
141610601,211,447,658
141610602,335,527,862
141610603,450,570,1020
141610604,384,453,837
141610605,238,302,540
141610606,417,478,895
141610607,364,461,825
141610608,255,261,516
141610609,251,341,592
141610610,343,357,700
141610611,328,274,602
141610612,322,314,636
141610613,301,468,769
141610614,226,417,643
141610701,364,280,644
141610702,246,247,493
141610703,401,371,772
141610704,222,194,416
141610705,196,217,413
141610706,327,376,703
141610707,292,305,597
141610708,349,415,764
141610709,432,349,781
141610710,336,290,626
141610711,276,236,512
141610712,472,486,958
141610713,412,425,837
141610714,319,410,729
141610715,426,697,1123
141610801,268,357,625
141610802,112,250,362
141610803,221,262,483
141610804,213,226,439
141610805,199,150,349
141610806,199,263,462
141610807,335,393,728
141610808,249,320,569
141610809,228,230,458
141610810,345,347,692
141610811,238,187,425
141610812,256,187,443
141610813,217,229,446
141610814,317,290,607
141610815,238,371,609
141610816,244,263,507
141610817,340,503,843
141610901,221,472,693
141610902,317,621,938
141610903,283,482,765
141610904,266,435,701
141610905,323,365,688
141610906,323,604,927
141610907,368,366,734
141610908,250,351,601
141610909,253,326,579
141610910,243,293,536
141610911,355,349,704
141610912,382,330,712
141610913,382,329,711
141610914,238,253,491
141610915,371,370,741
141610916,240,238,478
141610917,299,249,548
141610918,413,337,750
141610919,316,293,609
141610920,258,264,522
141610921,416,531,947
141610922,321,574,895
141610923,251,330,581
141611001,298,225,523
141611002,305,380,685
141611003,313,271,584
141611004,293,228,521
141611005,304,215,519
141611006,329,343,672
141611007,420,447,867
141611008,307,342,649
141611009,226,271,497
141611010,251,159,410
141611011,255,220,475
141611012,429,381,810
141611013,236,271,507
141611014,250,265,515
141611015,249,230,479
141611016,304,316,620
141611017,429,435,864
141611018,422,448,870
141611019,349,592,941
141611020,287,366,653
141611021,308,430,738
141611101,387,705,1092
141611102,256,410,666
141611103,165,336,501
141611104,324,490,814
141611105,297,324,621
141611106,304,339,643
141611107,281,268,549
141611108,242,223,465
141611109,205,237,442
141611110,224,486,710
141611111,486,626,1112
141611112,398,435,833
141611113,298,331,629
141611114,296,373,669
141611115,234,400,634
141611116,311,669,980
141611117,233,425,658
141680101,70,67,137
141680102,52,72,124
141680103,30,54,84
141680104,12,21,33
141680105,16,35,51
141680106,42,55,97
141680107,46,53,99
141680108,85,143,228
141680109,56,23,79
141680110,116,167,283
141680111,227,415,642
141680112,342,398,740
141680113,157,301,458
141680114,358,630,988
141680201,75,69,144
141680202,128,116,244
141680203,40,42,82
141680204,194,252,446
141680205,218,247,465
141680206,262,239,501
141680207,337,481,818
141680208,405,442,847
141680209,283,422,705
141680210,295,289,584
141680211,322,452,774
141680212,302,484,786
141680213,296,335,631
141680214,271,334,605
141680301,34,29,63
141680302,74,83,157
141680303,133,125,258
141680304,63,67,130
141680305,93,99,192
141680306,43,28,71
141680307,83,64,147
141680308,15,33,48
141680309,76,57,133
141680310,69,72,141
141680311,496,598,1094
141680312,284,449,733
141680313,498,636,1134
141750101,37,59,96
141750102,23,42,65
141750103,48,76,124
141750104,38,29,67
141750105,58,73,131
141750106,38,37,75
141750107,96,83,179
141750108,45,52,97
141750109,67,58,125
141750110,240,397,637
141750111,178,365,543
141750112,101,174,275
141750113,307,310,617
141750114,360,330,690
141750201,142,234,376
141750202,180,216,396
141750203,65,82,147
141750204,90,93,183
141750205,42,56,98
141750206,87,91,178
141750207,46,57,103
141750208,93,99,192
141750209,159,214,373
141750210,77,91,168
141750211,65,96,161
141750212,237,441,678
141750213,284,427,711
141750214,262,429,691
141750215,326,363,689
141750216,233,261,494
141750217,281,333,614
141750218,376,561,937
141750219,0,0,0
141820101,74,85,159
141820102,85,89,174
141820103,62,63,125
141820104,68,72,140
141820105,93,95,188
141820106,122,175,297
141820107,97,98,195
141820108,102,119,221
141820109,65,74,139
141820110,129,144,273
141820111,256,214,470
141820112,289,366,655
141820113,267,400,667
141820114,152,227,379
141820115,232,247,479
141820116,436,469,905
141820117,279,324,603
141820118,347,308,655
141820119,403,314,717
141820120,420,418,838
141820121,311,241,552
141820201,73,123,196
141820202,133,207,340
141820203,130,149,279
141820204,46,50,96
141820205,33,55,88
141820206,290,414,704
141820207,299,429,728
141820208,268,251,519
141820209,358,410,768
141820210,290,412,702
141820211,321,444,765
141820212,186,282,468
141820213,440,482,922
141820214,208,200,408
141820301,89,72,161
141820302,20,35,55
141820303,136,109,245
141820304,68,59,127
141820305,38,55,93
141820306,57,122,179
141820307,438,432,870
141820308,281,376,657
141820309,246,176,422
141820310,434,633,1067
141820401,56,56,112
141820402,143,158,301
141820403,109,123,232
141820404,45,42,87
141820405,51,41,92
141820406,85,78,163
141820407,61,45,106
141820408,104,238,342
141820409,321,301,622
141820410,303,327,630
141820411,388,420,808
141820412,237,362,599
141820413,313,533,846
141820414,268,347,615
141820415,385,440,825
141820501,39,40,79
141820502,28,43,71
141820503,11,8,19
141820504,20,38,58
141820505,94,98,192
141820506,27,29,56
141820507,17,29,46
141820508,42,37,79
141820509,262,304,566
141820510,222,208,430
141820511,398,436,834
141820512,301,378,679
141820513,272,376,648
141820514,228,292,520
141820515,326,303,629
141820516,239,439,678
141820517,185,243,428
141820518,437,455,892
141820519,177,200,377
141820520,285,250,535
141820521,233,361,594
141820601,30,34,64
141820602,64,47,111
141820603,39,25,64
141820604,36,90,126
141820605,68,28,96
141820606,7,10,17
141820607,385,483,868
141820608,246,260,506
141820609,624,700,1324
141820610,313,359,672
141820611,294,207,501
141820612,402,476,878
141820613,291,280,571
141820614,216,124,340
141820615,411,339,750
141820616,279,334,613
141820617,239,274,513
141820618,180,155,335
141820619,110,203,313
141820701,23,38,61
141820702,83,110,193
141820703,56,69,125
141820704,37,25,62
141820705,54,70,124
141820706,29,58,87
141820707,151,215,366
141820708,67,78,145
141820709,58,62,120
141820710,38,59,97
141820711,206,389,595
141820712,168,178,346
141820713,204,253,457
141820714,255,330,585
141820715,364,463,827
141820716,274,355,629
141820801,276,394,670
141820802,311,413,724
141820803,401,452,853
141820804,320,269,589
141820805,427,435,862
141820806,473,512,985
141820807,307,228,535
141820808,256,165,421
141820809,471,341,812
141820810,448,327,775
141820811,321,201,522
141820812,186,106,292
141820901,404,426,830
141820902,396,676,1072
141820903,384,555,939
141820904,294,323,617
141820905,301,400,701
141820906,330,250,580
141820907,339,290,629
141820908,405,682,1087
141820909,354,576,930
141820910,441,487,928
141820911,374,286,660
141821001,335,216,551
141821002,419,318,737
141821003,278,272,550
141821004,361,523,884
141821005,203,300,503
141821006,246,362,608
141821007,343,345,688
141821008,245,187,432
141821009,330,399,729
141821010,391,560,951
141821101,204,178,382
141821102,317,241,558
141821103,260,155,415
141821104,337,164,501
141821105,250,168,418
141821106,393,357,750
141821107,287,235,522
141821108,357,418,775
141821109,443,778,1221
141821110,458,473,931
141821201,280,354,634
141821202,269,169,438
141821203,353,335,688
141821204,446,554,1000
141821205,308,321,629
141821206,442,574,1016
141821207,381,339,720
141821208,280,281,561
141821209,248,311,559
141821210,259,310,569
141821211,343,450,793
141821301,347,482,829
141821302,407,429,836
141821303,329,254,583
141821304,400,342,742
141821305,300,198,498
141821306,281,371,652
141821307,283,539,822
141821308,94,275,369
141821309,198,213,411
141821310,200,235,435
141821311,263,439,702
141821312,237,475,712
180070101,358,697,1055
180070102,168,363,531
180070103,352,530,882
180070104,294,381,675
180070105,347,487,834
180070106,417,535,952
180070107,316,208,524
180070108,449,349,798
180070109,363,554,917
180070110,316,376,692
180070111,261,430,691
180070112,308,441,749
180070113,492,411,903
180070114,313,461,774
180070115,247,731,978
180070116,280,601,881
180070117,364,472,836
180070118,360,384,744
180070119,260,581,841
180070120,295,425,720
180070121,329,420,749
180070122,298,535,833
180070123,269,495,764
180070124,364,509,873
180070125,446,506,952
180070201,96,155,251
180070202,66,107,173
180070203,96,204,300
180070204,123,180,303
180070205,82,119,201
180070206,83,155,238
180070207,83,158,241
180070208,101,160,261
180070209,57,193,250
180070210,23,47,70
180070211,61,130,191
180070212,72,157,229
180070213,302,607,909
180070214,501,985,1486
180070215,336,653,989
180070216,167,481,648
180070217,133,388,521
180070218,143,409,552
180070301,258,417,675
180070302,45,93,138
180070303,34,99,133
180070304,163,218,381
180070305,154,229,383
180070401,34,54,88
180070501,45,64,109
180070502,12,42,54
180070503,15,5,20
180070504,29,72,101
180070505,35,48,83
180070506,57,92,149
180070601,166,273,439
180070602,144,212,356
180070701,67,148,215
180070702,159,223,382
180070801,4,3,7
180070802,8,21,29
180140101,141,208,349
180140102,198,205,403
180140103,172,291,463
180140201,37,95,132
180140202,15,14,29
180140203,6,8,14
180140301,57,200,257
180140302,21,47,68
180140303,47,103,150
180140401,65,108,173
180140402,12,27,39
180140501,0,0,0
180140502,0,0,0
180210101,624,509,1133
180210102,407,384,791
180210103,555,507,1062
180210104,416,342,758
180210105,378,258,636
180210106,427,349,776
180210107,339,283,622
180210108,294,230,524
180210109,305,332,637
180210110,320,216,536
180210111,304,232,536
180210112,267,180,447
180210113,645,541,1186
180210114,498,472,970
180210115,691,766,1457
180210116,234,305,539
180210117,613,478,1091
180210118,540,405,945
180210201,370,611,981
180210202,303,350,653
180210203,316,490,806
180210204,272,240,512
180210205,347,272,619
180210206,342,323,665
180210207,365,480,845
180210208,355,410,765
180210209,333,294,627
180210210,495,333,828
180210211,344,302,646
180210212,325,261,586
180210213,286,260,546
180210214,396,521,917
180210215,287,331,618
180210216,303,349,652
180210217,438,437,875
180210218,241,172,413
180210301,298,699,997
180210302,336,596,932
180210303,544,904,1448
180210304,648,1282,1930
180210305,489,885,1374
180210306,411,551,962
180210307,278,647,925
180210308,406,663,1069
180210309,419,716,1135
180210310,381,595,976
180210311,359,406,765
180210312,441,539,980
180210313,259,430,689
180210314,438,749,1187
180210315,433,739,1172
180210316,449,627,1076
180210317,666,880,1546
180210318,282,365,647
180210319,289,473,762
180210320,334,531,865
180210321,306,332,638
180210401,533,986,1519
180210402,347,382,729
180210403,745,980,1725
180210404,497,896,1393
180210405,327,566,893
180210406,447,940,1387
180210407,553,958,1511
180210408,289,555,844
180210409,460,704,1164
180210410,426,683,1109
180210411,647,980,1627
180210412,326,412,738
180210413,399,551,950
180210414,534,533,1067
180210415,407,432,839
180210416,265,422,687
180210417,311,582,893
180210418,256,387,643
180210419,86,261,347
180210420,115,252,367
180210421,257,597,854
180210422,338,426,764
180210501,233,336,569
180210502,354,357,711
180210503,403,512,915
180210504,500,422,922
180210505,292,266,558
180210506,416,553,969
180210507,511,606,1117
180210508,287,336,623
180210509,401,512,913
180210510,462,474,936
180210511,461,489,950
180210512,582,667,1249
180210513,520,503,1023
180210514,344,475,819
180210515,314,350,664
180210516,332,292,624
180210601,325,398,723
180210602,345,445,790
180210603,452,532,984
180210604,614,707,1321
180210605,528,619,1147
180210606,787,1147,1934
180210607,442,497,939
180210608,413,484,897
180210609,562,678,1240
180210610,443,499,942
180210611,312,361,673
180210612,538,675,1213
180210613,519,582,1101
180210614,558,712,1270
180210615,465,586,1051
180210616,515,580,1095
180210701,387,855,1242
180210702,333,589,922
180210703,646,1084,1730
180210704,613,548,1161
180210705,507,531,1038
180210706,375,410,785
180210707,604,855,1459
180210708,779,1151,1930
180210709,437,764,1201
180210710,489,870,1359
180210711,445,1065,1510
180210712,611,739,1350
180210713,544,599,1143
180210714,435,541,976
180210715,378,644,1022
180210716,321,478,799
180210801,269,271,540
180210802,413,552,965
180210803,375,408,783
180210804,287,294,581
180210805,316,317,633
180210806,399,394,793
180210807,292,285,577
180210808,281,302,583
180210809,542,700,1242
180210810,517,584,1101
180210811,764,916,1680
180210812,337,396,733
180210813,318,476,794
180210901,345,240,585
180210902,383,272,655
180210903,391,374,765
180210904,289,302,591
180210905,410,511,921
180210906,637,636,1273
180210907,580,708,1288
180210908,545,557,1102
180210909,364,369,733
180210910,317,322,639
180210911,253,272,525
180210912,533,551,1084
180210913,292,290,582
180210914,401,401,802
180210915,376,321,697
180211001,326,596,922
180211002,406,648,1054
180211003,437,601,1038
180211004,434,666,1100
180211005,333,527,860
180211006,665,1033,1698
180211007,425,701,1126
180211101,364,672,1036
180211102,50,67,117
180211103,216,324,540
180211104,133,173,306
180211105,172,336,508
180211106,434,736,1170
180211107,394,738,1132
180211108,318,517,835
180211109,302,673,975
180211110,279,406,685
180211201,31,61,92
180211202,54,89,143
180211203,47,64,111
180211204,182,273,455
180211205,238,376,614
180211206,187,317,504
180211207,103,287,390
180211208,463,720,1183
180211209,578,1046,1624
180211210,278,819,1097
180211211,352,732,1084
180211212,431,705,1136
180211213,119,222,341
180211301,465,730,1195
180211302,211,318,529
180211303,50,118,168
180211304,15,26,41
180211305,178,223,401
180211306,215,441,656
180211307,265,391,656
180211401,1,5,6
180211402,18,14,32
180211501,427,637,1064
180211502,404,332,736
180211503,209,186,395
180211504,221,211,432
180211505,499,313,812
180211506,344,367,711
180211507,347,397,744
180211508,414,426,840
180211509,356,333,689
180211510,296,270,566
180211511,716,631,1347
180211512,406,391,797
180211513,362,422,784
180211514,441,408,849
180211515,342,358,700
180211516,730,832,1562
180211601,186,475,661
180211602,294,412,706
180211603,540,792,1332
180211604,765,974,1739
180211605,303,311,614
180211606,329,320,649
180211607,345,380,725
180211608,430,398,828
180211609,383,485,868
180211610,256,412,668
180211611,393,487,880
180211612,313,467,780
180211613,377,560,937
180211614,428,496,924
180211615,496,689,1185
180211616,442,780,1222
180211701,371,465,836
180211702,554,659,1213
180211703,537,955,1492
180211704,467,577,1044
180211705,387,411,798
180211706,693,726,1419
180211707,353,362,715
180211708,478,501,979
180211709,457,556,1013
180211710,544,492,1036
180211711,516,451,967
180211712,340,351,691
180211713,480,650,1130
180211714,359,392,751
180211715,402,488,890
180211716,383,378,761
180211717,453,470,923
180211718,710,850,1560
180211801,659,903,1562
180211802,489,583,1072
180211803,744,768,1512
180211804,663,1028,1691
180211805,402,526,928
180211806,376,551,927
180211807,615,810,1425
180211808,608,902,1510
180211809,661,1328,1989
180211810,421,473,894
180211811,488,739,1227
180211812,667,1129,1796
180211813,673,822,1495
180211901,397,376,773
180211902,461,459,920
180211903,347,261,608
180211904,235,237,472
180211905,451,673,1124
180211906,350,542,892
180211907,285,580,865
180211908,601,800,1401
180211909,491,433,924
180211910,170,111,281
180211911,419,456,875
180211912,735,733,1468
180211913,262,437,699
180211914,371,455,826
180211915,417,573,990
180211916,297,384,681
180211917,272,343,615
180211918,475,509,984
180212001,611,601,1212
180212002,563,851,1414
180212003,594,823,1417
180212004,455,565,1020
180212005,359,583,942
180212006,567,687,1254
180212007,439,558,997
180212008,358,495,853
180212009,432,561,993
180212010,429,717,1146
180212011,653,830,1483
180212012,497,501,998
180212013,539,640,1179
180212101,524,569,1093
180212102,335,418,753
180212103,589,824,1413
180212104,436,566,1002
180212105,252,226,478
180212106,612,1221,1833
180212107,483,737,1220
180212108,501,862,1363
180212109,374,522,896
180212110,623,780,1403
180212111,604,773,1377
180212112,584,901,1485
180212201,219,313,532
180212202,380,534,914
180212203,478,797,1275
180212204,521,1128,1649
180212205,315,838,1153
180212206,357,758,1115
180212207,486,1184,1670
180212208,300,668,968
180212209,541,822,1363
180212210,526,621,1147
180212211,638,759,1397
180212212,700,1018,1718
180212301,563,1184,1747
180212302,533,873,1406
180212303,565,922,1487
180212304,446,714,1160
180212305,540,1097,1637
180212306,342,677,1019
180212307,503,899,1402
180212308,428,688,1116
180212309,494,859,1353
180212310,522,960,1482
180212311,515,941,1456
180212312,603,909,1512
180212313,531,835,1366
180212314,134,287,421
180280101,392,896,1288
180280102,115,369,484
180280103,324,581,905
180280201,27,50,77
180280202,19,77,96
180280301,478,1316,1794
180280302,16,21,37
180280303,57,209,266
180280304,0,12,12
180280305,13,50,63
180280306,31,124,155
180280307,37,96,133
180280308,111,461,572
180280309,249,969,1218
180280310,282,602,884
180280311,364,761,1125
180280312,509,1347,1856
180280401,259,505,764
180280402,17,49,66
180280403,38,127,165
180280404,7,18,25
180280405,102,370,472
180280406,159,339,498
180280407,120,283,403
180280408,74,160,234
180280409,85,239,324
180280410,44,74,118
180280411,59,151,210
180280412,126,438,564
180280413,145,295,440
180280501,22,33,55
180280502,20,40,60
180280503,23,37,60
180280601,23,47,70
180280602,12,10,22
180280603,9,32,41
180280604,64,182,246
180280605,8,20,28
180280606,19,26,45
180280701,48,95,143
180280702,153,389,542
180280703,10,37,47
180280704,11,37,48
180280705,16,49,65
180280706,19,25,44
180280707,5,19,24
180350101,359,547,906
180350102,174,444,618
180350103,326,740,1066
180350104,403,450,853
180350105,518,294,812
180350106,228,167,395
180350107,256,249,505
180350108,247,191,438
180350109,288,393,681
180350110,202,383,585
180350111,301,700,1001
180350112,216,472,688
180350113,272,347,619
180350114,8,3,11
180350115,206,544,750
180350116,186,452,638
180350201,45,67,112
180350301,62,86,148
180350302,42,65,107
180350303,45,55,100
180350401,42,37,79
180350402,37,41,78
180350501,121,144,265
180350502,96,116,212
180350503,13,32,45
180350601,26,27,53
180350602,24,32,56
180350603,121,239,360
180350701,44,85,129
180350702,34,29,63
180350801,17,44,61
180350802,65,131,196
180350901,14,43,57
180350902,36,48,84
180351001,18,23,41
180351002,10,12,22
180351101,157,286,443
180351102,36,45,81
180351201,28,101,129
180351202,16,29,45
180351203,33,39,72
180351301,64,98,162
180351302,16,30,46
180351303,75,154,229
180351401,101,277,378
180351402,31,95,126
180351501,322,666,988
180351502,216,719,935
180351503,30,55,85
180351504,30,60,90
180351505,41,29,70
180351506,98,241,339
180351507,10,12,22
180351508,19,47,66
180351509,21,61,82
180351510,270,406,676
180351511,194,456,650
180351601,19,40,59
180351602,18,56,74
180351701,14,18,32
180351702,15,18,33
180351801,446,839,1285
180351802,441,746,1187
180351803,239,321,560
180351804,217,388,605
180351805,377,526,903
180351806,235,252,487
180351807,403,501,904
180351808,351,791,1142
180351809,327,642,969
180351810,269,706,975
180351811,164,403,567
180351901,90,270,360
180351902,233,465,698
180351903,356,766,1122
180351904,361,686,1047
180351905,342,583,925
180351906,275,207,482
180351907,272,195,467
180351908,170,219,389
180351909,267,278,545
180351910,268,462,730
180351911,262,165,427
180351912,397,312,709
180351913,290,647,937
180420101,361,439,800
180420102,442,634,1076
180420103,326,358,684
180420104,483,683,1166
180420105,306,439,745
180420106,239,549,788
180420107,439,528,967
180420108,432,469,901
180420109,277,451,728
180420201,12,18,30
180420202,63,134,197
180420203,8,13,21
180420204,38,67,105
180420301,128,229,357
180420302,15,42,57
180420303,21,45,66
180420304,120,286,406
180420305,60,91,151
180420306,74,110,184
180420307,210,293,503
180420308,29,43,72
180420401,38,94,132
180420402,7,30,37
180420403,51,103,154
180420404,23,46,69
180420405,33,54,87
180420501,103,188,291
180420502,85,110,195
180420503,74,142,216
180420504,177,274,451
180420505,35,58,93
180420506,277,297,574
180420507,193,338,531
180420601,1,1,2
180420602,4,38,42
180420603,0,0,0
180490101,293,498,791
180490102,243,547,790
180490103,456,880,1336
180490104,468,812,1280
180490105,264,294,558
180490106,244,230,474
180490107,410,251,661
180490108,330,200,530
180490109,422,507,929
180490110,495,379,874
180490111,293,293,586
180490112,295,308,603
180490113,423,941,1364
180490114,269,458,727
180490115,193,478,671
180490116,486,722,1208
180490117,405,545,950
180490118,205,352,557
180490201,39,80,119
180490202,125,263,388
180490203,68,158,226
180490204,16,50,66
180490205,16,33,49
180490206,10,11,21
180490207,315,410,725
180490301,313,625,938
180490302,4,16,20
180490303,24,45,69
180490304,43,71,114
180490305,76,68,144
180490306,241,389,630
180490307,116,191,307
180490308,295,518,813
180490401,55,169,224
180490402,62,138,200
180490403,40,56,96
180490404,56,55,111
180490405,43,103,146
180490501,91,174,265
180490502,4,42,46
180490503,2,1,3
180490601,23,20,43
180490602,9,16,25
180490603,16,36,52
180490701,668,1444,2112
180490702,109,249,358
180490703,158,319,477
180490704,188,486,674
180490705,13,33,46
180490801,50,92,142
180490802,86,135,221
180490901,0,16,16
180490902,19,114,133
180490903,9,30,39
180490904,26,52,78
180491001,110,292,402
180491002,45,93,138
180491003,11,32,43
180491101,6,20,26
180560101,225,487,712
180560102,252,367,619
180560103,286,678,964
180560104,310,590,900
180560105,219,269,488
180560106,168,230,398
180560107,229,172,401
180560108,152,224,376
180560109,198,220,418
180560110,122,237,359
180560201,67,211,278
180560202,35,63,98
180560301,64,174,238
180560302,16,25,41
180560303,18,17,35
180560401,25,67,92
180560402,14,20,34
180560403,9,16,25
180560404,6,5,11
180560501,13,13,26
180560502,10,9,19
180560503,22,21,43
180560504,6,5,11
180560601,8,10,18
180560602,3,2,5
180560603,3,2,5
180560604,22,29,51
180560605,2,2,4
180630101,640,792,1432
180630102,473,615,1088
180630103,274,433,707
180630104,324,587,911
180630201,294,338,632
180630202,400,612,1012
180630203,26,68,94
180630204,124,305,429
180630205,222,417,639
180630206,235,538,773
180630301,117,286,403
180630302,31,37,68
180630303,53,141,194
180630304,43,62,105
180630401,123,202,325
180630402,47,44,91
180630403,3,23,26
180630404,20,36,56
180630405,2,9,11
180630406,25,88,113
180630407,7,21,28
180630408,3,24,27
180630501,33,88,121
180630502,38,101,139
180630503,59,135,194
180630504,11,32,43
180630601,29,37,66
180630602,37,54,91
180630603,11,5,16
180630701,114,304,418
180630702,34,62,96
180630703,49,136,185
180630704,75,213,288
180630705,83,200,283
180630706,40,94,134
180630801,30,62,92
180630802,62,193,255
180630803,50,108,158
180630804,99,221,320
180630805,74,181,255
180630806,153,275,428
180630901,0,1,1
180700101,350,364,714
180700102,439,272,711
180700103,453,310,763
180700104,311,311,622
180700105,288,376,664
180700106,415,358,773
180700107,417,271,688
180700108,322,324,646
180700109,328,325,653
180700110,338,508,846
180700111,444,573,1017
180700112,299,431,730
180700113,253,459,712
180700114,343,346,689
180700115,368,531,899
180700116,218,425,643
180700117,257,408,665
180700118,69,231,300
180700201,162,306,468
180700202,224,403,627
180700203,175,344,519
180700204,116,157,273
180700205,36,47,83
180700206,38,83,121
180700207,50,40,90
180700208,5,5,10
180700209,81,111,192
180700210,5,6,11
180700301,202,355,557
180700302,93,218,311
180700303,42,54,96
180700401,25,53,78
180700402,40,85,125
180700403,20,41,61
180700404,14,58,72
180700501,62,160,222
180700502,37,80,117
180700503,6,18,24
180700601,22,52,74
180700602,13,15,28
180700603,30,57,87
180700701,19,65,84
180700702,10,9,19
180700703,24,33,57
180700801,77,129,206
180700802,67,129,196
180700803,63,152,215
180700804,95,187,282
180700901,43,106,149
180700902,75,123,198
180701001,14,62,76
180701002,46,117,163
180701003,103,251,354
180701004,63,117,180
180701005,62,350,412
180701101,59,254,313
180701102,39,260,299
180701201,190,359,549
180701202,59,185,244
180701203,52,95,147
180701204,102,181,283
180701301,121,250,371
180701302,50,88,138
180701303,163,408,571
180701304,18,23,41
180701401,109,272,381
180701402,105,211,316
180701403,177,250,427
180701404,73,171,244
180701501,100,123,223
180701502,93,133,226
180701503,101,241,342
180701504,16,13,29
180701505,41,85,126
180701506,453,782,1235
180701507,364,678,1042
180701508,474,926,1400
180701509,457,743,1200
180701601,122,168,290
180701602,63,52,115
180701603,67,88,155
180701604,74,128,202
180701605,103,87,190
180701606,67,114,181
180701607,138,147,285
180701701,87,109,196
180701702,20,27,47
180701703,76,106,182
180701704,16,40,56
180701801,72,128,200
180701802,59,174,233
180701803,94,146,240
180701901,0,9,9
180701902,96,354,450
180701903,0,13,13
180701904,11,24,35
180701905,8,22,30
180701906,0,0,0
180701907,3,3,6
180701908,3,2,5
180701909,7,30,37
180702001,335,425,760
180702002,359,341,700
180702003,289,352,641
180702004,571,537,1108
180702005,443,401,844
180702006,431,419,850
180702007,383,384,767
180702008,474,472,946
180702009,409,325,734
180702010,303,348,651
180702011,332,228,560
180702012,407,264,671
180702013,391,354,745
180702014,287,229,516
180702015,355,179,534
180702016,423,237,660
180702101,223,362,585
180702102,17,43,60
180702103,553,813,1366
180702104,381,743,1124
180702105,394,532,926
180702106,332,363,695
180702107,93,192,285
180702108,139,439,578
180702109,383,614,997
180702110,252,537,789
180702111,304,433,737
180702112,234,680,914
180702113,315,863,1178
180702114,286,418,704
180702115,435,835,1270
180702116,335,644,979
180702117,199,688,887
180702201,403,942,1345
180702202,286,793,1079
180702203,402,474,876
180702204,458,828,1286
180702205,196,481,677
180702206,378,636,1014
180702207,308,313,621
180702208,273,517,790
180702209,284,399,683
180702210,510,918,1428
180702211,26,57,83
180702212,496,678,1174
180702213,455,638,1093
180702214,309,640,949
180702215,278,1075,1353
180702216,249,759,1008
180702217,363,586,949
180702218,424,612,1036
180770101,238,413,651
180770102,265,238,503
180770103,455,526,981
180770104,389,552,941
180770105,295,355,650
180770106,337,412,749
180770201,199,361,560
180770202,100,130,230
180770203,93,101,194
180770204,110,192,302
180770205,95,134,229
180770206,11,20,31
180770207,13,41,54
180770208,173,375,548
180770301,171,309,480
180770302,79,108,187
180770401,19,49,68
180770402,88,137,225
180770501,31,39,70
180770502,38,54,92
180770503,5,8,13
180770601,0,0,0
180770602,0,0,0
180770603,0,0,0
180840101,320,805,1125
180840102,259,471,730
180840103,252,505,757
180840104,218,353,571
180840105,284,396,680
180840106,266,555,821
180840107,360,867,1227
180840108,337,600,937
180840109,315,341,656
180840110,283,390,673
180840111,292,352,644
180840112,394,537,931
180840113,316,383,699
180840114,380,570,950
180840115,421,570,991
180840116,429,629,1058
180840117,116,206,322
180840118,474,1054,1528
180840201,300,746,1046
180840202,29,26,55
180840203,79,138,217
180840204,122,337,459
180840205,178,577,755
180840206,5,15,20
180840301,52,176,228
180840302,17,20,37
180840303,2,8,10
180840304,5,14,19
180840305,3,6,9
180840306,21,35,56
180840401,0,2,2
180840402,8,10,18
180840403,22,45,67
180840404,12,13,25
180840501,40,77,117
180840502,23,57,80
180840503,34,45,79
180840601,14,36,50
180840602,22,3,25
180840603,19,18,37
180840701,38,57,95
180840702,8,24,32
180840703,16,15,31
180840801,3,6,9
180840802,23,27,50
180840901,18,47,65
180840902,28,27,55
180840903,22,60,82
180841001,156,388,544
180841002,182,490,672
180841003,177,386,563
180841004,92,256,348
180841005,39,76,115
180841006,12,20,32
180841007,52,166,218
180841008,18,10,28
180841009,5,13,18
180841101,337,483,820
180841102,100,147,247
180841103,32,57,89
180841104,90,163,253
180841105,130,316,446
180841106,23,30,53
180841107,14,25,39
180841108,39,65,104
180841109,379,733,1112
180841201,244,622,866
180841202,50,44,94
180841203,132,322,454
180841204,21,66,87
180841205,6,1,7
180841206,0,0,0
180841207,0,0,0
180910101,405,664,1069
180910102,302,364,666
180910103,244,249,493
180910104,216,553,769
180910105,264,730,994
180910106,303,691,994
180910107,341,578,919
180910108,319,448,767
180910109,335,389,724
180910110,420,1076,1496
180910201,206,368,574
180910202,116,233,349
180910203,227,577,804
180910204,93,302,395
180910205,18,33,51
180910206,111,312,423
180910207,138,409,547
180910208,180,391,571
180910209,266,577,843
180910210,115,309,424
180910211,129,298,427
180910212,47,157,204
180910301,206,305,511
180910302,118,183,301
180910303,99,280,379
180910304,37,63,100
180910305,100,116,216
180910401,149,298,447
180910402,125,160,285
180910403,84,146,230
180910404,66,174,240
180910405,110,265,375
180910406,53,105,158
180910407,16,49,65
180910501,18,46,64
180910502,25,21,46
180910503,62,188,250
180910504,44,96,140
180910505,9,25,34
180910506,3,31,34
180910601,15,17,32
180910602,7,20,27
180910603,13,18,31
180910701,222,330,552
180910702,51,128,179
180910703,114,247,361
180910704,140,332,472
180910705,44,86,130
180910706,283,611,894
180910801,35,91,126
180910802,145,483,628
180910803,248,577,825
180910804,145,369,514
180910805,57,97,154
180910806,135,216,351
180910901,1,2,3
180910902,1,0,1
180910903,0,0,0
180980101,333,484,817
180980102,347,500,847
180980103,347,809,1156
180980104,295,298,593
180980105,231,280,511
180980106,293,457,750
180980107,233,439,672
180980201,96,208,304
180980202,71,126,197
180980203,157,427,584
180980301,53,161,214
180980302,132,262,394
180980303,33,104,137
180980304,59,145,204
180980401,2,7,9
180980402,24,39,63
180980403,32,130,162
180980501,30,18,48
180980502,9,47,56
180980503,8,21,29
181050101,228,640,868
181050102,300,588,888
181050103,246,784,1030
181050104,380,550,930
181050105,175,465,640
181050106,373,794,1167
181050107,439,1021,1460
181050108,109,281,390
181050109,375,479,854
181050110,408,370,778
181050111,230,194,424
181050112,319,528,847
181050113,388,868,1256
181050114,413,847,1260
181050115,289,218,507
181050201,16,29,45
181050202,67,142,209
181050203,36,78,114
181050204,349,685,1034
181050301,17,28,45
181050302,54,62,116
181050401,23,38,61
181050402,13,9,22
181050501,21,10,31
181050502,11,30,41
181050503,10,22,32
181050601,22,46,68
181050602,27,25,52
181050603,10,19,29
181050701,9,10,19
181050702,7,7,14
181050801,30,62,92
181050802,17,52,69
181050803,56,42,98
181050804,9,23,32
181050805,229,462,691
181050806,6,10,16
181050901,262,476,738
181050902,10,22,32
181050903,25,36,61
181050904,235,585,820
181051001,3,1,4
181051002,3,0,3
181051003,59,195,254
181051101,408,821,1229
181051102,17,17,34
181051103,23,29,52
181051104,9,12,21
181051201,60,60,120
181051202,48,88,136
181051203,30,37,67
181051204,81,152,233
181051301,90,174,264
181051302,21,42,63
181051303,7,5,12
181051304,39,66,105
181051305,25,42,67
181051306,2,3,5
181051401,6,7,13
181051402,4,10,14
181051403,5,8,13
181051404,7,2,9
181051501,7,18,25
181051502,1,0,1
181051503,5,6,11
181051601,88,180,268
181051602,25,42,67
181051603,14,41,55
181051604,17,15,32
181051605,33,41,74
181051701,6,15,21
181051702,11,13,24
181051801,25,71,96
181051802,4,9,13
181051901,9,29,38
181051902,15,21,36
181052001,14,12,26
181052002,21,17,38
181052003,8,22,30
181052101,293,340,633
181052102,542,845,1387
181052103,248,687,935
181052104,246,488,734
181052105,413,316,729
181052106,459,387,846
181052107,447,828,1275
181052108,443,409,852
181052109,244,396,640
181052110,212,413,625
181052111,283,721,1004
181052112,519,920,1439
181052113,388,815,1203
181052114,321,556,877
181120101,358,600,958
181120102,154,151,305
181120103,85,92,177
181120104,468,502,970
181120105,314,321,635
181120106,458,698,1156
181120107,341,561,902
181120108,374,726,1100
181120109,290,325,615
181120110,223,292,515
181120111,263,186,449
181120112,230,407,637
181120113,240,164,404
181120114,526,525,1051
181120201,42,39,81
181120202,80,119,199
181120203,81,90,171
181120204,42,50,92
181120205,44,43,87
181120206,58,58,116
181120207,33,38,71
181120208,16,32,48
181120209,34,38,72
181120210,55,104,159
181120211,3,8,11
181120212,122,312,434
181120301,23,23,46
181120302,11,15,26
181120303,17,36,53
181120304,7,4,11
181120401,49,82,131
181120402,26,18,44
181120403,57,121,178
181120404,188,331,519
181120405,73,35,108
181120406,8,21,29
181120407,45,42,87
181120408,9,8,17
181120409,21,27,48
181120410,34,40,74
181120411,10,6,16
181120501,4,5,9
181120502,39,33,72
181120503,29,26,55
181120504,2,7,9
181120601,25,40,65
181120602,60,86,146
181120603,7,10,17
181120604,18,20,38
181120701,342,669,1011
181120702,111,186,297
181120703,21,28,49
181120704,69,62,131
181120705,53,22,75
181120706,15,21,36
181120707,16,13,29
181120708,9,21,30
181120709,0,0,0
181120710,53,58,111
181120801,59,91,150
181120802,57,100,157
181120803,95,121,216
181120804,85,127,212
181120805,27,29,56
181120806,372,447,819
181120807,358,394,752
181120808,458,941,1399
181120809,227,582,809
181120810,428,905,1333
181120901,268,356,624
181120902,302,432,734
181120903,300,278,578
181120904,273,168,441
181120905,329,244,573
181120906,283,171,454
181120907,466,380,846
181120908,436,520,956
181120909,328,363,691
181120910,344,454,798
181120911,363,458,821
181120912,276,311,587
181120913,488,1092,1580
181120914,229,547,776
181190101,270,495,765
181190102,334,535,869
181190103,429,632,1061
181190104,687,883,1570
181190105,463,478,941
181190106,218,262,480
181190107,298,393,691
181190108,354,473,827
181190109,486,906,1392
181190110,346,561,907
181190111,244,524,768
181190112,107,110,217
181190113,137,329,466
181190114,251,448,699
181190115,465,860,1325
181190116,391,544,935
181190117,180,530,710
181190201,10,11,21
181190202,20,16,36
181190301,104,173,277
181190302,93,131,224
181190303,4,21,25
181190401,267,567,834
181190402,10,29,39
181190403,31,36,67
181190404,19,46,65
181190501,31,44,75
181190502,30,28,58
181190601,204,419,623
181190602,12,21,33
181190701,17,12,29
181190702,36,70,106
181190703,7,12,19
181190801,6,9,15
181190802,25,34,59
181190901,117,311,428
181190902,3,9,12
181190903,11,14,25
181190904,2,1,3
181190905,25,25,50
181191001,45,63,108
181191002,28,53,81
181191003,21,39,60
181191101,4,11,15
181191102,7,11,18
181191103,12,22,34
181191201,18,34,52
181191202,15,4,19
181191203,9,23,32
181191301,5,0,5
181191401,157,250,407
181191402,250,506,756
181191403,381,966,1347
181191404,172,324,496
181191405,515,858,1373
181191406,288,457,745
181191407,368,673,1041
181191501,353,519,872
181191502,223,331,554
181191503,464,587,1051
181191504,356,512,868
181191505,494,439,933
181191506,227,243,470
181191507,297,479,776
181191508,253,654,907
181191509,195,525,720
181191510,293,380,673
181191511,446,343,789
181191512,296,242,538
181191513,326,297,623
181191514,104,104,208
181191515,370,624,994
181191516,250,206,456
181191517,178,133,311
181191518,295,176,471
181191519,460,670,1130
181191520,578,531,1109
181191521,329,511,840
181191522,254,529,783
181191523,302,289,591
181260101,363,670,1033
181260102,401,596,997
181260103,368,421,789
181260104,479,650,1129
181260105,457,826,1283
181260106,532,718,1250
181260107,592,729,1321
181260108,440,854,1294
181260109,287,556,843
181260201,63,85,148
181260202,335,747,1082
181260203,4,13,17
181260301,155,329,484
181260302,31,58,89
181260401,36,84,120
181260402,30,84,114
181260501,285,710,995
181260502,94,211,305
181260601,103,308,411
181260602,16,43,59
181260603,4,17,21
181260701,399,859,1258
181260702,64,184,248
181260703,128,277,405
181260801,56,106,162
181260802,33,50,83
181260901,330,595,925
181260902,447,774,1221
181260903,76,236,312
181260904,65,107,172
181330101,324,399,723
181330102,195,207,402
181330103,186,220,406
181330104,39,78,117
181330201,73,67,140
181330202,103,106,209
181330203,49,138,187
181330204,164,214,378
181330205,81,119,200
181330206,249,239,488
181330207,236,265,501
181330208,280,340,620
181330209,142,131,273
181330210,132,155,287
181330211,67,30,97
181330212,132,209,341
181330213,122,181,303
181330214,409,928,1337
181330215,57,124,181
181330216,19,43,62
181330301,332,583,915
181330302,208,261,469
181330303,28,42,70
181330304,23,35,58
181330305,1,3,4
181330401,219,332,551
181330402,35,53,88
181330403,78,174,252
181330501,396,509,905
181330502,352,456,808
181330503,93,133,226
181330504,88,104,192
181330505,63,118,181
181330506,97,134,231
181330507,116,97,213
181330601,1,1,2
181330602,0,0,0
181330603,1,0,1
181400101,284,605,889
181400102,312,405,717
181400103,361,500,861
181400104,389,416,805
181400105,421,558,979
181400106,526,739,1265
181400107,394,531,925
181400108,373,432,805
181400109,369,567,936
181400110,449,593,1042
181400201,50,204,254
181400202,63,216,279
181400203,456,1006,1462
181400204,53,86,139
181400205,7,13,20
181400206,244,416,660
181400301,22,60,82
181400302,25,90,115
181400303,13,30,43
181400401,10,23,33
181400402,19,50,69
181400403,8,47,55
181400404,15,52,67
181400405,30,136,166
181400501,5,58,63
181400502,7,37,44
181400503,8,29,37
181400504,15,29,44
181400601,48,146,194
181400602,49,196,245
181400603,2,4,6
181400604,6,13,19
181400701,39,74,113
181400702,24,33,57
181400703,85,136,221
181400704,20,25,45
181400801,9,10,19
181400802,40,46,86
181400803,65,157,222
181400804,10,56,66
181400805,49,76,125
181400806,15,39,54
181400807,9,3,12
181400808,0,2,2
181400809,5,33,38
181400901,3,11,14
181400902,42,51,93
181400903,45,77,122
181470101,258,580,838
181470102,278,567,845
181470103,258,534,792
181470104,299,330,629
181470105,393,417,810
181470106,311,750,1061
181470107,208,456,664
181470201,57,114,171
181470202,59,124,183
181470203,29,65,94
181470204,29,42,71
181470205,210,362,572
181470206,255,510,765
181470207,229,351,580
181470301,14,26,40
181470302,8,23,31
181470303,11,21,32
181470304,19,31,50
181470401,14,41,55
181470402,12,22,34
181470403,21,29,50
181470501,9,14,23
181470502,17,70,87
181470503,3,7,10
181470601,1,3,4
181470602,12,21,33
181470603,6,19,25
181470604,1,10,11
181470701,13,26,39
181470702,3,4,7
181470703,8,1,9
181470801,159,361,520
181470802,150,351,501
181470803,23,30,53
181470804,14,23,37
181470901,6,15,21
181470902,28,47,75
181470903,22,50,72
181471001,15,22,37
181471002,5,8,13
181471003,17,12,29
181471004,3,4,7
181471101,6,4,10
181471102,14,11,25
181471103,0,1,1
181471201,124,245,369
181471202,12,44,56
181471203,16,13,29
181471204,114,261,375
181540101,443,1042,1485
181540102,461,822,1283
181540103,243,609,852
181540201,43,152,195
181540202,239,890,1129
181540203,164,654,818
181540204,6,12,18
181540301,24,26,50
181540302,1,6,7
181540401,59,168,227
181540402,43,161,204
181540501,5,8,13
181540502,4,7,11
181540601,26,44,70
181540602,5,14,19
181540603,6,49,55
181540701,254,443,697
181540702,85,289,374
181540703,120,342,462
181540704,278,495,773
181540801,8,15,23
181540802,23,16,39
181540901,0,0,0
181610101,252,420,672
181610102,189,606,795
181610103,265,401,666
181610104,320,404,724
181610105,321,593,914
181610106,456,705,1161
181610107,194,417,611
181610108,202,412,614
181610201,94,230,324
181610202,113,302,415
181610203,78,185,263
181610204,67,147,214
181610205,25,60,85
181610206,107,244,351
181610301,71,274,345
181610302,0,4,4
181610303,30,88,118
181610304,3,11,14
181610401,152,315,467
181610402,94,178,272
181610403,7,22,29
181610404,51,160,211
181610405,223,531,754
181610501,46,38,84
181610502,19,33,52
181610503,22,72,94
181610504,289,630,919
181610505,286,794,1080
181610601,267,629,896
181610602,54,197,251
181610603,98,212,310
181610604,11,20,31
181610605,131,305,436
181610606,70,129,199
181610607,256,611,867
181680101,56,92,148
181680102,296,498,794
181680103,303,426,729
181680104,280,522,802
181680105,244,344,588
181680106,327,612,939
181680107,299,718,1017
181680108,331,604,935
181680109,377,615,992
181680110,370,478,848
181680201,99,204,303
181680202,57,134,191
181680301,29,60,89
181680302,34,31,65
181680303,6,28,34
181680401,10,35,45
181680402,15,17,32
181680403,11,28,39
181680501,39,105,144
181680502,5,20,25
181680601,3,18,21
181680602,9,15,24
181680603,57,111,168
181680604,10,14,24
181680701,290,631,921
181680702,445,989,1434
181680703,468,879,1347
181680704,275,470,745
181680705,581,1444,2025
181680706,393,900,1293
181680707,216,475,691
181680708,0,1,1
181680709,0,0,0
181680710,11,12,23
181680711,142,396,538
181680712,450,903,1353
181680713,422,511,933
181680714,264,304,568
181680715,317,488,805
181680716,325,506,831
181680717,335,459,794
181680718,511,839,1350
181680719,491,655,1146
181680720,332,698,1030
181680721,269,482,751
181680722,468,945,1413
181680723,285,372,657
181680724,294,375,669
181680725,590,1050,1640
181680726,4,8,12
181680727,246,568,814
181680801,44,92,136
181680802,11,23,34
181680803,1,3,4
181680804,12,29,41
181680901,13,2,15
181680902,1,5,6
181680903,5,13,18
181680904,8,4,12
181681001,2,4,6
181681002,53,123,176
181681003,30,43,73
181681101,2,4,6
181681102,4,5,9
181681103,87,161,248
181681201,101,177,278
181681202,6,7,13
181681203,19,22,41
181681204,10,17,27
181681301,18,16,34
181681302,37,56,93
181681303,137,350,487
181681304,8,10,18
181681305,84,139,223
181681306,140,389,529
181681307,584,1233,1817
181681401,236,430,666
181681402,72,104,176
181681403,25,34,59
181681404,105,83,188
181681501,77,120,197
181681502,8,2,10
181681601,182,349,531
181681602,93,74,167
181681603,44,31,75
181681604,10,8,18
181681701,395,731,1126
181681702,335,360,695
181681703,416,411,827
181681704,326,409,735
181681705,214,322,536
181681706,193,302,495
181681707,355,549,904
181681708,431,731,1162
181681709,329,607,936
181681710,322,829,1151
181681711,191,444,635
181681712,467,716,1183
181681713,364,423,787
181681714,309,559,868
181750101,163,518,681
181750102,191,394,585
181750103,322,295,617
181750104,264,638,902
181750105,273,759,1032
181750106,303,544,847
181750107,345,587,932
181750108,69,174,243
181750201,13,19,32
181750202,13,34,47
181750203,16,14,30
181750204,24,52,76
181750301,12,31,43
181750302,18,35,53
181750303,33,68,101
181750401,32,58,90
181750402,27,113,140
181750403,63,134,197
181750501,68,201,269
181750502,5,15,20
181750503,31,38,69
181750601,36,129,165
181750602,28,79,107
181750603,4,11,15
181750604,4,8,12
181750605,6,38,44
181750701,2,11,13
181750702,2,19,21
181750801,1,22,23
181750802,6,11,17
220070101,445,856,1301
220070102,504,1074,1578
220070103,320,644,964
220070104,225,454,679
220070201,52,171,223
220070202,26,57,83
220070203,36,72,108
220070204,105,204,309
220070205,52,68,120
220070206,63,138,201
220070207,84,196,280
220070208,344,1063,1407
220070209,117,374,491
220070301,25,68,93
220070302,57,91,148
220070303,38,43,81
220070304,56,207,263
220070401,39,73,112
220070402,10,45,55
220070403,21,15,36
220070404,25,43,68
220070501,58,222,280
220070502,168,507,675
220070503,202,338,540
220070504,67,90,157
220070505,53,102,155
220070506,171,718,889
220070507,200,411,611
220070508,250,917,1167
220070509,236,797,1033
220070601,110,160,270
220070602,102,163,265
220070603,127,286,413
220070604,62,99,161
220070701,176,636,812
220070702,272,706,978
220070703,130,277,407
220070704,272,307,579
220070705,451,780,1231
220070706,281,559,840
220070707,208,578,786
220070708,387,931,1318
220070801,88,134,222
220070802,69,120,189
220070803,57,143,200
220070804,35,100,135
220070805,33,24,57
220070806,16,48,64
220070807,201,603,804
220070901,317,549,866
220070902,186,552,738
220070903,87,179,266
220070904,231,426,657
220070905,282,753,1035
220140101,6,15,21
220140102,70,165,235
220140103,177,367,544
220140201,3,10,13
220140202,21,23,44
220140203,27,24,51
220140301,5,13,18
220140302,9,4,13
220140303,5,14,19
220140304,4,4,8
220140305,35,42,77
220140306,24,36,60
220140307,308,475,783
220140308,256,460,716
220140401,327,533,860
220140402,187,459,646
220140403,76,130,206
220140404,72,123,195
220140405,368,702,1070
220140406,91,197,288
220140407,69,156,225
220140408,331,439,770
220140409,145,409,554
220140410,351,558,909
220140411,261,350,611
220140412,318,755,1073
220140501,363,504,867
220140502,479,647,1126
220140503,374,464,838
220140504,330,598,928
220140505,149,381,530
220140601,436,537,973
220140602,286,301,587
220140603,342,346,688
220140604,450,832,1282
220140605,176,271,447
220140701,30,45,75
220140702,130,225,355
220140703,49,69,118
220140704,266,533,799
220140705,230,455,685
220140801,77,151,228
220140802,74,128,202
220140803,80,199,279
220140804,20,46,66
220140805,83,211,294
220140901,11,21,32
220140902,16,55,71
220210101,36,63,99
220210102,55,81,136
220210201,63,59,122
220210202,17,76,93
220210301,13,40,53
220210302,69,108,177
220210303,50,56,106
220210401,64,162,226
220210402,12,7,19
220210403,189,356,545
220210501,56,82,138
220210502,125,235,360
220210503,171,327,498
220210504,251,343,594
220210505,239,602,841
220210506,225,489,714
220210507,346,705,1051
220210508,372,743,1115
220210601,192,365,557
220210602,47,107,154
220210603,80,179,259
220210604,107,272,379
220210605,244,645,889
220210606,167,323,490
220210607,223,560,783
220210608,305,687,992
220210701,288,785,1073
220210702,272,283,555
220210703,195,228,423
220210704,670,1251,1921
220210705,317,357,674
220210706,236,273,509
220210707,275,295,570
220210708,451,468,919
220210709,399,571,970
220210710,407,441,848
220210711,251,292,543
220210712,212,171,383
220210713,502,551,1053
220210714,306,357,663
220210715,328,302,630
220210716,245,181,426
220210717,207,154,361
220210718,269,396,665
220210719,490,777,1267
220210720,257,272,529
220210721,267,531,798
220210722,153,231,384
220210723,212,311,523
220210801,424,765,1189
220210802,247,709,956
220210803,277,736,1013
220210804,386,469,855
220210805,200,164,364
220210806,309,555,864
220210807,316,301,617
220210808,400,609,1009
220210809,318,498,816
220210810,249,289,538
220210811,249,594,843
220210812,226,499,725
220210813,246,562,808
220210814,273,770,1043
220210815,170,612,782
220210816,204,441,645
220210901,25,30,55
220210902,45,80,125
220210903,72,68,140
220211001,41,91,132
220211002,45,92,137
220211003,31,63,94
220211101,51,107,158
220211102,21,29,50
220211103,46,66,112
220211201,46,52,98
220211202,99,122,221
220211301,43,80,123
220211302,53,95,148
220211401,45,47,92
220211402,55,44,99
220211501,289,207,496
220211502,258,220,478
220211503,223,182,405
220211504,393,458,851
220211505,341,465,806
220211506,734,1691,2425
220211507,279,380,659
220211508,426,769,1195
220211509,348,514,862
220211510,409,531,940
220211511,543,707,1250
220211512,265,547,812
220211513,152,137,289
220211601,367,629,996
220211602,333,476,809
220211603,230,201,431
220211604,274,326,600
220211605,318,861,1179
220211606,173,323,496
220211607,239,366,605
220211608,291,406,697
220211609,252,389,641
220211610,317,621,938
220211611,412,664,1076
220211612,239,372,611
220211613,328,385,713
220211614,280,533,813
220211615,263,497,760
220211616,202,397,599
220211617,233,463,696
220211618,289,760,1049
220211701,286,273,559
220211702,211,175,386
220211703,267,384,651
220211704,193,169,362
220211705,211,331,542
220211706,364,383,747
220211707,378,533,911
220211708,264,416,680
220211709,433,644,1077
220211710,406,519,925
220211711,246,390,636
220211712,356,664,1020
220211713,300,552,852
220211714,325,851,1176
220211715,189,314,503
220211716,307,473,780
220211717,236,457,693
220211718,265,547,812
220280101,226,643,869
220280102,461,919,1380
220280103,350,393,743
220280104,417,464,881
220280105,466,613,1079
220280106,319,652,971
220280107,399,352,751
220280108,267,349,616
220280109,257,608,865
220280110,354,618,972
220280111,245,199,444
220280112,306,388,694
220280113,430,681,1111
220280114,425,518,943
220280115,372,667,1039
220280116,398,845,1243
220280117,415,701,1116
220280118,286,700,986
220280201,189,380,569
220280202,79,132,211
220280203,159,379,538
220280301,155,427,582
220280302,127,279,406
220280303,41,88,129
220280304,74,113,187
220280305,72,121,193
220280306,223,474,697
220280307,327,473,800
220280308,241,488,729
220280309,374,822,1196
220280310,179,883,1062
220280311,275,922,1197
220280401,50,64,114
220280402,33,59,92
220280403,47,58,105
220280501,63,275,338
220280502,14,33,47
220280503,26,94,120
220360101,133,682,815
220360102,263,658,921
220360103,130,177,307
220360104,233,310,543
220360105,402,549,951
220360106,425,707,1132
220360107,260,326,586
220360108,310,491,801
220360109,158,380,538
220360110,204,779,983
220360111,179,528,707
220360112,258,600,858
220360113,209,792,1001
220360114,167,586,753
220360201,41,130,171
220360202,57,231,288
220360203,67,141,208
220360204,18,50,68
220360301,1,2,3
220360302,132,396,528
220360303,40,79,119
220360304,100,393,493
220360305,75,119,194
220360401,32,38,70
220360402,15,46,61
220360403,85,207,292
220360404,25,52,77
220360405,115,260,375
220360406,24,51,75
220360501,19,19,38
220360502,35,50,85
220360601,36,59,95
220360602,21,31,52
220360603,106,283,389
220360604,27,40,67
220360701,33,54,87
220360702,20,29,49
220360801,8,11,19
220360802,5,0,5
220360803,4,9,13
220360804,7,7,14
220360805,4,3,7
220360901,427,912,1339
220360902,95,420,515
220360903,4,4,8
220360904,25,60,85
220360905,19,24,43
220360906,160,427,587
220360907,269,773,1042
220390101,95,277,372
220390102,43,100,143
220390103,8,24,32
220390104,10,15,25
220390105,96,286,382
220390106,288,617,905
220390107,237,328,565
220390108,193,501,694
220390109,306,624,930
220390110,237,348,585
220390111,205,416,621
220390201,44,64,108
220390202,38,60,98
220390203,45,54,99
220390204,43,102,145
220390301,19,43,62
220390302,3,8,11
220390303,49,74,123
220390304,40,62,102
220390305,110,143,253
220430101,297,397,694
220430102,222,300,522
220430103,293,723,1016
220430104,254,532,786
220430105,261,443,704
220430106,299,433,732
220430201,131,338,469
220430202,82,151,233
220430203,79,245,324
220430204,41,91,132
220430205,346,849,1195
220430301,4,31,35
220430302,77,313,390
220430303,131,332,463
220430304,151,335,486
220430305,223,569,792
220430401,20,26,46
220430402,83,147,230
220430403,45,58,103
220430501,27,48,75
220430502,58,106,164
220430503,22,23,45
220490101,265,457,722
220490102,234,626,860
220490103,242,652,894
220490104,271,497,768
220490201,25,35,60
220490202,19,38,57
220490203,3,3,6
220490301,36,103,139
220490302,65,82,147
220490303,53,65,118
220490304,331,1217,1548
220490305,16,58,74
220490306,16,50,66
220490307,122,490,612
220490308,101,263,364
220490309,266,673,939
220490310,99,462,561
220490311,330,1047,1377
220490401,31,51,82
220490402,8,24,32
220490403,47,77,124
220560101,457,729,1186
220560102,535,920,1455
220560201,328,709,1037
220560202,21,43,64
220560203,37,78,115
220560204,1,10,11
220560301,56,98,154
220560302,60,122,182
220560303,65,216,281
220560304,62,129,191
220560305,290,464,754
220560306,312,504,816
220560307,24,26,50
220560308,10,24,34
220560309,239,542,781
220560310,376,488,864
220560311,373,697,1070
220560312,113,202,315
220560313,453,766,1219
220560314,365,584,949
220560401,17,21,38
220560402,12,22,34
220630101,250,548,798
220630102,327,471,798
220630103,207,350,557
220630104,319,355,674
220630105,294,376,670
220630106,247,468,715
220630107,364,458,822
220630108,296,533,829
220630109,269,346,615
220630202,245,808,1053
220630203,337,585,922
220630204,87,383,470
220630205,23,39,62
220630206,95,166,261
220630207,51,150,201
220630208,182,648,830
220630209,52,247,299
220630210,158,558,716
220630211,55,240,295
220630212,167,418,585
220630213,65,187,252
220630214,266,914,1180
220630215,247,603,850
220630216,77,152,229
220630301,211,459,670
220630302,236,357,593
220630303,87,230,317
220630304,159,495,654
220630305,146,577,723
220630306,160,601,761
220630307,102,263,365
220630308,95,281,376
220630309,373,909,1282
220630310,319,961,1280
220630311,353,846,1199
220630401,265,874,1139
220630402,19,93,112
220630403,79,120,199
220630404,319,788,1107
220630501,52,162,214
220630502,53,145,198
220630503,109,469,578
220630504,106,243,349
220630505,173,517,690
220630506,169,429,598
220630507,125,428,553
220630508,414,1045,1459
220630509,365,881,1246
220630601,8,48,56
220630602,148,643,791
220630603,175,496,671
220630604,3,4,7
220630605,206,733,939
220630701,93,334,427
220630702,202,1254,1456
220630703,152,253,405
220630704,8,17,25
220630705,450,927,1377
220630801,396,1007,1403
220630814,250,418,668
220630816,291,818,1109
220630817,294,744,1038
220630818,159,315,474
220630824,107,462,569
220630825,170,337,507
220630826,153,219,372
220630827,145,322,467
220630915,239,778,1017
220630919,235,948,1183
220630920,253,890,1143
220630921,272,950,1222
220630922,144,354,498
220630923,166,576,742
220630928,126,416,542
220630929,114,452,566
220630930,92,470,562
220630931,246,631,877
220630932,167,520,687
220700101,276,579,855
220700102,232,504,736
220700103,280,933,1213
220700104,335,788,1123
220700105,224,576,800
220700201,28,106,134
220700202,316,841,1157
220700203,19,53,72
220700204,35,35,70
220700205,152,326,478
220700206,272,1097,1369
220700301,219,807,1026
220700302,59,154,213
220700303,53,117,170
220700304,57,101,158
220700305,43,149,192
220700306,92,149,241
220700307,308,867,1175
220700308,223,547,770
220700309,234,432,666
220700310,87,370,457
220700311,157,518,675
220700401,243,788,1031
220700402,56,130,186
220700403,74,146,220
220700404,45,40,85
220700405,68,144,212
220700406,333,743,1076
220700501,98,121,219
220700502,35,59,94
220700503,8,34,42
220700504,13,19,32
220700601,60,137,197
220700602,48,74,122
220700603,84,144,228
220770101,411,530,941
220770102,213,312,525
220770103,476,874,1350
220770104,303,541,844
220770105,359,448,807
220770106,255,470,725
220770107,412,642,1054
220770201,87,114,201
220770202,267,411,678
220770203,56,88,144
220770204,21,56,77
220770205,23,61,84
220770206,104,253,357
220770207,29,68,97
220770208,96,131,227
220770301,88,116,204
220770302,373,577,950
220770303,144,403,547
220770304,110,204,314
220770305,22,73,95
220770306,9,19,28
220770307,24,50,74
220770308,15,9,24
220770401,7,13,20
220770402,11,22,33
220770403,11,25,36
220840101,530,875,1405
220840102,206,549,755
220840103,311,560,871
220840104,325,445,770
220840105,200,945,1145
220840201,13,30,43
220840202,85,267,352
220840203,207,703,910
220840204,130,339,469
220840205,271,1512,1783
220840206,156,307,463
220840207,75,171,246
220840208,242,476,718
220840209,283,863,1146
220840301,21,15,36
220840302,19,61,80
220840303,70,290,360
220840401,72,202,274
220840402,77,207,284
220840403,51,65,116
220840404,31,74,105
220840501,252,511,763
220840502,185,745,930
220840503,225,618,843
220840504,210,663,873
220840601,353,656,1009
220840602,25,60,85
220840603,61,108,169
220840604,84,202,286
220840605,198,449,647
220840606,15,34,49
220840607,4,3,7
220840701,103,279,382
220840702,10,14,24
220840703,15,38,53
220840704,13,30,43
220840705,19,39,58
220840706,30,95,125
220840707,50,151,201
220840801,108,313,421
220840802,52,171,223
220840803,78,234,312
220840804,183,563,746
220840805,92,344,436
220840901,16,23,39
220840902,16,12,28
220840903,60,129,189
220840904,50,74,124
220841001,70,171,241
220841002,281,580,861
220841003,7,19,26
220841004,141,286,427
220841005,354,597,951
220841006,151,351,502
220841101,332,900,1232
220841102,242,223,465
220841103,139,245,384
220841104,285,579,864
220841105,276,655,931
220841106,240,552,792
220841107,314,302,616
220841108,280,458,738
220841109,154,312,466
220841110,441,780,1221
220841111,213,697,910
220841112,258,568,826
220841201,435,874,1309
220841202,359,593,952
220841203,223,469,692
220841204,240,610,850
220841205,323,269,592
220841206,270,278,548
220841207,335,505,840
220841208,154,408,562
220841209,221,438,659
220841210,162,763,925
220841211,269,894,1163
220841212,184,663,847
220841213,229,559,788
220841214,202,627,829
220841215,230,572,802
220841216,248,1045,1293
220841217,126,506,632
220910101,421,595,1016
220910102,319,348,667
220910103,376,752,1128
220910104,348,358,706
220910105,240,438,678
220910201,37,101,138
220910202,80,226,306
220910203,81,198,279
220910204,96,171,267
220910301,121,262,383
220910302,164,373,537
220910303,231,489,720
220910304,66,100,166
220910401,94,215,309
220910402,141,263,404
220910403,170,286,456
220910404,90,99,189
220910501,382,1261,1643
220910502,245,619,864
220910503,121,173,294
220910504,130,196,326
220910505,99,93,192
220910506,158,194,352
220910507,278,619,897
220910508,411,994,1405
220910509,278,976,1254
220910510,191,881,1072
220910511,155,568,723
220910512,282,649,931
220910513,300,617,917
220910601,42,84,126
220910602,140,220,360
220910701,52,85,137
220910702,45,109,154
220910703,102,282,384
220910704,111,203,314
220980101,362,509,871
220980102,108,396,504
220980103,573,1000,1573
220980104,329,695,1024
220980105,285,588,873
220980106,284,489,773
220980107,346,432,778
220980108,261,344,605
220980109,321,333,654
220980110,302,659,961
220980111,369,656,1025
220980112,231,232,463
220980113,153,158,311
220980114,176,120,296
220980115,234,186,420
220980116,211,167,378
220980117,231,268,499
220980118,169,372,541
220980119,307,693,1000
220980120,356,457,813
220980121,267,826,1093
220980122,247,508,755
220980123,274,498,772
220980201,51,102,153
220980202,84,315,399
220980203,11,32,43
220980204,27,53,80
220980205,44,99,143
220980206,56,49,105
220980207,63,163,226
220980208,70,57,127
220980209,65,144,209
220980210,26,49,75
220980211,61,149,210
220980212,55,85,140
220980213,52,111,163
220980214,174,516,690
220980301,120,328,448
220980302,288,540,828
220980303,262,521,783
220980304,229,333,562
220980305,279,437,716
220980306,146,527,673
220980307,209,526,735
220980401,221,490,711
220980402,38,72,110
220980403,34,69,103
220980404,28,46,74
220980405,25,49,74
220980406,151,802,953
220980407,109,203,312
220980408,294,665,959
220980501,89,122,211
220980502,53,75,128
220980503,51,56,107
220980601,123,298,421
220980602,47,124,171
220980603,48,120,168
220980604,11,31,42
220980605,44,94,138
220980701,392,916,1308
220980702,316,953,1269
220980703,171,377,548
220980704,221,316,537
220980705,233,223,456
220980706,295,591,886
220980707,480,1045,1525
220980708,324,1048,1372
220980709,383,666,1049
220980710,330,404,734
220980711,89,158,247
220980712,163,360,523
220980713,129,329,458
220980714,174,522,696
220980715,327,901,1228
220980716,21,63,84
220980717,307,710,1017
220980718,568,1164,1732
220980719,71,243,314
220980720,174,775,949
221050101,190,356,546
221050102,193,417,610
221050103,218,304,522
221050104,220,245,465
221050105,214,215,429
221050106,294,409,703
221050107,308,611,919
221050108,365,677,1042
221050109,324,570,894
221050110,229,302,531
221050111,230,351,581
221050112,279,388,667
221050113,192,304,496
221050114,195,571,766
221050115,130,375,505
221050201,124,221,345
221050202,119,187,306
221050203,219,286,505
221050204,53,125,178
221050205,143,185,328
221050301,550,1232,1782
221050302,26,72,98
221050303,244,946,1190
221050304,115,198,313
221050305,94,144,238
221050306,124,361,485
221050307,73,143,216
221050308,61,70,131
221050309,90,117,207
221050310,91,223,314
221050311,475,842,1317
221050312,433,894,1327
221050313,18,29,47
221050314,263,843,1106
221050315,239,798,1037
221050316,337,595,932
221050317,192,733,925
221050401,31,31,62
221050402,24,38,62
221050403,55,140,195
221050404,87,239,326
221050405,47,105,152
221120101,420,653,1073
221120102,347,400,747
221120103,367,935,1302
221120104,358,851,1209
221120105,399,923,1322
221120106,415,1080,1495
221120201,0,0,0
221120202,48,96,144
221120203,22,34,56
221120301,256,458,714
221120302,448,1081,1529
221120303,26,56,82
221120304,21,38,59
221120305,40,64,104
221120306,213,282,495
221120401,253,348,601
221120402,202,425,627
221120403,102,247,349
221120404,136,349,485
221120405,38,72,110
221120406,42,63,105
221120407,369,789,1158
221120408,31,63,94
221120501,22,30,52
221120502,27,30,57
221120503,17,32,49
221120504,34,58,92
221120505,47,76,123
221120601,9,19,28
221120602,35,50,85
221120603,40,65,105
221120701,33,78,111
221120702,29,43,72
221120801,92,93,185
221120802,63,102,165
221120803,83,175,258
221120901,37,55,92
221120902,16,52,68
221120903,47,49,96
221121001,47,203,250
221121002,48,83,131
221121003,10,27,37
221190101,281,375,656
221190102,352,578,930
221190103,406,707,1113
221190104,462,787,1249
221190105,245,482,727
221190106,410,719,1129
221190107,324,707,1031
221190108,306,620,926
221190201,136,377,513
221190202,158,442,600
221190203,88,172,260
221190204,88,192,280
221190205,128,384,512
221190206,63,104,167
221190207,23,47,70
221190208,27,70,97
221190301,29,76,105
221190302,12,10,22
221190303,19,30,49
221260101,332,653,985
221260102,260,303,563
221260103,192,239,431
221260104,312,412,724
221260105,218,398,616
221260201,19,40,59
221260202,110,187,297
221260203,36,88,124
221260204,64,78,142
221260301,233,513,746
221260302,57,91,148
221260303,104,165,269
221260304,226,295,521
221260305,278,531,809
221260306,30,41,71
221260307,14,32,46
221260308,22,32,54
221260309,13,16,29
221260310,19,33,52
221260311,54,92,146
221260312,219,466,685
221260313,216,320,536
221260314,364,469,833
221260315,13,14,27
221330101,264,450,714
221330102,363,518,881
221330103,394,637,1031
221330104,424,573,997
221330105,267,175,442
221330106,423,544,967
221330107,250,203,453
221330108,415,1147,1562
221330109,369,873,1242
221330110,218,360,578
221330111,287,651,938
221330112,232,436,668
221330113,176,355,531
221330114,283,1013,1296
221330115,380,806,1186
221330116,228,260,488
221330117,146,320,466
221330118,223,516,739
221330119,262,638,900
221330120,288,462,750
221330201,42,104,146
221330202,86,269,355
221330203,119,278,397
221330204,14,66,80
221330205,67,205,272
221330206,57,211,268
221330207,192,520,712
221330208,47,135,182
221330301,99,179,278
221330302,102,267,369
221330303,75,141,216
221330304,70,164,234
221330305,55,118,173
221330306,40,87,127
221330307,33,87,120
221330308,67,152,219
221330309,89,233,322
221330401,101,203,304
221330402,67,144,211
221330403,36,78,114
221330404,67,116,183
221330405,101,136,237
221330406,30,92,122
221330407,2,10,12
221330408,47,134,181
221330409,6,4,10
221330410,8,11,19
221330411,103,231,334
221330412,270,1027,1297
221330413,330,747,1077
221330414,243,421,664
221330415,105,310,415
221330501,48,72,120
221330502,221,730,951
221330503,60,115,175
221330504,17,70,87
221330505,59,121,180
221330506,8,22,30
221330507,31,27,58
221330508,11,49,60
221400101,144,324,468
221400102,383,1028,1411
221400103,207,264,471
221400104,433,413,846
221400105,329,370,699
221400106,267,768,1035
221400107,384,705,1089
221400108,161,169,330
221400109,383,591,974
221400110,239,408,647
221400111,498,659,1157
221400112,322,503,825
221400113,230,554,784
221400114,163,151,314
221400115,251,437,688
221400116,233,427,660
221400117,256,577,833
221400118,256,433,689
221400201,364,308,672
221400202,390,277,667
221400203,395,472,867
221400204,442,630,1072
221400205,275,355,630
221400206,518,557,1075
221400207,386,763,1149
221400208,395,658,1053
221400209,257,426,683
221400210,444,599,1043
221400211,287,562,849
221400301,306,254,560
221400302,296,244,540
221400303,361,313,674
221400304,365,248,613
221400305,371,295,666
221400306,318,255,573
221400307,285,260,545
221400308,353,345,698
221400309,328,465,793
221400310,309,292,601
221400311,316,414,730
221400312,456,648,1104
221400313,475,816,1291
221400401,198,144,342
221400402,274,239,513
221400403,295,212,507
221400404,316,288,604
221400405,365,303,668
221400406,330,246,576
221400407,369,293,662
221400408,355,255,610
221400409,396,387,783
221400410,334,306,640
221400411,398,504,902
221400412,416,479,895
221400413,199,220,419
221400414,384,445,829
221400415,178,239,417
221400416,283,262,545
221400417,88,103,191
221400418,202,228,430
221400501,278,358,636
221400502,380,470,850
221400503,237,369,606
221400504,306,346,652
221400505,498,819,1317
221400506,364,428,792
221400507,314,559,873
221400508,351,772,1123
221400509,267,383,650
221400510,306,459,765
221400511,265,505,770
221400512,275,690,965
221400513,334,744,1078
221400514,268,550,818
221400601,399,852,1251
221400602,345,350,695
221400603,398,403,801
221400604,339,347,686
221400605,358,651,1009
221400606,503,764,1267
221400607,312,341,653
221400608,562,872,1434
221400609,571,734,1305
221400610,469,713,1182
221400611,348,597,945
221400612,194,394,588
221400701,354,352,706
221400702,401,568,969
221400703,405,454,859
221400704,274,470,744
221400705,306,432,738
221400706,452,557,1009
221400707,308,301,609
221400708,329,493,822
221400709,260,462,722
221400710,302,461,763
221400711,269,426,695
221400712,233,393,626
221400713,201,318,519
221400714,342,661,1003
221400715,243,322,565
221400716,370,532,902
221400717,182,322,504
221400718,375,606,981
221400719,294,456,750
221400720,277,437,714
221400721,288,509,797
221400722,16,6,22
221400723,285,647,932
221400724,383,708,1091
221400725,309,462,771
221400726,334,487,821
221400727,326,688,1014
221400728,285,403,688
221400729,209,265,474
221400801,297,245,542
221400802,377,340,717
221400803,460,394,854
221400804,159,150,309
221400805,284,261,545
221400806,184,283,467
221400807,339,291,630
221400808,365,353,718
221400809,111,198,309
221400810,328,532,860
221400811,291,536,827
221400812,154,226,380
221400813,297,282,579
221400814,347,391,738
221400815,259,334,593
221400816,149,165,314
221400817,145,257,402
221400818,74,190,264
221400901,257,329,586
221400902,394,1023,1417
221400903,425,1018,1443
221400904,411,587,998
221400905,293,472,765
221400906,408,687,1095
221400907,275,617,892
221400908,321,521,842
221400909,348,543,891
221400910,473,707,1180
221400911,271,487,758
221400912,245,355,600
221400913,438,675,1113
221400914,477,679,1156
221400915,480,610,1090
221400916,235,623,858
221400917,277,531,808
221400918,342,468,810
221401001,399,588,987
221401002,243,367,610
221401003,391,532,923
221401004,504,641,1145
221401005,363,520,883
221401006,428,682,1110
221401007,345,776,1121
221401008,304,495,799
221401009,436,850,1286
221401010,305,479,784
221401011,317,545,862
221401012,301,459,760
221401013,303,462,765
221401014,276,585,861
221401015,271,559,830
221401017,240,695,935
221401018,232,610,842
221401019,233,442,675
221401020,282,759,1041
221401021,194,465,659
221401022,246,496,742
221401101,235,303,538
221401102,252,342,594
221401103,258,370,628
221401104,517,583,1100
221401105,272,344,616
221401106,284,358,642
221401107,266,358,624
221401108,238,301,539
221401109,217,324,541
221401110,292,286,578
221401111,376,567,943
221401112,323,313,636
221401113,227,266,493
221401114,244,346,590
221401115,200,375,575
221401201,237,168,405
221401202,286,213,499
221401203,300,218,518
221401204,295,288,583
221401205,278,299,577
221401206,327,300,627
221401207,317,321,638
221401208,477,355,832
221401209,218,245,463
221401210,450,461,911
221401211,483,543,1026
221401212,291,263,554
221401213,486,596,1082
221401214,287,379,666
221401215,526,828,1354
221401216,203,145,348
221401217,445,749,1194
221401301,278,301,579
221401302,358,330,688
221401303,308,343,651
221401304,339,363,702
221401305,369,491,860
221401306,249,316,565
221401307,364,422,786
221401308,542,642,1184
221401309,177,303,480
221401310,197,360,557
221401311,292,389,681
221401312,220,365,585
221401313,333,495,828
221401314,271,382,653
221401315,76,78,154
221401401,260,198,458
221401402,305,324,629
221401403,415,465,880
221401404,362,431,793
221401405,307,332,639
221401406,527,557,1084
221401407,297,439,736
221401408,305,373,678
221401409,267,297,564
221401410,245,301,546
221401411,312,516,828
221401412,133,193,326
221401413,245,268,513
221401501,461,421,882
221401502,373,467,840
221401503,397,380,777
221401504,381,410,791
221401505,245,324,569
221401506,492,617,1109
221401507,396,516,912
221401508,346,457,803
221401509,259,326,585
221401510,435,627,1062
221401601,297,587,884
221401602,160,168,328
221401603,305,335,640
221401604,449,561,1010
221401605,350,533,883
221401606,401,535,936
221401607,266,264,530
221401608,242,379,621
221401609,443,784,1227
221401610,365,483,848
221401611,165,206,371
221401612,260,409,669
221401613,205,262,467
221401614,177,260,437
221401615,289,312,601
221401616,335,571,906
221401617,241,499,740
221401618,368,648,1016
221401619,311,536,847
221401620,225,608,833
221401621,343,603,946
221401622,76,76,152
221401623,113,147,260
221401624,71,111,182
221401625,190,367,557
221401701,111,366,477
221401702,325,543,868
221401703,454,766,1220
221401704,336,445,781
221401705,352,694,1046
221401706,375,856,1231
221401707,245,556,801
221401708,155,539,694
221401709,233,347,580
221401710,224,481,705
221401801,270,499,769
221401802,326,769,1095
221401803,292,499,791
221401804,275,620,895
221401805,243,485,728
221401806,316,723,1039
221401807,431,611,1042
221401808,370,469,839
221401809,298,477,775
221401810,305,568,873
221401811,272,550,822
221401812,264,371,635
221401813,309,435,744
221401814,353,387,740
221401815,242,450,692
221401816,456,1021,1477
221401817,181,334,515
221401818,2,11,13
221401819,277,642,919
221401820,327,440,767
221401821,228,411,639
221401901,521,699,1220
221401902,95,141,236
221401903,282,347,629
221401904,469,641,1110
221401905,195,299,494
221401906,283,398,681
221401907,416,642,1058
221401908,222,381,603
221401909,307,359,666
221401910,214,275,489
221401911,309,306,615
221401912,313,395,708
221401913,272,422,694
221401914,285,319,604
221401915,261,343,604
221401916,241,437,678
221402001,328,372,700
221402002,445,521,966
221402003,265,300,565
221402004,347,545,892
221402005,390,856,1246
221402006,299,803,1102
221402007,306,547,853
221402008,319,474,793
221402009,425,464,889
221402010,253,398,651
221402011,254,379,633
221402101,424,654,1078
221402102,311,552,863
221402103,283,560,843
221402104,154,277,431
221402105,450,786,1236
221402106,562,1132,1694
221402107,62,175,237
221402108,275,575,850
221402109,36,121,157
221402201,26,33,59
221402202,37,40,77
221402203,52,118,170
221402204,8,26,34
221402205,40,88,128
221402206,23,74,97
221402301,6,8,14
221402302,1,5,6
221402303,25,20,45
221402304,178,205,383
221402305,22,25,47
221402401,206,336,542
221402402,9,20,29
221402403,24,45,69
221402404,321,440,761
221402405,51,93,144
221402406,62,212,274
221402407,0,2,2
221402408,7,11,18
221402409,67,128,195
221402410,93,177,270
221402411,188,410,598
221402501,315,863,1178
221402502,264,624,888
221402503,456,904,1360
221402504,512,646,1158
221402505,654,984,1638
221402506,258,461,719
221402507,65,152,217
221402508,365,865,1230
221402509,272,657,929
221402510,332,743,1075
221402511,409,1021,1430
221402512,279,813,1092
221402513,177,288,465
221402514,80,152,232
221402515,144,229,373
221402516,149,404,553
221402517,122,196,318
221402518,255,492,747
221402601,250,457,707
221402602,322,703,1025
221402603,404,632,1036
221402604,307,559,866
221402605,309,554,863
221402606,323,510,833
221402607,330,790,1120
221402608,390,809,1199
221402609,143,351,494
221402701,386,645,1031
221402702,426,637,1063
221402703,287,587,874
221402704,307,826,1133
221402705,342,763,1105
221402706,277,607,884
221402707,425,1046,1471
221402708,316,669,985
221402709,285,569,854
221402710,228,334,562
221402711,329,667,996
221402712,309,465,774
221402713,266,525,791
221402714,578,1047,1625
221402715,520,580,1100
221402716,510,863,1373
221402717,486,723,1209
221402718,418,733,1151
221402719,415,835,1250
221402720,220,417,637
221402721,263,434,697
221402722,241,504,745
221402723,210,447,657
221402724,104,329,433
221402725,146,352,498
221402726,213,463,676
221402801,376,672,1048
221402802,353,699,1052
221402803,257,409,666
221402804,352,502,854
221402805,513,868,1381
221402806,179,382,561
221402807,139,399,538
221402808,476,1111,1587
221402809,326,524,850
221402810,359,669,1028
221402811,361,612,973
221402901,201,372,573
221402902,198,427,625
221402903,223,527,750
221402904,353,593,946
221402905,283,497,780
221402906,516,866,1382
221402907,99,262,361
221402908,393,629,1022
221402909,431,706,1137
221402910,569,861,1430
221402911,417,707,1124
221402912,236,317,553
221402913,286,503,789
221402914,232,597,829
221402915,264,695,959
221402916,170,421,591
221402919,153,345,498
221402920,194,483,677
221403001,280,484,764
221403002,250,437,687
221403003,320,959,1279
221403004,295,519,814
221403005,480,1002,1482
221403006,171,321,492
221403007,390,761,1151
221403008,120,238,358
221403009,317,816,1133
221403010,141,316,457
221403011,257,576,833
221403012,264,438,702
221403013,126,292,418
221470101,54,132,186
221470102,25,27,52
221470103,49,70,119
221470104,88,106,194
221470105,128,229,357
221470106,130,264,394
221470107,42,87,129
221470108,46,73,119
221470201,321,784,1105
221470202,223,291,514
221470203,314,597,911
221470204,155,400,555
221470205,205,241,446
221470206,310,617,927
221470301,253,925,1178
221470302,36,94,130
221470303,96,201,297
221470304,44,63,107
221470305,360,1121,1481
221470306,266,844,1110
221470307,87,184,271
221470401,280,598,878
221470402,61,216,277
221470403,34,96,130
221470404,41,49,90
221540101,348,725,1073
221540102,204,568,772
221540103,103,200,303
221540104,112,318,430
221540105,379,574,953
221540106,91,290,381
221540201,272,613,885
221540202,414,621,1035
221540203,33,61,94
221540204,140,281,421
221540205,35,66,101
221540206,289,606,895
221540301,269,478,747
221540302,375,784,1159
221540303,105,179,284
221540304,67,139,206
221540305,117,280,397
221540306,25,50,75
221540307,397,718,1115
221540308,85,191,276
221540309,265,310,575
221540310,88,185,273
221540311,285,568,853
221610101,44,42,86
221610102,37,90,127
221610103,15,28,43
221610201,370,746,1116
221610202,56,109,165
221610203,20,51,71
221610301,421,838,1259
221610302,48,163,211
221610303,14,25,39
221610304,19,17,36
221610305,20,49,69
221610401,35,100,135
221610402,4,17,21
221680101,432,467,899
221680102,329,393,722
221680103,230,703,933
221680104,326,577,903
221680105,341,378,719
221680106,346,408,754
221680107,547,1148,1695
221680108,239,840,1079
221680109,332,680,1012
221680110,403,660,1063
221680111,123,399,522
221680112,348,641,989
221680113,357,756,1113
221680114,236,694,930
221680115,197,523,720
221680116,132,450,582
221680117,219,402,621
221680201,63,116,179
221680202,91,174,265
221680203,45,71,116
221680204,40,87,127
221680205,63,153,216
221680206,29,37,66
221680207,59,147,206
221680301,69,96,165
221680302,85,213,298
221680303,20,63,83
221680304,31,96,127
221680305,40,57,97
221680306,41,138,179
221680307,35,83,118
221680308,28,82,110
221680309,318,813,1131
221680310,421,1178,1599
221680401,76,220,296
221680402,128,448,576
221680403,115,392,507
221680404,65,140,205
221680405,58,199,257
221680406,115,140,255
221680407,49,94,143
221680408,56,95,151
221680409,215,817,1032
260070101,49,14,63
260070201,61,59,120
260070202,251,272,523
260070301,41,50,91
260070302,2,7,9
260070303,28,24,52
260070304,276,253,529
260070401,628,412,1040
260070402,270,350,620
260070403,313,307,620
260070404,335,381,716
260070405,380,588,968
260070406,315,460,775
260070407,549,758,1307
260070408,117,198,315
260070409,361,288,649
260070410,283,269,552
260070411,251,308,559
260070412,495,695,1190
260070413,31,27,58
260070414,13,12,25
260070501,350,630,980
260070502,325,552,877
260070503,336,778,1114
260070504,212,391,603
260070505,294,566,860
260070506,376,483,859
260070507,287,612,899
260070508,340,637,977
260070509,256,554,810
260070510,410,879,1289
260070511,263,601,864
260070601,341,707,1048
260070602,228,372,600
260070603,371,395,766
260070604,388,708,1096
260070605,541,690,1231
260070606,311,375,686
260070607,340,689,1029
260070608,387,701,1088
260070609,425,740,1165
260070610,424,634,1058
260070611,164,274,438
260070612,452,607,1059
260070613,377,239,616
260070614,375,374,749
260070615,485,477,962
260070701,76,154,230
260070702,233,492,725
260070703,274,698,972
260070704,379,830,1209
260070705,278,572,850
260070706,177,384,561
260070707,373,762,1135
260070708,361,839,1200
260070709,296,765,1061
260070710,305,651,956
260070711,229,615,844
260070712,281,505,786
260070801,319,379,698
260070802,479,806,1285
260070803,259,415,674
260070804,408,542,950
260070805,333,550,883
260070806,531,749,1280
260070807,253,356,609
260070808,229,382,611
260070809,215,416,631
260070810,241,360,601
260070811,546,653,1199
260070812,430,707,1137
260070813,324,425,749
260070901,452,388,840
260070902,350,360,710
260070903,494,648,1142
260070904,355,376,731
260070905,385,324,709
260070906,338,313,651
260070907,385,423,808
260070908,365,427,792
260070909,197,207,404
260070910,259,291,550
260071001,197,93,290
260071002,490,350,840
260071003,174,88,262
260071004,259,264,523
260071005,334,277,611
260071006,352,266,618
260071007,429,259,688
260071008,280,266,546
260071009,308,327,635
260071010,546,518,1064
260071011,287,244,531
260071012,205,234,439
260071013,312,328,640
260140101,29,34,63
260140102,29,43,72
260140103,71,146,217
260140104,238,446,684
260140105,316,444,760
260140106,252,449,701
260140107,176,479,655
260140108,252,344,596
260140201,1,9,10
260140202,43,57,100
260140203,8,6,14
260140204,3,4,7
260140205,2,2,4
260140206,0,2,2
260140207,3,11,14
260140208,6,3,9
260140209,4,4,8
260140301,41,129,170
260140302,34,66,100
260140303,193,403,596
260140304,10,36,46
260140305,37,84,121
260140306,21,48,69
260140307,48,84,132
260140401,22,60,82
260140501,1,13,14
260140601,13,11,24
260140701,7,24,31
260140702,21,63,84
260140703,4,3,7
260140704,20,56,76
260140705,327,667,994
260140801,190,321,511
260140802,27,37,64
260140803,309,508,817
260140804,223,418,641
260140901,1165,1388,2553
260140902,34,55,89
260140903,231,431,662
260140904,324,402,726
260140905,298,327,625
260140906,239,466,705
260141001,56,106,162
260141002,43,62,105
260141003,162,189,351
260141004,330,558,888
260141101,23,33,56
260141102,511,766,1277
260141103,326,422,748
260141104,252,305,557
260210101,25,33,58
260210102,22,36,58
260210103,24,33,57
260210104,15,6,21
260210201,35,24,59
260210202,21,42,63
260210203,8,8,16
260210204,530,642,1172
260210301,63,50,113
260210302,9,5,14
260210401,1,1,2
260210402,96,105,201
260210403,121,75,196
260210404,381,405,786
260210405,419,341,760
260210406,486,397,883
260210407,524,595,1119
260210408,346,291,637
260210409,329,312,641
260210410,351,310,661
260210411,277,206,483
260210412,292,246,538
260210413,323,274,597
260210414,277,296,573
260210501,7,14,21
260210502,304,423,727
260210503,149,204,353
260210504,4,2,6
260210505,442,525,967
260210506,430,408,838
260210507,311,344,655
260210508,190,175,365
260210509,313,372,685
260210510,443,402,845
260210511,347,578,925
260210512,384,684,1068
260210513,643,663,1306
260210514,646,771,1417
260210515,546,712,1258
260210516,360,498,858
260210517,307,511,818
260210518,357,570,927
260210601,159,138,297
260210602,173,327,500
260210603,162,114,276
260210604,399,448,847
260210605,488,566,1054
260210606,382,443,825
260210607,479,526,1005
260210608,560,847,1407
260210609,475,687,1162
260210610,508,794,1302
260210611,439,482,921
260210612,368,352,720
260210613,208,312,520
260210614,325,367,692
260210615,288,304,592
260210701,44,30,74
260210702,267,315,582
260210703,133,123,256
260210704,640,753,1393
260210705,147,173,320
260210706,286,391,677
260210707,303,466,769
260210708,294,372,666
260210709,504,584,1088
260210710,473,427,900
260210711,274,281,555
260210712,400,444,844
260210801,51,32,83
260210802,509,588,1097
260210803,54,73,127
260210804,223,240,463
260210805,328,264,592
260210806,258,269,527
260210807,478,429,907
260210808,373,305,678
260210809,220,205,425
260210810,432,395,827
260210811,121,175,296
260210812,385,538,923
260210813,179,146,325
260210814,460,655,1115
260210815,551,571,1122
260210901,350,410,760
260210902,246,178,424
260210903,326,199,525
260210904,153,111,264
260210905,281,188,469
260210906,179,115,294
260210907,259,177,436
260210908,340,172,512
260210909,340,344,684
260210910,185,181,366
260210911,311,360,671
260210912,217,156,373
260210913,163,134,297
260210914,251,162,413
260211001,541,260,801
260211002,324,253,577
260211003,392,289,681
260211004,307,220,527
260211005,197,164,361
260211006,265,216,481
260211007,244,225,469
260211008,254,242,496
260211009,228,185,413
260211010,284,267,551
260211011,215,116,331
260211012,519,463,982
260211013,431,299,730
260211101,158,293,451
260211102,317,440,757
260211103,176,153,329
260211104,607,538,1145
260211105,225,246,471
260211106,294,329,623
260211107,381,641,1022
260211108,508,588,1096
260211109,387,410,797
260211110,447,425,872
260211111,345,400,745
260211112,223,231,454
260211113,419,471,890
260211114,298,310,608
260211115,287,269,556
260211116,292,371,663
260211117,258,301,559
260211201,392,683,1075
260211202,284,437,721
260211203,380,632,1012
260211204,499,578,1077
260211205,254,270,524
260211206,410,549,959
260211207,520,456,976
260211208,351,448,799
260211209,444,461,905
260211210,207,220,427
260211301,422,488,910
260211302,522,719,1241
260211303,298,372,670
260211304,317,352,669
260211305,522,525,1047
260211306,317,346,663
260211307,279,263,542
260211308,285,326,611
260211309,340,441,781
260211310,352,344,696
260211311,271,271,542
260211312,577,510,1087
260211401,579,488,1067
260211402,400,386,786
260211403,388,255,643
260211404,481,455,936
260211405,330,281,611
260211406,448,349,797
260211407,590,517,1107
260211408,356,230,586
260211409,349,360,709
260211410,299,178,477
260211411,364,303,667
260211412,409,312,721
260211413,445,470,915
260211501,252,412,664
260211502,407,591,998
260211503,512,482,994
260211504,436,456,892
260211505,351,381,732
260211506,400,460,860
260211507,317,361,678
260211508,314,378,692
260211509,303,305,608
260211510,515,553,1068
260211511,574,620,1194
260211601,406,723,1129
260211602,143,186,329
260211603,254,344,598
260211604,256,392,648
260211605,478,529,1007
260211606,413,398,811
260211607,406,431,837
260211608,347,568,915
260211609,447,683,1130
260211610,501,811,1312
260211611,332,416,748
260211612,286,329,615
260211613,556,693,1249
260211614,237,362,599
260211615,263,434,697
260211701,87,108,195
260211702,388,635,1023
260211703,185,301,486
260211704,296,473,769
260211705,459,571,1030
260211706,318,498,816
260211707,244,373,617
260211708,375,670,1045
260211709,530,858,1388
260211710,280,551,831
260211711,466,757,1223
260211712,406,598,1004
260211713,197,378,575
260211714,529,561,1090
260211801,219,257,476
260211802,280,283,563
260211803,324,549,873
260211804,449,496,945
260211805,430,467,897
260211806,246,430,676
260211807,238,337,575
260211808,409,649,1058
260211809,511,589,1100
260211810,337,299,636
260211811,412,386,798
260211812,314,343,657
260211813,284,349,633
260211901,278,253,531
260211902,430,363,793
260211903,441,607,1048
260211904,224,279,503
260211905,327,463,790
260211906,266,370,636
260211907,331,319,650
260211908,353,374,727
260211909,318,394,712
260211910,344,428,772
260211911,346,458,804
260211912,391,639,1030
260211913,378,505,883
260211914,205,258,463
260211915,292,450,742
260211916,281,344,625
260280101,22,28,50
260280102,5,4,9
260280201,53,72,125
260280301,35,26,61
260280302,32,13,45
260280303,342,749,1091
260350101,66,61,127
260350102,41,40,81
260350201,147,175,322
260350202,15,22,37
260350301,213,191,404
260350302,168,325,493
260350303,225,381,606
260350304,284,361,645
260350305,265,347,612
260350306,212,308,520
260350307,336,315,651
260350308,176,170,346
260350309,404,325,729
260350310,180,189,369
260350311,402,473,875
260350312,190,524,714
260350313,150,478,628
260350401,4,3,7
260350402,17,34,51
260350403,80,145,225
260350404,531,994,1525
260350405,6,14,20
260350501,9,9,18
260350502,71,60,131
260350503,30,35,65
260350504,24,27,51
260350505,153,287,440
260350506,30,37,67
260350507,169,229,398
260350508,97,107,204
260350509,343,450,793
260350510,528,565,1093
260350511,189,232,421
260350512,221,250,471
260350513,292,526,818
260350514,299,503,802
260350515,305,788,1093
260350601,290,635,925
260350602,256,452,708
260350603,210,575,785
260350604,154,388,542
260350605,245,413,658
260350606,208,290,498
260350607,193,227,420
260350608,273,281,554
260350609,227,162,389
260350610,279,233,512
260350611,299,336,635
260350612,240,284,524
260350613,299,336,635
260350614,258,315,573
260350615,308,445,753
260350701,362,391,753
260350702,304,581,885
260350703,285,854,1139
260350704,270,373,643
260350705,414,501,915
260350706,286,344,630
260350707,417,637,1054
260350708,373,749,1122
260350709,361,748,1109
260350710,421,679,1100
260350711,208,243,451
260350712,464,735,1199
260350713,215,200,415
260420101,10,9,19
260420102,28,27,55
260420103,18,25,43
260420201,37,23,60
260420301,57,81,138
260420302,30,17,47
260420401,2,0,2
260420402,8,2,10
260420403,123,200,323
260420404,116,167,283
260420405,52,37,89
260420406,59,36,95
260420407,70,66,136
260420408,70,72,142
260420409,155,180,335
260420410,370,609,979
260420411,161,240,401
260420412,58,117,175
260420413,554,780,1334
260420414,468,630,1098
260420415,418,811,1229
260420416,366,330,696
260420417,356,548,904
260420418,509,478,987
260490101,24,22,46
260490102,40,29,69
260490103,27,78,105
260490104,17,41,58
260490105,47,119,166
260490106,186,311,497
260490201,5,4,9
260490202,8,21,29
260490203,45,57,102
260560101,24,34,58
260560102,13,11,24
260560103,7,18,25
260560104,54,140,194
260560105,11,24,35
260560106,11,35,46
260560107,73,137,210
260560108,116,251,367
260560201,12,24,36
260560202,31,54,85
260560203,4,4,8
260560204,11,8,19
260560205,19,38,57
260560206,333,701,1034
260560301,104,176,280
260630101,15,12,27
260630102,17,13,30
260630103,11,32,43
260630201,16,28,44
260630202,12,20,32
260630203,142,249,391
260630301,19,12,31
260630401,6,14,20
260700101,20,39,59
260700102,28,28,56
260700103,7,10,17
260700104,70,137,207
260700105,14,18,32
260700106,10,14,24
260700107,1,9,10
260700108,310,725,1035
260700201,5,15,20
260700202,10,34,44
260770101,90,35,125
260770102,4,7,11
260770103,2,10,12
260770104,8,14,22
260770201,13,19,32
260770202,2,1,3
260770203,35,40,75
260770204,50,114,164
260770301,139,141,280
260770302,276,221,497
260770303,195,208,403
260770304,253,509,762
260770305,352,582,934
260770306,252,326,578
260770307,210,163,373
260770308,128,108,236
260770309,106,66,172
260770310,159,132,291
260770311,132,99,231
260770312,119,107,226
260770313,135,123,258
260770314,147,106,253
260770315,188,127,315
260770316,97,122,219
260770401,127,144,271
260770402,51,101,152
260770403,197,218,415
260770404,223,307,530
260770405,87,106,193
260770501,103,418,521
260770502,303,714,1017
260770503,260,463,723
260770504,308,545,853
260770505,259,580,839
260770506,310,530,840
260770507,271,466,737
260770508,183,386,569
260770509,281,404,685
260770510,438,519,957
260770511,273,353,626
260770512,246,359,605
260770513,244,331,575
260770514,287,366,653
260770515,266,374,640
260770516,303,307,610
260770517,275,320,595
260770518,275,486,761
260770519,212,391,603
260770520,137,167,304
260770601,228,223,451
260770602,313,292,605
260770603,342,329,671
260770604,204,323,527
260770605,364,560,924
260770606,379,535,914
260770607,217,275,492
260770608,367,475,842
260770609,346,332,678
260770610,249,250,499
260770611,333,365,698
260770612,254,302,556
260770701,615,788,1403
260770702,391,539,930
260770703,478,820,1298
260770704,560,1012,1572
260770705,272,670,942
260770706,207,520,727
260770707,314,805,1119
260770708,228,449,677
260770709,458,721,1179
260770710,291,562,853
260770711,192,347,539
260770712,341,622,963
260770713,316,542,858
260770714,210,431,641
260770715,179,297,476
260770801,260,665,925
260770802,410,563,973
260770803,448,772,1220
260770804,292,414,706
260770805,279,408,687
260770806,419,626,1045
260770807,178,229,407
260770808,388,617,1005
260770809,288,459,747
260770810,276,422,698
260770811,197,187,384
260770812,241,250,491
260770813,323,435,758
260770814,224,373,597
260770815,342,561,903
260770901,366,924,1290
260770902,298,759,1057
260770903,372,1110,1482
260770904,290,431,721
260770905,406,504,910
260770906,386,580,966
260770907,259,382,641
260770908,287,452,739
260770909,289,452,741
260770910,389,654,1043
260770911,352,828,1180
260770912,419,937,1356
260771001,287,429,716
260771002,278,300,578
260771003,177,156,333
260771004,243,314,557
260771005,369,340,709
260771006,169,152,321
260771007,248,201,449
260771008,246,234,480
260771009,233,203,436
260771010,300,181,481
260771011,184,120,304
260771012,232,178,410
260771013,395,352,747
260771014,382,365,747
260771015,372,489,861
260771016,587,783,1370
260771017,414,688,1102
260771018,290,376,666
260771101,220,356,576
260771102,529,909,1438
260771103,357,710,1067
260771104,194,525,719
260771105,274,592,866
260771106,329,531,860
260771107,328,576,904
260771108,244,275,519
260771109,266,258,524
260771110,194,109,303
260771111,208,164,372
260771112,330,248,578
260771113,388,464,852
260771114,262,329,591
260771201,493,900,1393
260771202,330,541,871
260771203,488,510,998
260771204,324,415,739
260771205,354,484,838
260771206,430,336,766
260771207,475,394,869
260771208,395,314,709
260771209,284,183,467
260771210,358,314,672
260771211,515,399,914
260771212,411,440,851
260771213,335,326,661
260771214,449,727,1176
260771215,465,656,1121
260771301,373,651,1024
260771302,547,907,1454
260771303,438,372,810
260771304,431,546,977
260771305,495,451,946
260771306,581,539,1120
260771307,464,465,929
260771308,440,602,1042
260771309,596,736,1332
260771310,338,289,627
260771311,397,393,790
260771312,334,442,776
260771313,319,302,621
260771314,195,158,353
260840101,4,4,8
260840102,17,22,39
260840103,22,38,60
260840104,15,15,30
260840105,4,6,10
260840106,39,67,106
260840107,179,346,525
260840108,284,528,812
260840201,65,40,105
260840202,60,89,149
260840301,10,12,22
260840302,15,6,21
260840303,11,9,20
260840304,20,30,50
260840305,522,873,1395
260840306,328,315,643
260840307,186,151,337
260840401,34,16,50
260840402,22,5,27
260840403,64,110,174
260840501,7,9,16
260840502,17,14,31
260840503,35,27,62
260840504,46,30,76
260840505,85,96,181
260840506,57,87,144
260910101,11,12,23
260910102,36,53,89
260910201,21,23,44
260910301,6,6,12
260910302,5,9,14
260910303,23,19,42
260910304,130,102,232
260910305,133,71,204
260910306,210,246,456
260910401,233,357,590
260910402,213,287,500
260910403,151,189,340
260910404,300,588,888
260910405,388,634,1022
260910406,189,246,435
260910407,201,234,435
260910408,225,233,458
260910409,369,341,710
260910410,352,307,659
260910411,177,263,440
260910412,276,308,584
260910413,294,423,717
260910414,295,403,698
260980101,3,9,12
260980102,17,12,29
260980103,184,398,582
260980104,262,438,700
260980201,11,8,19
260980202,10,22,32
260980203,21,27,48
260980204,0,0,0
260980205,477,662,1139
260980206,283,464,747
260980301,0,0,0
260980302,2,0,2
260980303,7,9,16
260980304,11,17,28
260980305,85,119,204
260980306,301,601,902
261050101,13,39,52
261050102,10,12,22
261050103,36,33,69
261050104,11,12,23
261050105,181,282,463
261050201,4,21,25
261050202,4,11,15
261050203,6,6,12
261050204,36,75,111
261050205,209,324,533
300080101,155,199,354
300080102,236,260,496
300080103,246,259,505
300080104,230,233,463
300080105,211,296,507
300080106,263,245,508
300080107,153,139,292
300080108,208,239,447
300080109,316,248,564
300080110,322,281,603
300080111,397,370,767
300080112,317,252,569
300080113,257,248,505
300080114,303,224,527
300080201,228,163,391
300080202,166,105,271
300080203,270,175,445
300080204,283,188,471
300080205,285,217,502
300080206,367,310,677
300080207,456,429,885
300080208,491,586,1077
300080209,204,216,420
300080210,237,233,470
300080211,247,220,467
300080212,101,92,193
300080213,92,42,134
300080214,146,119,265
300080215,232,279,511
300080216,215,319,534
300080301,103,40,143
300080302,118,90,208
300080303,136,124,260
300080304,107,141,248
300080305,271,337,608
300080306,307,562,869
300080307,227,284,511
300080308,345,386,731
300080309,101,104,205
300080310,291,328,619
300080311,316,406,722
300080312,295,339,634
300080313,191,406,597
300080314,129,147,276
300080315,177,133,310
300080316,37,34,71
300080317,100,70,170
300080318,95,52,147
300080319,65,77,142
300080401,201,271,472
300080402,505,526,1031
300080403,414,454,868
300080404,431,482,913
300080405,459,510,969
300080406,503,519,1022
300080407,239,232,471
300080408,371,300,671
300080409,384,284,668
300080410,467,429,896
300080411,388,388,776
300080412,587,583,1170
300080413,233,220,453
300080501,78,27,105
300080502,111,85,196
300080503,113,79,192
300080504,194,264,458
300080505,79,85,164
300080506,408,663,1071
300080507,443,596,1039
300080508,532,587,1119
300080509,245,244,489
300080510,294,246,540
300080511,117,84,201
300080601,370,377,747
300080602,507,479,986
300080603,265,248,513
300080604,427,345,772
300080605,500,482,982
300080606,443,343,786
300080607,417,335,752
300080608,523,438,961
300080609,231,210,441
300080610,294,273,567
300080611,453,400,853
300080612,339,355,694
300080701,13,8,21
300080702,42,52,94
300080703,145,135,280
300080704,15,15,30
300080705,104,52,156
300080706,28,17,45
300080707,55,30,85
300080708,21,22,43
300080709,29,32,61
300080710,42,27,69
300080711,152,70,222
300080801,27,21,48
300080802,20,19,39
300080803,14,8,22
300080804,49,52,101
300080805,38,33,71
300080806,23,18,41
300080807,92,163,255
300080808,68,78,146
300080809,28,12,40
300080810,65,54,119
300080811,49,36,85
300080901,35,30,65
300080902,37,16,53
300080903,30,24,54
300080904,11,13,24
300080905,59,24,83
300080906,84,67,151
300080907,22,16,38
300080908,4,9,13
300080909,47,42,89
300080910,313,283,596
300081001,38,37,75
300081002,28,20,48
300081003,205,247,452
300081004,24,24,48
300081005,46,58,104
300081006,27,10,37
300081007,160,219,379
300081008,15,33,48
300081009,13,8,21
300081101,46,39,85
300081102,22,57,79
300081103,37,51,88
300081104,19,35,54
300081105,43,62,105
300081106,8,6,14
300081107,26,25,51
300081108,289,379,668
300081109,151,141,292
300081110,554,813,1367
300081111,163,298,461
300081201,1,0,1
300150101,524,794,1318
300150102,451,820,1271
300150103,638,1315,1953
300150104,609,1100,1709
300150105,379,787,1166
300150106,454,993,1447
300150107,450,808,1258
300150108,368,634,1002
300150109,433,497,930
300150110,221,486,707
300150111,544,1099,1643
300150112,459,776,1235
300150113,497,845,1342
300150201,446,843,1289
300150202,365,515,880
300150203,334,608,942
300150204,339,876,1215
300150205,595,1057,1652
300150206,452,565,1017
300150207,231,320,551
300150208,392,641,1033
300150209,540,719,1259
300150210,559,874,1433
300150211,477,600,1077
300150212,538,722,1260
300150213,519,705,1224
300150214,264,370,634
300150301,389,424,813
300150302,497,468,965
300150303,544,668,1212
300150304,423,570,993
300150305,422,837,1259
300150306,70,70,140
300150307,154,134,288
300150308,535,660,1195
300150309,407,695,1102
300150310,310,399,709
300150401,377,466,843
300150402,260,219,479
300150403,474,456,930
300150404,423,435,858
300150405,397,618,1015
300150406,531,584,1115
300150407,502,459,961
300150408,439,565,1004
300150409,330,460,790
300150410,443,566,1009
300150411,615,899,1514
300150412,505,882,1387
300150413,658,596,1254
300150414,349,275,624
300150415,198,132,330
300150416,524,568,1092
300150501,275,181,456
300150502,557,445,1002
300150503,277,299,576
300150504,238,313,551
300150505,180,413,593
300150506,347,428,775
300150507,339,465,804
300150508,360,461,821
300150509,307,533,840
300150510,275,280,555
300150511,237,285,522
300150512,226,159,385
300150513,226,190,416
300150514,219,118,337
300150515,283,238,521
300150516,243,190,433
300150517,305,168,473
300150518,201,183,384
300150519,261,177,438
300150520,266,376,642
300150521,156,156,312
300150522,413,771,1184
300150601,468,748,1216
300150602,308,378,686
300150603,606,983,1589
300150604,562,730,1292
300150605,183,206,389
300150606,370,420,790
300150607,431,467,898
300150608,289,307,596
300150609,329,297,626
300150610,326,222,548
300150611,242,163,405
300150612,261,232,493
300150613,433,601,1034
300150614,613,631,1244
300150615,270,347,617
300150616,378,482,860
300150617,418,321,739
300150618,158,137,295
300150619,288,233,521
300150620,173,85,258
300150621,165,90,255
300150701,372,477,849
300150702,234,216,450
300150703,269,183,452
300150704,214,143,357
300150705,181,124,305
300150706,138,103,241
300150707,230,167,397
300150708,263,173,436
300150709,262,296,558
300150710,326,517,843
300150711,315,374,689
300150712,275,583,858
300150713,321,377,698
300150714,276,206,482
300150715,270,303,573
300150716,324,623,947
300150717,12,57,69
300150718,505,917,1422
300150719,413,890,1303
300150720,109,299,408
300150801,207,143,350
300150802,222,123,345
300150803,202,117,319
300150804,235,112,347
300150805,281,208,489
300150806,268,318,586
300150807,483,465,948
300150808,311,214,525
300150809,257,205,462
300150810,324,243,567
300150811,292,299,591
300150812,281,241,522
300150813,17,17,34
300150814,468,536,1004
300150815,103,164,267
300150901,76,176,252
300150902,128,187,315
300150903,36,46,82
300150904,322,503,825
300150905,393,671,1064
300150906,294,779,1073
300150907,329,655,984
300150908,340,651,991
300150909,195,211,406
300150910,159,209,368
300150911,30,13,43
300151001,187,354,541
300151002,446,752,1198
300151003,258,322,580
300151004,564,858,1422
300151005,461,761,1222
300151006,407,713,1120
300151007,390,562,952
300151008,340,743,1083
300151009,427,984,1411
300151010,387,509,896
300151011,378,883,1261
300151012,390,1231,1621
300151013,290,669,959
300151101,304,424,728
300151102,13,40,53
300151103,233,371,604
300151104,217,350,567
300151105,400,716,1116
300151106,254,326,580
300151107,185,476,661
300151108,282,600,882
300151109,70,84,154
300151110,224,403,627
300151111,313,364,677
300151201,79,97,176
300151202,36,50,86
300151203,48,50,98
300151204,31,127,158
300151205,11,16,27
300151206,32,52,84
300151207,18,22,40
300151208,54,167,221
300151209,33,43,76
300151210,67,50,117
300151211,38,137,175
300151212,268,607,875
300151213,337,548,885
300151214,362,511,873
300151301,457,486,943
300151302,121,20,141
300151303,21,14,35
300151304,338,661,999
300151305,120,346,466
300151306,300,172,472
300151307,74,65,139
300151308,49,73,122
300151309,14,20,34
300151310,314,509,823
300151311,330,436,766
300151312,249,312,561
300151401,10,22,32
300151402,119,98,217
300151403,65,82,147
300151404,60,117,177
300151405,22,50,72
300151406,43,38,81
300151407,29,57,86
300151408,96,178,274
300151501,60,99,159
300151502,90,112,202
300151503,8,14,22
300151504,79,100,179
300151505,83,78,161
300151506,75,133,208
300151507,51,92,143
300151508,59,77,136
300151509,30,44,74
300151510,159,332,491
300151511,236,498,734
300151512,102,108,210
300151513,111,164,275
300151514,87,226,313
300151515,104,190,294
300151601,16,10,26
300151602,64,110,174
300151603,32,43,75
300151604,19,16,35
300151605,21,44,65
300151606,171,215,386
300151607,143,295,438
300210101,356,379,735
300210102,362,477,839
300210103,44,74,118
300210104,459,381,840
300210105,265,273,538
300210106,369,286,655
300210107,347,464,811
300210108,422,730,1152
300210109,259,220,479
300210110,233,140,373
300210111,292,179,471
300210112,261,343,604
300210201,304,350,654
300210202,199,155,354
300210203,361,374,735
300210204,37,36,73
300210205,160,260,420
300210206,121,146,267
300210207,238,377,615
300210208,238,232,470
300210209,197,219,416
300210210,416,381,797
300210211,335,384,719
300210212,385,663,1048
300210301,83,158,241
300210302,136,195,331
300210303,203,213,416
300210304,177,206,383
300210305,181,256,437
300210306,43,56,99
300210307,61,90,151
300210308,106,179,285
300210309,181,326,507
300210310,95,135,230
300210311,83,73,156
300210312,53,42,95
300210401,224,215,439
300210402,14,27,41
300210403,125,125,250
300210404,58,86,144
300210405,236,232,468
300210406,183,150,333
300210407,14,8,22
300210408,22,30,52
300210409,78,98,176
300210410,170,152,322
300210501,79,95,174
300210502,77,138,215
300210503,50,52,102
300210504,99,85,184
300210505,361,310,671
300210506,360,310,670
300210507,307,279,586
300210508,51,28,79
300210509,9,8,17
300210510,57,50,107
300210511,62,81,143
300210512,261,202,463
300210601,103,61,164
300210602,97,76,173
300210603,65,58,123
300210604,207,231,438
300210605,65,52,117
300210606,28,33,61
300210701,17,19,36
300210702,29,18,47
300210703,1,3,4
300210704,45,51,96
300210705,15,14,29
300210706,162,256,418
300210707,177,199,376
300210708,329,284,613
300210709,255,379,634
300210710,301,339,640
300210711,138,489,627
300210712,230,268,498
300210713,149,192,341
300210714,210,349,559
300210715,250,386,636
300210716,237,324,561
300210801,28,9,37
300210802,45,35,80
300210803,46,37,83
300210804,157,147,304
300210805,52,13,65
300210806,55,29,84
300210807,61,31,92
300210808,12,41,53
300210809,64,55,119
300210901,83,140,223
300210902,106,147,253
300210903,251,301,552
300210904,201,150,351
300210905,479,582,1061
300210906,128,150,278
300210907,317,319,636
300210908,242,224,466
300210909,255,243,498
300210910,252,237,489
300210911,281,351,632
300211001,36,46,82
300211002,217,233,450
300211003,89,133,222
300211004,248,241,489
300211005,140,184,324
300211006,256,310,566
300211007,285,310,595
300211101,54,55,109
300211102,43,55,98
300211103,49,27,76
300211104,29,25,54
300211105,15,30,45
300211201,8,8,16
300211202,1,11,12
300211203,36,50,86
300211204,77,44,121
300211205,26,23,49
300211206,58,29,87
300211207,34,33,67
300211208,44,90,134
300211209,29,63,92
300211210,176,368,544
300211211,19,19,38
300211212,47,79,126
300211301,18,42,60
300211302,6,18,24
300280101,502,212,714
300280102,495,648,1143
300280103,320,267,587
300280104,254,172,426
300280105,510,610,1120
300280106,479,688,1167
300280107,369,413,782
300280108,315,264,579
300280109,336,217,553
300280110,458,635,1093
300280111,202,211,413
300280112,261,298,559
300280113,90,279,369
300280114,56,80,136
300280201,160,99,259
300280202,77,73,150
300280203,283,677,960
300280204,359,922,1281
300280205,376,791,1167
300280206,352,578,930
300280301,53,65,118
300280302,9,7,16
300280303,104,155,259
300280304,12,4,16
300280305,35,29,64
300280306,59,91,150
300280307,4,6,10
300280308,133,50,183
300280401,208,269,477
300280402,338,404,742
300280403,466,628,1094
300280404,277,436,713
300280405,284,388,672
300280406,372,461,833
300280407,233,417,650
300280408,336,412,748
300280409,239,263,502
300280410,329,477,806
300280411,273,304,577
300280412,295,330,625
300280413,272,238,510
300280414,267,311,578
300280415,266,319,585
300280416,346,462,808
300280417,270,373,643
300280418,354,454,808
300280419,360,563,923
300280501,296,542,838
300280502,414,428,842
300280503,365,500,865
300280504,243,456,699
300280505,415,693,1108
300280506,191,198,389
300280507,361,429,790
300280508,255,190,445
300280509,301,219,520
300280510,234,156,390
300280511,311,272,583
300280512,457,444,901
300280513,209,217,426
300280514,377,427,804
300280515,303,221,524
300280516,198,147,345
300280517,433,414,847
300280518,422,472,894
300280519,301,431,732
300280601,90,156,246
300280602,107,88,195
300280603,290,335,625
300280604,73,77,150
300280605,131,178,309
300280606,158,216,374
300280607,154,189,343
300280608,255,395,650
300280609,260,348,608
300280610,39,47,86
300280611,117,88,205
300280701,2,1,3
300280702,4,8,12
300280703,13,12,25
300280704,41,39,80
300280705,1,9,10
300280706,12,18,30
300280707,8,10,18
300280708,110,265,375
300280709,270,526,796
300280710,373,661,1034
300280711,230,390,620
300280712,188,491,679
300280801,108,47,155
300280802,66,47,113
300280803,97,101,198
300280804,7,5,12
300280805,125,80,205
300280806,92,56,148
300280807,38,35,73
300280808,119,101,220
300280809,376,671,1047
300280810,290,251,541
300280811,199,215,414
300280812,170,186,356
300280901,109,80,189
300280902,30,30,60
300280903,101,105,206
300280904,89,72,161
300280905,55,49,104
300280906,59,39,98
300280907,320,423,743
300281001,15,19,34
300281002,27,19,46
300281003,4,7,11
300281004,4,10,14
300281005,54,40,94
300281006,8,25,33
300281007,10,12,22
300281008,152,126,278
300281101,25,42,67
300281102,3,4,7
300281103,39,40,79
300281104,58,61,119
300281105,17,12,29
300281106,14,12,26
300281107,175,386,561
300281108,153,273,426
300281201,84,97,181
300281202,1,3,4
300281203,51,48,99
300281204,95,84,179
300281205,53,35,88
300281206,59,49,108
300281207,107,100,207
300281208,271,413,684
300281209,23,29,52
300281210,136,121,257
300281211,81,88,169
300281212,87,100,187
300281213,34,58,92
300281214,59,60,119
300281215,164,185,349
300281301,16,19,35
300281302,9,24,33
300281303,110,125,235
300281304,31,45,76
300281305,10,17,27
300281306,53,37,90
300281307,96,85,181
300281308,11,14,25
300281309,150,183,333
300281310,17,19,36
300350101,201,485,686
300350102,233,441,674
300350103,205,264,469
300350104,486,768,1254
300350105,324,615,939
300350106,280,514,794
300350107,365,386,751
300350108,262,286,548
300350109,177,216,393
300350110,256,449,705
300350111,165,257,422
300350112,402,504,906
300350113,365,298,663
300350114,284,305,589
300350115,259,404,663
300350116,413,570,983
300350117,422,456,878
300350118,306,447,753
300350119,213,582,795
300350201,27,76,103
300350202,48,100,148
300350203,58,110,168
300350204,176,414,590
300350205,52,80,132
300350206,90,171,261
300350301,6,13,19
300350302,76,51,127
300350303,14,9,23
300350304,19,20,39
300350305,5,3,8
300350401,25,36,61
300350402,2,14,16
300350403,44,66,110
300350404,1,4,5
300350405,26,36,62
300350406,15,30,45
300350407,11,54,65
300350408,44,46,90
300350409,51,52,103
300350410,8,14,22
300350411,12,20,32
300350412,9,5,14
300350413,2,0,2
300350414,120,199,319
300350501,26,32,58
300350502,22,28,50
300350503,6,4,10
300350504,29,44,73
300350505,16,18,34
300350506,18,20,38
300350507,82,113,195
300350601,5,6,11
300350602,4,17,21
300350603,16,42,58
300350604,5,18,23
300350605,25,31,56
300350606,20,18,38
300350701,54,117,171
300350702,33,44,77
300350703,22,28,50
300350704,29,30,59
300350705,23,23,46
300350706,58,45,103
300350801,27,29,56
300350802,52,77,129
300350803,27,41,68
300350804,57,84,141
300350805,36,42,78
300350901,25,28,53
300350902,46,37,83
300350903,10,14,24
300350904,5,6,11
300350905,32,43,75
300350906,11,21,32
300350907,12,16,28
300351001,1,3,4
300351002,3,7,10
300351003,25,51,76
300351004,12,21,33
300351005,61,191,252
300351006,92,180,272
300351007,231,385,616
300351101,14,11,25
300351102,29,62,91
300351103,374,616,990
300351104,218,300,518
300351105,211,387,598
300351106,154,220,374
300420101,249,481,730
300420102,288,596,884
300420103,264,441,705
300420104,391,447,838
300420105,283,319,602
300420106,400,456,856
300420107,356,392,748
300420108,220,452,672
300420109,151,299,450
300420110,303,415,718
300420111,229,614,843
300420112,216,431,647
300420201,63,117,180
300420202,75,132,207
300420203,39,109,148
300420204,125,322,447
300420205,148,230,378
300420206,85,221,306
300420301,30,61,91
300420302,70,158,228
300420303,75,154,229
300420304,10,15,25
300420305,50,71,121
300420401,22,21,43
300420402,30,39,69
300420403,17,23,40
300420404,62,89,151
300420405,6,9,15
300420406,28,41,69
300420501,16,20,36
300420502,9,40,49
300420503,130,256,386
300420504,24,106,130
300420601,5,13,18
300420602,27,52,79
300420603,35,72,107
300420604,38,85,123
300420605,25,31,56
300420701,19,25,44
300420702,31,14,45
300420703,41,66,107
300420704,88,193,281
300490101,106,158,264
300490102,503,778,1281
300490103,360,352,712
300490104,196,242,438
300490105,414,401,815
300490106,446,402,848
300490107,417,446,863
300490108,395,414,809
300490109,228,138,366
300490110,274,212,486
300490111,373,332,705
300490112,243,326,569
300490113,177,222,399
300490114,189,189,378
300490201,323,341,664
300490202,444,620,1064
300490203,261,386,647
300490204,268,204,472
300490205,279,252,531
300490206,250,312,562
300490207,184,193,377
300490208,305,165,470
300490209,312,298,610
300490210,449,589,1038
300490211,384,299,683
300490212,199,102,301
300490213,342,216,558
300490214,248,155,403
300490215,183,219,402
300490216,144,244,388
300490217,104,137,241
300490218,363,375,738
300490219,331,265,596
300490220,371,439,810
300490221,269,510,779
300490222,229,460,689
300490301,448,570,1018
300490302,281,194,475
300490303,197,120,317
300490304,263,187,450
300490305,334,252,586
300490306,381,469,850
300490307,305,524,829
300490308,412,648,1060
300490309,465,710,1175
300490310,447,859,1306
300490311,136,316,452
300490312,262,582,844
300490401,170,203,373
300490402,113,171,284
300490403,123,159,282
300490404,8,45,53
300490405,15,37,52
300490406,5,9,14
300490407,131,166,297
300490408,59,52,111
300490409,148,233,381
300490410,1,4,5
300490411,193,290,483
300490412,400,725,1125
300490413,325,672,997
300490414,277,419,696
300490415,238,472,710
300490416,3,4,7
300490417,92,190,282
300490501,43,27,70
300490502,32,25,57
300490503,45,74,119
300490504,14,18,32
300490505,25,28,53
300490506,23,39,62
300490507,31,32,63
300490508,52,51,103
300490509,38,51,89
300490510,54,67,121
300490511,165,193,358
300490512,51,98,149
300490513,19,20,39
300490601,40,30,70
300490602,35,28,63
300490603,44,26,70
300490604,19,17,36
300490605,51,32,83
300490606,27,25,52
300490607,9,11,20
300490608,5,9,14
300490609,49,50,99
300490610,20,18,38
300490611,115,200,315
300490701,25,22,47
300490702,52,120,172
300490703,27,24,51
300490704,8,11,19
300490705,10,16,26
300490706,52,50,102
300490707,33,15,48
300490708,47,34,81
300490709,23,15,38
300490710,11,18,29
300490711,17,28,45
300490712,15,11,26
300490801,2,7,9
300490802,16,65,81
300490803,10,39,49
300490804,37,35,72
300490805,12,45,57
300490806,29,81,110
300490807,14,6,20
300490901,21,43,64
300490902,45,107,152
300491001,2,0,2
300491002,13,19,32
300491003,24,38,62
300491004,19,22,41
300491005,102,131,233
300491006,258,195,453
300491007,385,451,836
300491008,238,254,492
300491009,185,176,361
300491010,417,466,883
300491011,435,513,948
300560101,390,491,881
300560102,324,549,873
300560103,557,614,1171
300560104,442,378,820
300560105,504,548,1052
300560106,490,548,1038
300560107,497,611,1108
300560108,481,466,947
300560109,293,391,684
300560110,478,554,1032
300560111,499,391,890
300560112,217,142,359
300560113,257,168,425
300560114,309,247,556
300560115,581,474,1055
300560116,483,442,925
300560117,421,332,753
300560118,162,115,277
300560119,292,185,477
300560120,296,222,518
300560121,252,144,396
300560122,374,205,579
300560201,410,400,810
300560202,292,406,698
300560203,431,774,1205
300560204,185,278,463
300560205,501,783,1284
300560206,442,780,1222
300560207,321,311,632
300560208,287,316,603
300560209,273,299,572
300560210,261,244,505
300560211,209,155,364
300560212,274,206,480
300560213,283,233,516
300560214,316,304,620
300560215,304,265,569
300560216,372,489,861
300560217,267,385,652
300560218,238,231,469
300560219,263,157,420
300560220,356,244,600
300560221,293,195,488
300560301,99,57,156
300560302,159,72,231
300560303,558,312,870
300560304,240,122,362
300560305,179,132,311
300560306,242,180,422
300560307,288,237,525
300560308,360,361,721
300560309,247,172,419
300560310,330,208,538
300560311,275,166,441
300560312,314,316,630
300560313,434,591,1025
300560314,347,412,759
300560315,173,159,332
300560316,292,284,576
300560317,490,452,942
300560318,475,529,1004
300560319,141,274,415
300560401,332,233,565
300560402,277,226,503
300560403,208,141,349
300560404,216,149,365
300560405,455,360,815
300560406,281,292,573
300560407,384,387,771
300560408,536,461,997
300560409,420,504,924
300560410,517,554,1071
300560411,400,466,866
300560412,336,546,882
300560413,320,503,823
300560414,462,827,1289
300560415,391,586,977
300560416,266,329,595
300560417,443,401,844
300560418,353,452,805
300560501,220,183,403
300560502,233,227,460
300560503,189,265,454
300560504,432,428,860
300560505,275,383,658
300560506,239,215,454
300560507,349,353,702
300560508,246,426,672
300560509,270,324,594
300560510,319,421,740
300560511,378,429,807
300560512,247,260,507
300560513,416,445,861
300560601,71,113,184
300560602,164,182,346
300560603,28,46,74
300560604,63,71,134
300560605,416,904,1320
300560606,421,505,926
300560607,184,152,336
300560608,461,638,1099
300560609,25,31,56
300560610,254,375,629
300560611,89,106,195
300560612,16,33,49
300560701,509,745,1254
300560702,405,576,981
300560703,93,81,174
300560704,45,34,79
300560705,136,120,256
300560706,350,443,793
300560707,71,74,145
300560801,22,23,45
300560802,18,16,34
300560803,0,1,1
300560804,56,70,126
300560805,17,13,30
300560806,17,15,32
300560807,12,5,17
300560808,77,55,132
300560809,16,28,44
300560810,62,99,161
300560811,205,196,401
300560812,126,162,288
300560901,32,30,62
300560902,62,36,98
300560903,11,5,16
300560904,11,15,26
300560905,12,5,17
300560906,37,16,53
300560907,58,51,109
300560908,77,57,134
300560909,66,31,97
300560910,28,20,48
300560911,171,169,340
300560912,14,11,25
300560913,17,17,34
300560914,8,6,14
300560915,230,205,435
300560916,281,259,540
300561001,62,64,126
300561002,7,5,12
300561003,55,70,125
300561004,92,98,190
300561005,45,56,101
300561006,7,7,14
300561007,25,11,36
300561008,29,36,65
300561009,95,108,203
300561010,25,19,44
300561011,73,66,139
300561101,4,5,9
300561102,14,21,35
300561103,23,20,43
300561104,15,19,34
300561105,22,13,35
300561106,21,17,38
300561107,27,22,49
300561108,7,6,13
300561109,25,23,48
300561110,21,13,34
300561111,139,129,268
300561201,87,98,185
300561202,66,64,130
300561203,24,17,41
300561204,55,40,95
300561205,63,55,118
300561206,57,64,121
300561207,51,53,104
300561208,55,54,109
300561209,26,15,41
300561301,9,6,15
300561302,63,75,138
300561303,22,28,50
300561304,11,11,22
300561305,21,14,35
300561306,50,93,143
300561307,20,25,45
300561308,27,37,64
300561309,9,7,16
300561310,30,28,58
300561401,59,60,119
300561402,7,21,28
300561403,10,15,25
300561404,11,21,32
300561405,21,26,47
300561406,278,385,663
300561501,210,275,485
300561502,237,433,670
300561503,275,382,657
300561504,257,294,551
300561505,209,131,340
300561506,289,283,572
300561507,389,309,698
300561508,196,177,373
300561509,308,266,574
300561510,148,134,282
300561511,330,401,731
300561512,323,262,585
300561513,376,323,699
300561601,92,110,202
300561602,69,47,116
300561603,1,1,2
300561604,162,192,354
300561605,29,10,39
300561701,30,19,49
300561702,97,95,192
300561703,197,290,487
300561704,395,307,702
300561705,331,393,724
300561706,179,205,384
300561707,273,430,703
300561708,256,294,550
300561709,249,194,443
300561710,210,257,467
300561711,241,234,475
300561712,247,249,496
300561801,38,35,73
300561802,19,23,42
300561803,5,15,20
300561804,32,36,68
300561805,26,21,47
300561806,23,21,44
300561807,23,23,46
300561808,91,82,173
300561809,101,90,191
300561810,209,240,449
300561811,248,277,525
300561812,151,154,305
300561813,129,116,245
300561814,105,117,222
300561815,25,10,35
300630101,24,49,73
300630102,15,32,47
300630103,120,161,281
300630104,46,59,105
300630105,26,64,90
300630106,7,17,24
300630107,72,82,154
300630108,45,56,101
300630109,7,13,20
300630110,328,481,809
300630111,318,548,866
300630201,42,59,101
300630202,13,24,37
300630203,59,122,181
300630204,342,542,884
300630205,462,620,1082
300630206,378,478,856
300630207,357,566,923
300630301,34,31,65
300630302,19,26,45
300630303,32,37,69
300630304,159,325,484
300630401,1,2,3
300630402,0,0,0
300630403,5,5,10
300630404,7,9,16
300630405,11,22,33
300630406,50,105,155
300630407,8,23,31
300630408,13,27,40
300630409,14,25,39
300630410,0,0,0
300630411,1,2,3
300630412,160,413,573
300630413,237,586,823
300630501,12,39,51
300630502,30,81,111
300630503,6,13,19
300630504,28,73,101
300630505,69,119,188
300630506,4,17,21
300630507,26,68,94
300630508,115,196,311
300630509,60,64,124
300630510,8,14,22
300630511,20,15,35
300630512,31,78,109
300630513,7,1,8
300630514,0,3,3
300700101,152,169,321
300700102,246,179,425
300700103,207,217,424
300700104,195,425,620
300700105,187,362,549
300700106,361,508,869
300700107,281,266,547
300700108,334,342,676
300700109,382,313,695
300700110,260,329,589
300700111,296,338,634
300700112,250,224,474
300700113,397,447,844
300700114,442,767,1209
300700115,460,433,893
300700201,345,540,885
300700202,253,461,714
300700203,303,610,913
300700204,245,481,726
300700205,157,382,539
300700206,359,595,954
300700207,162,266,428
300700208,172,368,540
300700209,231,547,778
300700210,237,535,772
300700301,6,7,13
300700302,74,121,195
300700303,301,436,737
300700304,304,363,667
300700305,132,234,366
300700306,73,112,185
300700307,56,116,172
300700308,338,373,711
300700309,176,202,378
300700310,404,533,937
300700311,212,281,493
300700312,102,157,259
300700313,22,62,84
300700314,9,13,22
300700401,52,130,182
300700402,43,74,117
300700403,4,6,10
300700404,21,11,32
300700405,26,53,79
300700406,98,162,260
300700407,47,107,154
300700408,71,177,248
300700409,59,45,104
300700410,2,0,2
300700411,70,91,161
300700412,18,26,44
300700413,36,54,90
300700414,51,79,130
300700415,72,120,192
300700416,20,50,70
300700501,44,39,83
300700502,33,52,85
300700503,38,80,118
300700504,6,24,30
300700505,68,76,144
300700506,65,55,120
300700507,47,73,120
300700508,6,10,16
300700509,38,38,76
300700510,141,275,416
300700511,263,422,685
300700601,11,8,19
300700602,15,23,38
300700603,14,11,25
300700604,34,37,71
300700605,4,8,12
300700606,5,17,22
300700607,26,29,55
300700608,65,149,214
300700609,23,59,82
300700701,71,104,175
300700702,27,45,72
300700703,43,132,175
300700704,32,30,62
300700705,38,46,84
300700706,44,67,111
300700801,14,39,53
300700802,13,29,42
300700803,32,46,78
300700804,20,25,45
300700805,19,15,34
300700806,26,39,65
300700807,18,22,40
300700808,16,8,24
300700809,32,20,52
300700810,137,259,396
300700901,27,66,93
300700902,11,23,34
300700903,73,137,210
300700904,25,52,77
300700905,33,168,201
300700906,3,15,18
300700907,94,96,190
300700908,37,33,70
300700909,88,146,234
300701001,1,1,2
300701002,11,14,25
300701003,123,237,360
300701004,209,588,797
300701005,210,525,735
300701006,148,263,411
300701007,185,262,447
300701008,331,626,957
300701009,311,585,896
300701010,360,552,912
300701011,252,333,585
300701101,242,259,501
300701102,162,271,433
300701103,236,395,631
300701104,338,745,1083
300701105,184,420,604
300701106,417,639,1056
300701107,254,551,805
300701108,294,379,673
300701109,227,501,728
300701110,378,865,1243
300701111,330,797,1127
300701112,49,267,316
300701201,75,166,241
300701202,20,38,58
300701203,23,36,59
300701204,77,134,211
300701205,37,27,64
300701206,36,39,75
300701207,39,60,99
300701208,37,41,78
300701209,48,72,120
300701210,25,29,54
300701211,0,0,0
300701212,100,124,224
300701213,351,620,971
300701301,89,160,249
300701302,117,148,265
300701303,31,41,72
300701304,62,66,128
300701305,10,22,32
300701306,20,36,56
300701307,22,45,67
300701308,69,99,168
300701309,208,423,631
300701310,129,173,302
300701311,217,319,536
300701312,210,334,544
300701401,15,25,40
300701402,22,35,57
300701403,26,16,42
300701404,27,23,50
300701405,321,775,1096
300701406,294,355,649
300701407,244,433,677
300701408,256,579,835
300701409,272,398,670
300701410,265,259,524
300701411,501,551,1052
300701412,317,396,713
300701413,419,752,1171
300701501,5,9,14
300770101,122,253,375
300770102,378,474,852
300770103,252,266,518
300770104,243,405,648
300770105,251,492,743
300770106,240,356,596
300770107,271,304,575
300770108,273,269,542
300770109,343,339,682
300770110,428,557,985
300770111,191,163,354
300770112,103,178,281
300770113,415,408,823
300770114,390,277,667
300770115,331,231,562
300770201,305,363,668
300770202,377,377,754
300770203,157,212,369
300770204,264,271,535
300770205,335,210,545
300770206,263,257,520
300770207,323,340,663
300770208,318,217,535
300770209,220,348,568
300770210,310,431,741
300770211,340,365,705
300770212,113,200,313
300770213,405,524,929
300770214,194,362,556
300770215,247,428,675
300770216,424,672,1096
300770217,133,239,372
300770301,18,18,36
300770302,89,98,187
300770303,24,41,65
300770304,82,165,247
300770305,128,171,299
300770306,95,133,228
300770401,17,14,31
300770402,44,20,64
300770403,67,44,111
300770404,51,39,90
300770405,67,94,161
300770406,49,42,91
300770407,48,48,96
300770408,49,70,119
300770409,21,23,44
300770410,39,47,86
300770411,23,33,56
300770412,19,22,41
300770413,10,11,21
300770414,65,51,116
300770415,41,29,70
300770416,38,74,112
300770417,25,20,45
300770501,51,42,93
300770502,7,8,15
300770503,45,16,61
300770504,24,23,47
300770505,77,74,151
300770506,67,56,123
300770507,65,59,124
300770508,27,25,52
300770509,9,6,15
300770510,36,55,91
300770511,14,10,24
300770512,11,3,14
300770513,44,22,66
300770514,48,63,111
300770515,32,26,58
300770516,64,81,145
300770517,47,34,81
300770518,32,34,66
300770519,5,9,14
300770601,84,59,143
300770602,19,10,29
300770603,60,61,121
300770604,10,5,15
300770605,88,58,146
300770606,46,71,117
300770607,60,34,94
300770608,20,9,29
300770609,24,27,51
300770610,52,51,103
300770611,21,44,65
300770612,138,131,269
300770613,8,6,14
300770701,82,56,138
300770702,43,44,87
300770703,25,15,40
300770704,32,14,46
300770705,30,28,58
300770706,263,330,593
300770707,352,443,795
300770708,11,24,35
300770709,47,34,81
300770710,25,33,58
300770711,10,8,18
300770801,92,164,256
300770802,173,203,376
300770803,174,203,377
300770804,173,200,373
300770805,45,31,76
300770806,69,96,165
300770807,10,4,14
300770901,40,17,57
300770902,12,23,35
300770903,30,24,54
300770904,85,107,192
300770905,19,13,32
300770906,123,103,226
300770907,24,25,49
300770908,29,40,69
300771001,40,33,73
300771002,45,56,101
300771003,20,32,52
300771004,7,17,24
300771005,16,14,30
300771006,6,4,10
300771101,52,37,89
300771102,34,33,67
300771103,64,96,160
300771104,39,16,55
300771105,26,26,52
300771106,7,13,20
300771107,1,6,7
300771108,39,16,55
300771109,39,36,75
300771110,57,60,117
300771111,29,36,65
300771112,62,34,96
300771113,70,35,105
300771114,33,45,78
300771115,28,30,58
300771201,359,515,874
300771202,158,215,373
300771203,277,260,537
300771204,247,228,475
300771205,256,243,499
300771206,227,230,457
300771207,299,319,618
300771208,39,78,117
300771209,31,49,80
300771210,20,15,35
300771211,12,15,27
300771212,16,5,21
300771213,3,2,5
300840101,337,497,834
300840102,290,543,833
300840103,124,196,320
300840104,316,653,969
300840105,298,562,860
300840106,258,412,670
300840107,193,375,568
300840108,446,860,1306
300840109,139,211,350
300840110,207,449,656
300840111,378,873,1251
300840112,337,733,1070
300840113,375,751,1126
300840114,433,920,1353
300840201,239,495,734
300840202,259,183,442
300840203,353,201,554
300840204,272,184,456
300840205,423,370,793
300840206,251,179,430
300840207,251,203,454
300840208,428,692,1120
300840209,289,253,542
300840210,173,117,290
300840211,288,203,491
300840212,296,235,531
300840213,302,262,564
300840214,231,197,428
300840215,344,299,643
300840216,415,578,993
300840217,378,308,686
300840218,295,292,587
300840219,292,246,538
300840220,268,186,454
300840221,258,191,449
300840222,185,163,348
300840223,182,108,290
300840224,161,140,301
300840301,409,358,767
300840302,339,604,943
300840303,327,414,741
300840304,364,278,642
300840305,422,986,1408
300840306,344,273,617
300840307,237,203,440
300840308,276,218,494
300840309,330,246,576
300840310,396,404,800
300840311,319,341,660
300840312,241,247,488
300840313,173,156,329
300840314,385,357,742
300840315,212,303,515
300840316,239,240,479
300840317,282,244,526
300840318,535,394,929
300840319,126,88,214
300840320,268,207,475
300840321,181,174,355
300840322,106,109,215
300840323,186,141,327
300840401,353,682,1035
300840402,279,614,893
300840403,193,115,308
300840404,495,560,1055
300840405,321,459,780
300840406,349,360,709
300840407,274,256,530
300840408,355,364,719
300840409,450,633,1083
300840410,331,485,816
300840411,506,730,1236
300840412,437,666,1103
300840413,315,397,712
300840414,349,482,831
300840415,534,733,1267
300840416,560,598,1158
300840417,417,531,948
300840418,345,617,962
300840419,190,285,475
300840420,367,343,710
300840421,342,355,697
300840501,512,490,1002
300840502,336,338,674
300840503,342,428,770
300840504,435,495,930
300840505,598,906,1504
300840506,311,389,700
300840507,334,350,684
300840508,430,540,970
300840509,239,337,576
300840510,331,351,682
300840511,207,296,503
300840512,523,508,1031
300840513,311,445,756
300840514,546,637,1183
300840515,302,349,651
300840516,523,517,1040
300840517,392,404,796
300840518,271,351,622
300840519,293,312,605
300840520,377,396,773
300840521,246,280,526
300840522,453,399,852
300840523,494,460,954
300840524,478,420,898
300840601,282,345,627
300840602,100,96,196
300840603,263,160,423
300840604,380,366,746
300840605,174,213,387
300840606,238,192,430
300840607,189,194,383
300840608,434,370,804
300840609,181,141,322
300840610,68,61,129
300840611,145,143,288
300840612,384,302,686
300840613,173,192,365
300840614,189,197,386
300840615,349,308,657
300840616,402,379,781
300840617,396,324,720
300840618,323,271,594
300840619,342,357,699
300840620,416,389,805
300840621,407,384,791
300840622,296,309,605
300840623,315,387,702
300840701,377,402,779
300840702,364,292,656
300840703,136,100,236
300840704,92,91,183
300840705,169,155,324
300840706,249,246,495
300840707,219,210,429
300840708,372,355,727
300840709,454,456,910
300840710,414,368,782
300840711,439,360,799
300840712,427,404,831
300840713,456,670,1126
300840714,458,696,1154
300840715,354,487,841
300840801,276,333,609
300840802,409,533,942
300840803,343,408,751
300840804,501,545,1046
300840805,486,639,1125
300840806,380,591,971
300840807,478,447,925
300840808,258,256,514
300840809,333,367,700
300840810,416,567,983
300840811,448,355,803
300840812,343,469,812
300840813,43,38,81
300840814,472,453,925
300840815,373,512,885
300840816,355,646,1001
300840817,337,523,860
300840818,465,598,1063
300840819,496,602,1098
300840820,437,449,886
300840821,558,588,1146
300840822,480,568,1048
300840823,258,281,539
300840901,338,428,766
300840902,348,384,732
300840903,188,162,350
300840904,383,402,785
300840905,228,222,450
300840906,332,317,649
300840907,608,636,1244
300840908,386,293,679
300840909,402,510,912
300840910,322,314,636
300840911,473,515,988
300840912,347,411,758
300840913,486,541,1027
300840914,441,448,889
300840915,168,223,391
300840916,356,518,874
300840917,435,595,1030
300841001,369,358,727
300841002,320,508,828
300841003,370,412,782
300841004,229,226,455
300841005,271,275,546
300841006,286,269,555
300841007,322,353,675
300841008,378,436,814
300841009,436,543,979
300841010,290,294,584
300841011,361,426,787
300841012,356,342,698
300841013,308,412,720
300841014,449,657,1106
300841015,428,614,1042
300841016,258,288,546
300841017,449,500,949
300841018,394,688,1082
300841019,228,222,450
300841020,549,585,1134
300841021,397,463,860
300841101,147,145,292
300841102,321,416,737
300841103,490,636,1126
300841104,288,646,934
300841105,146,228,374
300841106,410,672,1082
300841107,431,645,1076
300841108,328,378,706
300841109,96,108,204
300841110,607,783,1390
300841111,344,500,844
300841112,305,445,750
300841113,191,343,534
300841114,388,604,992
300841201,97,140,237
300841202,270,246,516
300841203,65,82,147
300841204,74,56,130
300841205,289,488,777
300841206,82,121,203
300841207,344,351,695
300841208,86,81,167
300841209,80,57,137
300841210,170,313,483
300841211,213,324,537
300841212,6,20,26
300841301,375,697,1072
300841302,207,342,549
300841303,50,74,124
300841304,228,360,588
300841305,91,65,156
300841306,180,374,554
300841307,172,352,524
300841401,389,509,898
300841402,500,584,1084
300841403,426,490,916
300841404,421,606,1027
300841405,417,669,1086
300841406,575,681,1256
300841407,513,591,1104
300841408,320,330,650
300841409,440,469,909
300841410,426,522,948
300841411,412,509,921
300841412,466,642,1108
300841413,187,299,486
300841414,457,597,1054
300841415,162,206,368
300841416,393,469,862
300841417,396,689,1085
300841501,357,485,842
300841502,174,265,439
300841503,530,693,1223
300841504,397,502,899
300841505,207,260,467
300841506,483,670,1153
300841507,479,683,1162
300841508,433,673,1106
300841509,217,371,588
300841510,339,513,852
300841511,209,280,489
300841512,419,623,1042
300841513,2,11,13
300841601,421,634,1055
300841602,344,314,658
300841603,422,419,841
300841604,337,375,712
300841605,279,282,561
300841606,430,452,882
300841607,451,470,921
300841608,416,606,1022
300841609,377,439,816
300841610,387,431,818
300841611,384,549,933
300841701,76,285,361
300841702,326,639,965
300841703,323,525,848
300841704,360,455,815
300841705,342,381,723
300841706,248,254,502
300841707,530,642,1172
300841708,375,597,972
300841709,419,547,966
300841710,444,726,1170
300841711,341,465,806
300841712,292,431,723
300841713,455,495,950
300841714,441,859,1300
300841715,325,608,933
300841716,245,438,683
300841717,204,453,657
300841718,282,396,678
300841719,363,917,1280
300841801,32,48,80
300841802,290,587,877
300841803,172,222,394
300841804,100,181,281
300841901,34,40,74
300841902,13,13,26
300841903,2,7,9
300841904,4,12,16
300841905,178,324,502
300841906,177,267,444
300841907,98,161,259
300841908,21,38,59
300841909,140,188,328
300841910,191,271,462
300841911,171,212,383
300841912,71,52,123
300842001,12,16,28
300842002,100,109,209
300842003,78,79,157
300842004,75,33,108
300842005,41,22,63
300842006,27,26,53
300842007,27,29,56
300842101,356,658,1014
300842102,140,198,338
300842103,192,326,518
300842104,189,301,490
300842105,122,245,367
300842106,589,883,1472
300842107,300,413,713
300842108,344,425,769
300842201,203,232,435
300842202,148,185,333
300842203,66,99,165
300842204,104,181,285
300842205,83,165,248
300842206,334,383,717
300842207,61,64,125
300842208,29,38,67
300842301,4,19,23
300842302,80,120,200
300842303,9,4,13
300842304,58,97,155
300842305,220,363,583
300842306,193,397,590
300842307,132,261,393
300842308,159,491,650
300842309,191,469,660
300842310,173,371,544
300842311,69,68,137
300842401,58,76,134
300842402,36,40,76
300842403,71,105,176
300842404,51,56,107
300842405,78,78,156
300842406,56,48,104
300842407,132,113,245
300842408,31,23,54
300842409,349,345,694
300842501,3,18,21
300842502,3,17,20
300842503,30,82,112
300842504,30,67,97
300842505,29,65,94
300842506,231,534,765
300842507,264,462,726
300842508,390,587,977
300842509,322,487,809
300842510,265,248,513
300842511,328,326,654
300842512,127,116,243
300842601,4,5,9
300842602,5,8,13
300842603,9,8,17
300842604,12,20,32
300842605,23,26,49
300842606,13,22,35
300842607,42,39,81
300842608,23,20,43
300842609,70,89,159
300842610,69,39,108
300842611,40,22,62
300842612,26,35,61
300842613,77,59,136
300842614,9,28,37
300842615,148,213,361
300842616,145,169,314
300842701,23,30,53
300842702,22,30,52
300842703,248,361,609
300842704,410,362,772
300842705,394,323,717
300842706,126,226,352
300842707,418,525,943
300842708,290,522,812
300842801,132,160,292
300842802,10,19,29
300842803,32,32,64
300842804,12,6,18
300842805,28,35,63
300842806,25,37,62
300842807,11,21,32
300842808,19,28,47
300842809,20,37,57
300842810,23,27,50
300842811,10,26,36
300842812,32,37,69
300842813,16,41,57
300842901,5,13,18
300842902,9,20,29
300842903,24,15,39
300842904,17,16,33
300842905,10,17,27
300842906,15,13,28
300842907,3,12,15
300842908,4,3,7
300842909,15,10,25
300842910,229,441,670
300843001,46,38,84
300843002,80,116,196
300843003,37,33,70
300843004,15,6,21
300843005,115,172,287
300843006,324,298,622
300843007,317,303,620
300843008,234,208,442
300843009,216,189,405
300843010,178,181,359
300843011,224,231,455
300843012,390,315,705
300843013,319,410,729
300843014,61,88,149
300843101,36,33,69
300843102,41,76,117
300843103,15,14,29
300843104,8,11,19
300843105,23,32,55
300843106,21,22,43
300843107,76,74,150
300843108,31,16,47
300843109,46,36,82
300843110,41,34,75
300843111,19,30,49
300843112,55,52,107
300843113,47,24,71
300843114,19,29,48
300843115,106,156,262
300843116,171,104,275
300843201,34,52,86
300843202,112,60,172
300843203,66,46,112
300843204,50,59,109
300843205,158,157,315
300843206,123,156,279
300843207,85,122,207
300843208,51,60,111
300843209,197,243,440
300843210,40,48,88
300843211,48,52,100
300843212,133,148,281
300843213,114,113,227
300843301,12,16,28
300843302,28,45,73
300843303,28,22,50
300843304,18,12,30
300843305,125,111,236
300843306,402,495,897
300843307,470,524,994
300843308,544,442,986
300843309,241,386,627
300843310,131,211,342
300843311,167,254,421
300843312,268,296,564
300843313,321,367,688
300843314,427,533,960
300843401,1,3,4
300843402,15,28,43
300843403,11,5,16
300843404,10,18,28
300843405,18,25,43
300843406,0,0,0
300843407,74,57,131
300843408,71,84,155
300843409,28,26,54
300843410,24,36,60
300843411,15,20,35
300843412,83,46,129
300843413,35,36,71
300843414,47,43,90
300843415,107,97,204
300843416,165,282,447
300843501,28,10,38
300843502,16,19,35
300843503,26,28,54
300843504,12,15,27
300843505,26,17,43
300843506,176,261,437
300843507,124,203,327
300843508,158,216,374
300843601,27,27,54
300843602,35,30,65
300843603,36,19,55
300843604,25,35,60
300843701,260,317,577
300843702,192,305,497
300843703,133,208,341
300843704,506,542,1048
300843705,250,237,487
300843706,332,345,677
300843707,249,278,527
300843708,189,188,377
300843709,195,321,516
300843710,276,336,612
300843711,340,341,681
300843712,239,392,631
300843713,205,341,546
300843714,321,420,741
300843715,32,43,75
300843801,7,8,15
300843802,30,7,37
300843803,27,19,46
300843804,28,18,46
300843805,35,46,81
300843806,18,13,31
300843807,28,53,81
300843808,49,27,76
300843809,27,20,47
300843901,55,121,176
300843902,31,45,76
300843903,74,58,132
300843904,60,57,117
300843905,19,3,22
300843906,14,12,26
300843907,26,21,47
300843908,60,29,89
300843909,56,36,92
300844001,105,39,144
300844002,25,44,69
300844003,35,31,66
300844004,97,87,184
300844005,40,32,72
300844006,22,22,44
300844007,57,44,101
300844008,62,77,139
300844009,50,64,114
300844101,7,11,18
300844102,18,18,36
300844103,29,33,62
300844104,30,29,59
300844105,365,385,750
300844106,273,477,750
300844107,2,2,4
300844108,449,432,881
300844109,260,255,515
300844110,202,237,439
300844201,16,6,22
300844202,75,70,145
300844203,32,26,58
300844204,59,80,139
300844205,20,21,41
300844206,9,19,28
300844207,34,31,65
300844208,22,37,59
300844209,58,50,108
300844301,468,524,992
300844302,247,309,556
300844303,336,328,664
300844304,300,251,551
300844305,352,321,673
300844306,328,375,703
300844307,407,426,833
300844308,275,269,544
300844309,489,472,961
300844310,195,214,409
300844311,246,388,634
300844312,265,377,642
300844313,278,368,646
300844401,398,346,744
300844402,108,110,218
300844403,480,489,969
300844404,477,533,1010
300844405,231,171,402
300844406,269,225,494
300844407,366,386,752
300844408,405,404,809
300844409,185,257,442
300844410,325,475,800
300844411,277,312,589
300844501,63,56,119
300844502,45,54,99
300844503,52,55,107
300844504,72,97,169
300844505,77,70,147
300844506,52,56,108
300844507,191,176,367
300844508,184,144,328
300844509,56,118,174
300844510,155,212,367
300844511,40,34,74
300844601,12,13,25
300880101,371,336,707
300880102,335,310,645
300880103,407,521,928
300880104,327,298,625
300880105,334,204,538
300880106,333,418,751
300880107,281,313,594
300880201,62,87,149
300880202,38,64,102
300880203,52,96,148
300880204,324,547,871
300880205,416,922,1338
300880206,370,677,1047
300880207,427,588,1015
300880208,383,525,908
300880209,247,403,650
300880210,134,189,323
300880301,165,236,401
300880302,7,20,27
300880303,4,7,11
300880304,136,178,314
300880305,163,284,447
300880306,245,437,682
300880307,179,245,424
300880308,166,283,449
300880401,2,11,13
300880402,29,34,63
300880403,7,11,18
300880404,21,18,39
300880405,41,38,79
300880501,26,30,56
300880502,6,5,11
300880503,16,25,41
300880504,32,24,56
300880601,2,1,3
300880602,5,16,21
300880603,7,9,16
300880604,14,13,27
300880605,0,3,3
300880606,15,5,20
300880701,45,41,86
300880702,26,28,54
300880703,9,6,15
300880704,35,25,60
300880705,5,9,14
300880706,30,33,63
300880707,50,40,90
300910101,293,564,857
300910102,407,496,903
300910103,470,461,931
300910104,356,240,596
300910105,258,261,519
300910106,275,154,429
300910107,233,226,459
300910108,392,390,782
300910109,403,351,754
300910110,235,259,494
300910111,278,207,485
300910112,237,201,438
300910113,234,357,591
300910114,76,85,161
300910115,215,297,512
300910116,417,454,871
300910117,289,265,554
300910118,286,405,691
300910201,9,15,24
300910202,17,17,34
300910203,60,90,150
300910204,32,45,77
300910205,63,62,125
300910206,23,5,28
300910207,64,74,138
300910208,139,126,265
300910209,30,39,69
300910301,18,23,41
300910302,96,166,262
300910303,24,24,48
300910304,61,76,137
300910305,29,50,79
300910306,43,64,107
300910307,63,68,131
300910308,10,9,19
300910309,25,28,53
300910401,1,0,1
300910402,16,33,49
300910403,37,41,78
300910404,45,58,103
300910405,22,22,44
300910406,14,19,33
300910407,12,20,32
300910501,230,329,559
300910502,324,312,636
300910503,319,312,631
300910504,300,418,718
300910505,193,132,325
300910506,405,390,795
300910507,352,376,728
300910508,256,515,771
300910509,62,85,147
300910510,31,37,68
300910511,21,15,36
300910512,15,17,32
300910601,25,27,52
300910602,21,7,28
300910603,10,8,18
300910604,32,36,68
300910605,19,13,32
300910606,203,224,427
300910701,18,13,31
300910702,95,89,184
300910703,26,29,55
300910704,5,7,12
300910705,7,9,16
300910706,8,11,19
300910801,12,27,39
300910802,30,19,49
300910803,16,14,30
300910804,7,9,16
300910805,12,9,21
300910806,13,6,19
300910807,13,12,25
300910808,86,111,197
300910901,22,12,34
300910902,10,3,13
300910903,46,41,87
300910904,15,4,19
300910905,34,19,53
300910906,5,6,11
300911001,157,207,364
300911002,216,250,466
300911003,200,229,429
300911004,280,253,533
300911005,105,112,217
300911101,18,4,22
300911102,12,15,27
300911103,21,13,34
300911104,8,7,15
300911105,67,51,118
300911106,29,21,50
300980101,466,743,1209
300980102,359,419,778
300980103,269,420,689
300980104,313,401,714
300980105,391,388,779
300980106,452,647,1099
300980107,276,372,648
300980108,339,335,674
300980109,424,433,857
300980110,438,378,816
300980111,412,560,972
300980112,482,460,942
300980113,504,422,926
300980114,277,249,526
300980115,367,307,674
300980116,557,690,1247
300980117,459,453,912
300980118,332,377,709
300980119,316,381,697
300980120,203,248,451
300980201,371,457,828
300980202,416,505,921
300980203,391,439,830
300980204,422,356,778
300980205,405,366,771
300980206,197,159,356
300980207,232,308,540
300980208,384,405,789
300980209,401,570,971
300980210,346,358,704
300980211,413,490,903
300980212,428,551,979
300980213,317,336,653
300980214,384,510,894
300980215,289,328,617
300980301,236,194,430
300980302,285,212,497
300980303,492,301,793
300980304,428,330,758
300980305,408,341,749
300980306,329,208,537
300980307,350,205,555
300980308,280,157,437
300980309,277,206,483
300980310,237,163,400
300980311,64,51,115
300980312,234,158,392
300980313,194,137,331
300980314,262,249,511
300980315,175,153,328
300980316,371,299,670
300980317,214,142,356
300980318,283,219,502
300980401,218,267,485
300980402,296,278,574
300980403,351,291,642
300980404,230,160,390
300980405,205,144,349
300980406,298,174,472
300980407,193,129,322
300980408,268,163,431
300980409,292,276,568
300980410,348,516,864
300980411,371,437,808
300980412,263,303,566
300980413,392,474,866
300980414,263,393,656
300980415,278,240,518
300980416,273,259,532
300980417,291,279,570
300980418,340,506,846
300980419,152,301,453
300980420,170,199,369
300980421,202,216,418
300980501,142,191,333
300980502,220,211,431
300980503,56,69,125
300980504,289,616,905
300980505,26,38,64
300980506,475,573,1048
300980507,265,432,697
300980508,468,636,1104
300980509,491,802,1293
300980510,331,485,816
300980511,437,509,946
300980512,368,446,814
300980513,397,476,873
300980514,91,123,214
300980601,17,30,47
300980602,80,93,173
300980603,102,128,230
300980604,121,109,230
300980605,286,367,653
300980606,453,704,1157
300980607,386,599,985
300980608,453,584,1037
300980609,192,188,380
300980610,326,398,724
300980611,390,578,968
300980612,39,65,104
300980613,44,63,107
300980614,82,83,165
300980701,501,490,991
300980702,120,151,271
300980703,337,345,682
300980704,251,245,496
300980705,142,209,351
300980706,212,219,431
300980707,385,423,808
300980708,234,226,460
300980709,270,262,532
300980710,248,211,459
300980711,209,284,493
300980712,225,169,394
300980713,254,276,530
300980714,213,275,488
300980715,276,426,702
300980716,138,196,334
300980801,19,13,32
300980802,25,15,40
300980803,8,4,12
300980804,19,13,32
300980805,50,58,108
300980901,5,22,27
300980902,18,12,30
300980903,144,196,340
300980904,0,10,10
300980905,6,15,21
300980906,66,56,122
300980907,144,135,279
300980908,125,147,272
300980909,32,37,69
300980910,47,40,87
300980911,22,7,29
300980912,124,65,189
300980913,104,107,211
300980914,82,57,139
300980915,35,16,51
300980916,17,21,38
300980917,26,18,44
300981001,247,254,501
300981002,237,311,548
300981003,67,47,114
300981004,21,38,59
300981005,78,45,123
300981006,25,12,37
300981007,5,9,14
300981101,159,161,320
300981102,122,189,311
300981103,144,197,341
300981104,107,186,293
300981105,18,20,38
300981106,9,15,24
300981201,16,14,30
300981202,10,5,15
300981203,16,11,27
300981204,8,3,11
300981205,10,8,18
300981206,8,11,19
300981301,16,13,29
300981302,7,7,14
300981303,16,24,40
300981304,6,10,16
300981305,22,17,39
300981306,28,32,60
300981307,64,61,125
300981308,31,23,54
300981309,162,205,367
300981310,206,203,409
300981311,140,189,329
300981312,68,102,170
300981313,29,31,60
300981314,22,26,48
300981401,67,28,95
300981402,56,42,98
300981403,67,49,116
300981404,18,16,34
300981405,308,317,625
300981406,59,42,101
300981407,31,38,69
300981408,19,9,28
300981409,403,465,868
300981410,137,119,256
300981411,166,110,276
300981412,18,32,50
300981413,67,67,134
300981414,66,73,139
300981415,35,37,72
300981416,41,62,103
300981501,36,54,90
300981502,130,145,275
300981503,342,385,727
300981504,159,168,327
300981505,36,37,73
300981506,27,20,47
300981507,53,46,99
300981508,71,44,115
300981509,77,86,163
300981510,174,201,375
300981511,277,313,590
300981512,173,143,316
300981513,166,137,303
300981514,29,9,38
300981515,39,16,55
300981516,52,35,87
300981601,6,9,15
300981602,15,12,27
300981603,70,51,121
300981604,74,76,150
300981605,99,133,232
300981606,50,61,111
300981701,32,38,70
300981702,141,136,277
300981703,145,193,338
300981704,114,177,291
300981705,37,38,75
300981706,17,15,32
300981707,14,26,40
300981708,29,37,66
300981709,31,43,74
300981801,1,1,2
300981802,15,14,29
301050101,244,361,605
301050102,190,315,505
301050103,232,348,580
301050104,385,482,867
301050105,168,261,429
301050106,159,218,377
301050107,320,354,674
301050108,316,349,665
301050109,229,312,541
301050110,367,311,678
301050111,229,135,364
301050112,259,149,408
301050201,234,209,443
301050202,316,368,684
301050203,278,374,652
301050204,233,283,516
301050205,315,258,573
301050206,306,285,591
301050207,250,426,676
301050208,285,399,684
301050209,331,376,707
301050210,391,237,628
301050211,228,196,424
301050212,297,235,532
301050213,267,329,596
301050301,317,414,731
301050302,50,38,88
301050303,475,495,970
301050304,313,403,716
301050305,337,154,491
301050306,378,365,743
301050307,354,416,770
301050308,393,269,662
301050309,291,307,598
301050310,321,323,644
301050401,199,77,276
301050402,180,166,346
301050403,320,149,469
301050404,320,472,792
301050405,216,255,471
301050406,481,441,922
301050407,272,369,641
301050408,123,107,230
301050409,253,531,784
301050410,348,633,981
301050501,108,106,214
301050502,22,12,34
301050503,87,98,185
301050504,73,103,176
301050601,51,64,115
301050602,27,33,60
301050603,17,7,24
301050604,33,19,52
301050605,86,82,168
301050606,177,140,317
301050607,25,17,42
301050608,12,12,24
301050609,67,61,128
301050610,191,319,510
301050611,45,74,119
301050612,85,90,175
301050701,24,7,31
301050702,34,28,62
301050703,59,46,105
301050704,22,10,32
301050705,25,49,74
301050706,23,30,53
301050707,31,44,75
301050708,66,78,144
301050709,25,34,59
301050710,6,5,11
301050711,142,237,379
301050712,210,223,433
301050713,21,33,54
301050714,13,21,34
301050715,86,100,186
301050801,6,23,29
301050802,12,23,35
301050803,5,15,20
301050804,15,21,36
301050805,17,22,39
301050806,12,33,45
301050807,7,24,31
301050808,12,24,36
301050809,10,19,29
301050810,22,48,70
301050811,16,49,65
301050812,47,85,132
301130101,109,194,303
301130102,1,0,1
301130103,371,605,976
301130104,302,418,720
301130105,456,604,1060
301130106,274,446,720
301130107,216,290,506
301130108,345,423,768
301130109,377,551,928
301130110,278,390,668
301130111,367,427,794
301130112,336,451,787
301130113,266,300,566
301130114,233,267,500
301130115,401,487,888
301130116,204,354,558
301130117,237,342,579
301130118,344,395,739
301130119,279,297,576
301130120,140,105,245
301130121,221,153,374
301130122,389,581,970
301130123,379,406,785
301130201,333,315,648
301130202,150,119,269
301130203,245,216,461
301130204,302,320,622
301130205,334,303,637
301130206,149,138,287
301130207,167,125,292
301130208,281,265,546
301130209,273,305,578
301130210,304,264,568
301130211,342,532,874
301130212,333,535,868
301130213,157,304,461
301130214,364,427,791
301130215,247,385,632
301130216,220,426,646
301130301,10,15,25
301130302,91,110,201
301130303,190,395,585
301130304,111,124,235
301130305,237,438,675
301130306,69,92,161
301130307,348,610,958
301130308,160,265,425
301130309,295,551,846
301130310,389,731,1120
301130311,207,481,688
301130312,13,33,46
301130401,12,7,19
301130402,3,3,6
301130403,11,16,27
301130404,217,408,625
301130405,282,396,678
301130406,318,701,1019
301130501,14,14,28
301130502,0,0,0
301130503,4,24,28
301130504,162,393,555
301130505,186,207,393
301130506,138,165,303
301130507,100,185,285
301130601,13,21,34
301130602,31,19,50
301130603,65,153,218
301130604,14,31,45
301130605,11,19,30
301130606,126,249,375
301130607,45,66,111
301130608,78,164,242
301130609,40,82,122
301130610,29,44,73
301130701,20,41,61
301130702,77,186,263
301130703,44,104,148
301130704,23,58,81
301130705,63,75,138
301130706,99,184,283
301130801,15,44,59
301130802,9,16,25
301130803,19,16,35
301130804,40,17,57
301130805,70,59,129
301130806,78,148,226
301130807,44,61,105
301130808,29,80,109
301130809,20,23,43
301130810,16,17,33
301130811,19,16,35
301130812,21,17,38
301130813,22,28,50
301130814,35,22,57
301130815,34,48,82
301130901,22,37,59
301130902,28,28,56
301130903,28,49,77
301130904,22,31,53
301130905,28,23,51
301130906,56,90,146
301130907,31,21,52
301130908,8,21,29
301131001,28,38,66
301131002,79,106,185
301131003,31,59,90
301131004,42,119,161
301131005,68,71,139
301131006,26,33,59
301131007,53,64,117
301131008,52,90,142
301131101,17,13,30
301131102,7,5,12
301131103,60,56,116
301131104,52,94,146
301131105,51,58,109
301131106,99,165,264
301131107,12,10,22
301131108,39,9,48
301131109,26,46,72
301131110,45,57,102
301131201,12,48,60
301131202,17,22,39
301131203,119,214,333
301131204,93,100,193
301131205,11,14,25
301131206,33,41,74
301131207,20,18,38
301131208,40,65,105
301131209,56,64,120
301131301,10,2,12
301131302,30,70,100
301131303,13,24,37
301131304,23,38,61
301131305,10,12,22
301131306,14,34,48
301131307,11,2,13
301131308,138,180,318
301131309,87,146,233
301131401,27,17,44
301131402,50,37,87
301131403,14,9,23
301131404,12,14,26
301131405,37,54,91
301131406,14,18,32
301131407,12,14,26
301131408,5,14,19
301131409,13,6,19
301131410,7,2,9
301131411,115,232,347
340070101,70,286,356
340070102,229,951,1180
340070201,135,599,734
340070202,27,78,105
340070203,116,481,597
340070204,94,444,538
340070301,32,153,185
340070401,56,135,191
340070402,107,315,422
340070403,150,369,519
340070404,167,267,434
340070405,194,559,753
340070406,201,450,651
340070407,132,279,411
340070408,122,289,411
340070409,100,288,388
340070501,180,367,547
340070502,47,95,142
340070503,155,398,553
340070504,43,44,87
340070505,105,334,439
340070601,19,41,60
340070602,62,205,267
340070603,4,30,34
340070701,8,46,54
340070702,79,393,472
340070703,72,241,313
340070801,67,193,260
340140101,481,639,1120
340140102,352,447,799
340140103,148,105,253
340140104,333,251,584
340140105,382,268,650
340140106,362,472,834
340140107,319,343,662
340140108,562,819,1381
340140109,457,588,1045
340140110,464,788,1252
340140111,257,404,661
340140112,383,459,842
340140113,430,407,837
340140114,440,403,843
340140115,308,229,537
340140116,424,374,798
340140117,323,432,755
340140118,271,271,542
340140119,247,194,441
340140120,554,408,962
340140121,252,200,452
340140122,301,457,758
340140123,305,409,714
340140124,283,407,690
340140125,273,346,619
340140126,224,283,507
340140201,440,872,1312
340140202,419,562,981
340140203,545,474,1019
340140204,332,264,596
340140205,444,739,1183
340140206,375,776,1151
340140207,248,479,727
340140208,441,405,846
340140209,501,584,1085
340140210,328,345,673
340140211,409,352,761
340140212,390,367,757
340140213,268,193,461
340140214,486,283,769
340140215,451,337,788
340140216,345,245,590
340140217,363,239,602
340140218,363,250,613
340140219,253,332,585
340140220,530,688,1218
340140221,223,444,667
340140222,254,424,678
340140223,319,569,888
340140301,456,321,777
340140302,532,366,898
340140303,449,294,743
340140304,424,290,714
340140305,374,268,642
340140306,386,333,719
340140307,490,505,995
340140308,433,534,967
340140309,201,467,668
340140310,540,680,1220
340140311,428,621,1049
340140312,348,463,811
340140313,414,612,1026
340140401,314,337,651
340140402,239,276,515
340140403,566,686,1252
340140404,504,560,1064
340140405,282,326,608
340140406,597,586,1183
340140407,408,320,728
340140408,424,356,780
340140409,565,476,1041
340140410,381,325,706
340140411,346,305,651
340140412,369,500,869
340140413,435,549,984
340140414,296,531,827
340140415,480,800,1280
340140416,346,637,983
340140417,352,523,875
340140418,369,444,813
340140419,346,495,841
340140501,13,29,42
340140502,344,783,1127
340140503,11,25,36
340140504,170,275,445
340140505,92,208,300
340140506,192,397,589
340140601,1,3,4
340140602,151,250,401
340140603,137,279,416
340140604,28,26,54
340140605,80,147,227
340140606,68,110,178
340140607,102,197,299
340140608,1,5,6
340140609,0,0,0
340140701,172,411,583
340140702,230,534,764
340140703,243,591,834
340140704,252,548,800
340140705,405,775,1180
340140706,335,830,1165
340140707,272,648,920
340140708,314,810,1124
340140709,422,879,1301
340140710,277,719,996
340140711,375,915,1290
340140712,4,17,21
340140713,246,653,899
340140714,310,705,1015
340140715,356,801,1157
340140716,116,243,359
340140717,184,407,591
340140801,32,37,69
340140802,11,23,34
340140803,55,103,158
340140804,52,104,156
340140901,125,251,376
340140902,33,47,80
340141001,73,102,175
340141002,6,14,20
340141003,5,4,9
340141004,120,180,300
340141005,167,340,507
340141101,34,72,106
340141102,10,17,27
340141103,62,88,150
340141104,125,226,351
340141201,66,116,182
340141301,39,58,97
340141302,6,3,9
340141401,44,59,103
340141402,50,70,120
340141403,175,331,506
340141404,107,204,311
340141501,477,782,1259
340141502,396,433,829
340141503,291,303,594
340141504,622,608,1230
340141505,427,452,879
340141506,509,509,1018
340141507,588,732,1320
340141508,526,621,1147
340141509,410,549,959
340141510,316,421,737
340141511,186,202,388
340141512,492,566,1058
340141513,449,532,981
340141514,607,783,1390
340141515,248,326,574
340141516,373,537,910
340141517,424,652,1076
340141518,431,467,898
340141519,370,418,788
340141520,208,256,464
340141521,403,419,822
340141522,355,418,773
340141523,352,468,820
340141524,296,372,668
340141525,395,501,896
340141526,276,291,567
340141527,342,299,641
340141528,352,550,902
340141601,189,521,710
340141602,412,755,1167
340141603,302,350,652
340141604,355,426,781
340141605,409,699,1108
340141606,409,664,1073
340141607,378,423,801
340141608,515,717,1232
340141609,422,475,897
340141610,515,472,987
340141611,402,383,785
340141612,395,363,758
340141613,352,445,797
340141614,344,263,607
340141615,392,467,859
340141616,482,558,1040
340141617,424,499,923
340141618,304,360,664
340141619,343,393,736
340141620,333,515,848
340141621,473,680,1153
340141622,519,968,1487
340141623,327,533,860
340141624,328,417,745
340141625,318,398,716
340141626,314,444,758
340141627,250,488,738
340141628,280,399,679
340141701,223,356,579
340141702,253,422,675
340141703,315,542,857
340141704,315,557,872
340141705,548,910,1458
340141706,456,608,1064
340141707,151,279,430
340141708,361,586,947
340141709,228,580,808
340141710,231,534,765
340141711,267,607,874
340141712,221,550,771
340141713,125,197,322
340141714,372,563,935
340141715,234,404,638
340141716,357,805,1162
340141717,265,554,819
340141801,7,14,21
340141802,3,4,7
340141901,37,33,70
340141902,10,0,10
340142001,44,46,90
340142002,151,771,922
340142003,31,19,50
340142004,249,530,779
340142005,31,39,70
340142006,365,675,1040
340142007,39,67,106
340142008,4,4,8
340142009,22,21,43
340142010,2,4,6
340142011,22,50,72
340142012,167,236,403
340142013,344,540,884
340142014,256,492,748
340142015,382,774,1156
340142016,309,692,1001
340142017,270,444,714
340142018,252,372,624
340142019,135,657,792
340142020,118,416,534
340142021,0,0,0
340142022,1,0,1
340142023,356,780,1136
340142024,250,459,709
340142025,370,556,926
340142026,298,639,937
340142027,299,772,1071
340142101,205,387,592
340142102,328,388,716
340142103,371,468,839
340142104,404,547,951
340142105,180,248,428
340142106,148,324,472
340142107,191,336,527
340142108,211,326,537
340142109,241,300,541
340142110,203,298,501
340142111,314,380,694
340142112,193,223,416
340142113,242,360,602
340142114,271,396,667
340142115,490,813,1303
340142116,562,779,1341
340142117,427,491,918
340142118,340,395,735
340142119,300,572,872
340142201,266,476,742
340142202,396,639,1035
340142203,233,408,641
340142204,422,737,1159
340142205,537,839,1376
340142206,486,790,1276
340142207,431,855,1286
340142208,444,908,1352
340142209,461,790,1251
340142210,501,972,1473
340142211,485,816,1301
340142212,439,897,1336
340142213,516,782,1298
340142214,541,779,1320
340142215,301,509,810
340142216,389,655,1044
340142217,343,644,987
340142218,358,690,1048
340142219,403,802,1205
340142220,249,415,664
340142221,232,390,622
340142222,13,54,67
340210101,5,12,17
340210102,26,48,74
340210201,104,332,436
340210202,43,99,142
340210203,10,10,20
340210204,6,8,14
340210205,6,5,11
340210206,44,78,122
340210207,11,16,27
340210208,70,181,251
340210209,43,33,76
340210210,62,82,144
340210211,218,335,553
340210212,196,435,631
340210213,276,652,928
340210214,318,794,1112
340210215,185,269,454
340210301,73,106,179
340210302,144,299,443
340210303,59,118,177
340210304,219,384,603
340210305,175,393,568
340210306,88,170,258
340210307,211,538,749
340210401,12,20,32
340210402,80,143,223
340210403,268,622,890
340210501,5,4,9
340210502,120,242,362
340210601,43,135,178
340210602,121,258,379
340210603,200,377,577
340210604,352,429,781
340210701,25,25,50
340210702,9,16,25
340210703,63,74,137
340210704,20,37,57
340210705,6,9,15
340210706,444,552,996
340210707,289,485,774
340210708,207,410,617
340210709,79,222,301
340280101,102,349,451
340280102,147,428,575
340280103,290,687,977
340280104,254,501,755
340280105,307,620,927
340280106,275,456,731
340280107,200,597,797
340280108,167,340,507
340280109,194,730,924
340280110,126,353,479
340280111,75,292,367
340280112,166,429,595
340280113,244,535,779
340280114,170,415,585
340280115,176,515,691
340280201,173,722,895
340280301,78,232,310
340280302,17,79,96
340350101,204,517,721
340350102,43,119,162
340350103,103,359,462
340350104,15,38,53
340350105,35,86,121
340350106,81,430,511
340350107,10,5,15
340350108,114,612,726
340350201,90,456,546
340350202,62,121,183
340350203,119,268,387
340350204,72,161,233
340350205,19,43,62
340350206,83,149,232
340350207,6,11,17
340350301,147,564,711
340350302,18,46,64
340350303,78,217,295
340350304,10,4,14
340350401,9,16,25
340350402,198,702,900
340350403,62,98,160
340350404,34,37,71
340350405,232,392,624
340350406,97,275,372
340350501,341,1006,1347
340350502,18,49,67
340350503,1,1,2
340350601,97,229,326
340350602,160,353,513
340350603,87,294,381
340350604,108,446,554
340350605,128,297,425
340350606,166,336,502
340350607,174,469,643
340350608,186,333,519
340350609,104,346,450
340350610,108,275,383
340350611,295,636,931
340350612,243,699,942
340350613,232,449,681
340350614,113,267,380
340350615,140,332,472
340350701,69,301,370
340350702,100,334,434
340350703,156,317,473
340350704,310,610,920
340350705,255,468,723
340350706,136,275,411
340350707,208,449,657
340350801,147,258,405
340350802,273,452,725
340350803,191,512,703
340350804,185,505,690
340350805,256,571,827
340350806,217,304,521
340350901,174,317,491
340350902,212,391,603
340350903,268,479,747
340350904,249,396,645
340350905,240,266,506
340350906,304,631,935
340350907,212,447,659
340350908,244,447,691
340350909,262,655,917
340350910,118,344,462
340350911,146,405,551
340351001,180,345,525
340351002,305,619,924
340351003,225,374,599
340351004,378,642,1020
340351005,246,351,597
340351006,197,368,565
340351007,183,269,452
340351101,34,173,207
340351102,26,68,94
340351103,135,578,713
340351104,184,372,556
340351105,153,370,523
340351201,379,598,977
340351202,410,581,991
340351203,411,334,745
340351204,204,320,524
340351205,305,452,757
340351206,309,395,704
340351207,240,760,1000
340351208,179,308,487
340351209,158,354,512
340351210,61,198,259
340351301,33,126,159
340351302,17,27,44
340351303,16,54,70
340351401,31,92,123
340351402,35,99,134
340351403,26,69,95
340351501,2,4,6
340351502,64,183,247
340351503,59,217,276
340351601,66,220,286
340351701,28,57,85
340351702,23,26,49
340351703,7,12,19
340351704,17,22,39
340351801,89,312,401
340351802,73,293,366
340351803,54,108,162
340351804,41,88,129
340351805,129,304,433
340351806,193,351,544
340351807,172,327,499
340351808,186,446,632
340351809,110,384,494
340351810,90,327,417
340351811,106,321,427
340351812,84,217,301
340351901,34,78,112
340351902,35,85,120
340351903,66,221,287
340351904,104,423,527
340351905,177,451,628
340351906,203,498,701
340351907,58,355,413
340351908,236,404,640
340351909,40,113,153
340352001,60,118,178
340352002,70,210,280
340352003,42,110,152
340352101,25,63,88
340352102,14,16,30
340352103,37,97,134
340420101,46,77,123
340420102,167,377,544
340420103,99,127,226
340420104,182,339,521
340420105,250,398,648
340420106,102,293,395
340420107,120,292,412
340420108,154,255,409
340420109,354,731,1085
340420110,291,566,857
340420111,414,557,971
340420112,112,204,316
340420201,18,27,45
340420202,109,169,278
340420203,38,67,105
340420204,320,590,910
340420205,285,464,749
340420301,97,192,289
340420302,14,19,33
340420303,174,396,570
340420304,29,43,72
340420305,311,722,1033
340420306,263,554,817
340420307,110,412,522
340420401,188,305,493
340420402,17,17,34
340420403,4,18,22
340420501,114,494,608
340420502,37,38,75
340420503,6,13,19
340420504,235,523,758
340420505,257,554,811
340420506,271,402,673
340490101,336,554,890
340490102,531,779,1310
340490103,467,412,879
340490104,297,391,688
340490105,326,392,718
340490106,494,560,1054
340490107,401,355,756
340490108,391,416,807
340490109,675,639,1314
340490110,465,391,856
340490111,413,353,766
340490112,396,253,649
340490113,422,424,846
340490114,645,861,1506
340490115,441,825,1266
340490116,315,503,818
340490117,370,453,823
340490118,332,413,745
340490119,454,696,1150
340490120,329,634,963
340490121,327,715,1042
340490122,506,617,1123
340490123,369,463,832
340490124,417,730,1147
340490125,355,598,953
340490126,338,405,743
340490127,151,367,518
340490128,348,356,704
340490201,3,1,4
340490301,14,10,24
340490302,165,328,493
340490303,43,104,147
340490304,40,104,144
340490305,48,87,135
340490306,79,168,247
340490401,40,57,97
340490402,32,64,96
340490403,180,368,548
340490501,21,23,44
340490601,154,178,332
340490602,237,470,707
340490603,232,364,596
340490604,105,204,309
340490605,7,16,23
340490606,97,152,249
340490607,23,15,38
340490608,15,5,20
340490609,130,200,330
340490610,353,634,987
340490611,220,242,462
340490612,332,539,871
340490613,256,317,573
340490614,311,349,660
340490701,228,440,668
340490702,113,207,320
340490703,461,785,1246
340490704,192,348,540
340490705,57,81,138
340490706,199,393,592
340490707,27,63,90
340490708,236,337,573
340490709,66,132,198
340490710,176,301,477
340490801,286,467,753
340490802,104,186,290
340490803,128,198,326
340490804,526,1304,1830
340490805,679,1118,1797
340490806,377,478,855
340490807,208,297,505
340490808,198,374,572
340490901,183,255,438
340490902,402,593,995
340490903,271,439,710
340490904,11,16,27
340491001,11,5,16
340491002,34,153,187
340491003,237,691,928
340491004,406,702,1108
340491005,592,599,1191
340491006,609,668,1277
340491007,450,474,924
340491008,420,474,894
340491009,454,445,899
340491010,469,778,1247
340491011,280,536,816
340491012,402,742,1144
340491013,310,649,959
340491014,283,641,924
340491015,292,528,820
340491016,530,560,1090
340491017,277,474,751
340491018,294,755,1049
340491019,293,759,1052
340491020,344,637,981
340491021,333,610,943
340491022,164,242,406
340491023,0,1,1
340491024,36,68,104
340491101,380,527,907
340491102,159,243,402
340491103,354,323,677
340491104,302,497,799
340491105,250,299,549
340491106,343,599,942
340491107,219,214,433
340491108,161,200,361
340491109,287,306,593
340560101,259,689,948
340560102,99,230,329
340560103,308,505,813
340560104,330,464,794
340560105,240,470,710
340560106,327,666,993
340560107,289,354,643
340560108,238,246,484
340560109,302,443,745
340560110,244,493,737
340560111,359,579,938
340560112,301,721,1022
340560113,246,495,741
340560114,63,161,224
340560115,120,301,421
340560116,265,566,831
340560117,183,419,602
340560201,3,4,7
340560202,172,367,539
340560203,4,6,10
340560204,10,9,19
340560205,14,21,35
340560301,62,124,186
340560302,24,40,64
340560303,170,342,512
340560304,5,4,9
340560401,21,5,26
340560402,181,454,635
340560403,84,165,249
340560404,18,26,44
340560405,178,526,704
340560406,253,373,626
340560407,199,373,572
340560408,302,573,875
340560409,305,599,904
340560501,191,312,503
340560502,125,208,333
340560503,99,177,276
340560504,188,361,549
340560601,66,182,248
340560602,93,102,195
340560603,55,173,228
340560604,34,64,98
340560605,84,183,267
340560701,206,363,569
340560702,55,118,173
340560703,30,46,76
340560704,28,57,85
340560705,226,539,765
340560706,222,464,686
340560707,323,493,816
340560708,344,609,953
340560709,173,336,509
340560801,60,107,167
340560802,54,122,176
340560803,16,21,37
340560804,27,50,77
340560805,47,117,164
340560901,66,84,150
340560902,55,122,177
340560903,9,29,38
340561001,104,299,403
340561002,25,77,102
340561003,88,202,290
340561004,48,106,154
340561005,22,46,68
340561101,300,558,858
340561102,268,485,753
340561103,268,294,562
340561104,232,487,719
340561105,285,491,776
340561106,241,316,557
340561107,279,321,600
340561108,344,521,865
340561109,224,585,809
340561110,248,466,714
340561111,310,331,641
340561112,397,404,801
340561113,215,367,582
340561114,161,346,507
340561115,282,378,660
340561116,215,614,829
340561117,214,521,735
340561118,282,386,668
340561119,313,592,905
340561120,253,271,524
340561121,257,473,730
340561122,168,378,546
340561123,123,291,414
340561201,8,22,30
340561202,105,242,347
340561203,10,15,25
340561301,48,108,156
340561302,36,46,82
340561401,75,198,273
340561402,203,350,553
340561403,30,65,95
340561404,26,40,66
340561405,46,54,100
340561406,49,101,150
340561407,57,98,155
340561408,224,440,664
340561409,328,710,1038
340561501,175,283,458
340561502,20,60,80
340561503,44,174,218
340561504,29,15,44
340561505,5,5,10
340561506,157,334,491
340561507,236,379,615
340561508,278,523,801
340561509,217,506,723
340561510,262,578,840
340561511,227,483,710
340561512,224,663,887
340561513,211,450,661
340561601,46,120,166
340561602,21,21,42
340561603,14,27,41
340561604,51,127,178
340561701,33,55,88
340561702,31,53,84
340561801,83,147,230
340561802,71,99,170
340561803,21,13,34
340630101,287,1091,1378
340630102,402,1394,1796
340630201,179,845,1024
340630202,194,980,1174
340630203,184,656,840
340630204,278,939,1217
340630205,258,815,1073
340630206,195,406,601
340630207,118,689,807
380070101,136,411,547
380070102,44,61,105
380070103,14,44,58
380070104,85,123,208
380070105,256,538,794
380070106,236,391,627
380070107,284,448,732
380070108,319,733,1052
380070109,301,729,1030
380070110,159,341,500
380070111,183,475,658
380070201,58,115,173
380070202,43,70,113
380070203,27,56,83
380070204,254,746,1000
380070205,141,292,433
380070301,30,69,99
380070302,37,54,91
380070303,93,153,246
380070401,29,27,56
380070402,67,162,229
380070403,169,351,520
380070404,65,105,170
380070405,39,115,154
380070501,58,157,215
380070502,29,74,103
380070503,119,235,354
380070504,60,127,187
380140101,45,83,128
380140102,68,182,250
380140103,191,355,546
380140104,129,230,359
380140105,336,831,1167
380140106,78,172,250
380140107,203,436,639
380140108,95,241,336
380140109,201,360,561
380140115,15,23,38
380140116,207,362,569
380140117,245,452,697
380140201,256,557,813
380140202,29,28,57
380140203,246,822,1068
380140204,244,481,725
380140205,382,571,953
380140206,91,310,401
380140301,110,198,308
380140302,284,592,876
380140303,102,329,431
380140304,627,1494,2121
380140305,390,1041,1431
380140401,391,947,1338
380140402,241,546,787
380140403,258,515,773
380140404,360,771,1131
380140405,346,677,1023
380140406,515,979,1494
380140407,476,780,1256
380140408,374,697,1071
380140409,486,1007,1493
380140410,344,669,1013
380140411,425,703,1128
380140412,203,495,698
380140413,384,759,1143
380140414,335,789,1124
380140501,203,501,704
380140502,203,339,542
380140503,340,721,1061
380140504,76,82,158
380140505,34,44,78
380140506,147,315,462
380140507,455,701,1156
380140508,502,741,1243
380140509,350,720,1070
380140510,366,444,810
380140511,444,670,1114
380140512,339,599,938
380140513,379,603,982
380140514,413,889,1302
380140515,443,898,1341
380140516,292,484,776
380140517,125,276,401
380140601,403,513,916
380140602,399,633,1032
380140603,293,493,786
380140604,426,770,1196
380140605,383,655,1038
380140606,346,557,903
380140607,335,589,924
380140608,307,587,894
380140609,754,1048,1802
380140610,354,460,814
380140611,402,857,1259
380140612,431,640,1071
380140613,310,637,947
380140614,317,559,876
380140615,489,894,1383
380140616,389,552,941
380140617,334,701,1035
380140618,360,707,1067
380140619,323,671,994
380140701,235,485,720
380140702,85,141,226
380140703,71,103,174
380140704,46,124,170
380140705,209,560,769
380140706,244,528,772
380140707,311,589,900
380140708,525,750,1275
380140709,444,771,1215
380140710,547,989,1536
380140711,551,1485,2036
380140712,545,1263,1808
380140713,436,846,1282
380140714,257,502,759
380140715,240,476,716
380140716,401,873,1274
380140717,191,438,629
380140718,133,310,443
380210101,8,28,36
380210102,29,40,69
380210103,154,222,376
380210104,6,12,18
380210105,137,243,380
380210106,224,364,588
380210107,230,368,598
380210108,405,720,1125
380210109,99,95,194
380210110,174,361,535
380210201,38,119,157
380210202,37,54,91
380210203,6,3,9
380210204,8,6,14
380210301,16,24,40
380210302,22,23,45
380210303,92,95,187
380210304,20,42,62
380210305,50,61,111
380210306,14,18,32
380210307,303,713,1016
380210401,4,1,5
380210402,126,197,323
380210403,11,14,25
380210404,69,127,196
380210405,252,538,790
380210406,276,402,678
380210407,72,69,141
380210408,101,204,305
380210409,551,850,1401
380210410,301,555,856
380210411,366,600,966
380210412,393,592,985
380210413,357,735,1092
380210414,267,437,704
380210415,349,534,883
380210416,141,298,439
380210417,327,694,1021
380210418,145,232,377
380210419,143,139,282
380210501,428,425,853
380210502,436,494,930
380210503,568,591,1159
380210504,578,850,1428
380210505,361,554,915
380210506,266,327,593
380210507,354,595,949
380210508,271,554,825
380210509,275,652,927
380210510,485,1108,1593
380210511,292,463,755
380210512,391,553,944
380210513,452,730,1182
380210514,456,828,1284
380210515,307,578,885
380210516,364,570,934
380210517,404,424,828
380210518,283,451,734
380210519,289,602,891
380210520,574,544,1118
380210521,462,601,1063
380210522,299,693,992
380210523,284,731,1015
380210524,559,666,1225
380210525,256,293,549
380210526,162,436,598
380210527,295,361,656
380210601,285,456,741
380210602,298,499,797
380210603,410,803,1213
380210604,414,862,1276
380210605,310,181,491
380210606,97,69,166
380210607,345,228,573
380210608,297,570,867
380210609,275,179,454
380210610,332,212,544
380210611,257,587,844
380210612,282,226,508
380210613,312,267,579
380210614,303,618,921
380210615,386,246,632
380210616,373,347,720
380210617,284,648,932
380210618,285,867,1152
380210619,262,659,921
380210620,204,449,653
380210621,260,502,762
380210701,444,633,1077
380210702,272,370,642
380210703,118,133,251
380210704,283,585,868
380210705,435,638,1073
380210706,231,184,415
380210707,495,394,889
380210708,292,276,568
380210709,411,375,786
380210710,458,241,699
380210711,338,616,954
380210712,420,303,723
380210713,358,256,614
380210714,395,388,783
380210715,572,470,1042
380210716,588,649,1237
380210717,518,625,1143
380210718,304,355,659
380210719,411,569,980
380210720,325,353,678
380210721,313,224,537
380210801,276,329,605
380210802,412,492,904
380210803,198,247,445
380210804,296,384,680
380210805,371,511,882
380210806,550,654,1204
380210807,599,689,1288
380210808,650,715,1365
380210809,389,536,925
380210810,348,452,800
380210811,265,480,745
380210812,492,673,1165
380210813,313,391,704
380210814,330,518,848
380210815,276,463,739
380210816,507,915,1422
380210817,337,551,888
380210818,409,654,1063
380210819,394,604,998
380210820,126,366,492
380210821,398,507,905
380210822,380,604,984
380210823,337,476,813
380210824,276,464,740
380210825,306,377,683
380210826,315,480,795
380210827,259,326,585
380210901,512,574,1086
380210902,287,313,600
380210903,309,251,560
380210904,191,218,409
380210905,410,657,1067
380210906,476,796,1272
380210907,411,559,970
380210908,361,521,882
380210909,322,368,690
380210910,410,643,1053
380210911,554,838,1392
380210912,521,805,1326
380210913,521,569,1090
380210914,382,506,888
380210915,498,739,1237
380210916,599,951,1550
380210917,425,700,1125
380210918,594,665,1259
380210919,218,290,508
380210920,374,501,875
380210921,344,426,770
380210922,320,537,857
380210923,153,258,411
380211001,381,619,1000
380211002,462,723,1185
380211003,361,597,958
380211004,321,469,790
380211005,493,769,1262
380211006,394,560,954
380211007,400,752,1152
380211008,389,525,914
380211009,538,560,1098
380211010,450,501,951
380211011,328,302,630
380211012,335,495,830
380211013,370,493,863
380211014,429,852,1281
380211101,501,683,1184
380211102,344,624,968
380211103,387,704,1091
380211104,357,477,834
380211105,472,686,1158
380211106,351,464,815
380211107,413,479,892
380211108,566,846,1412
380211109,154,412,566
380211110,487,582,1069
380211111,434,620,1054
380211112,282,406,688
380211113,379,460,839
380211114,352,440,792
380211115,312,400,712
380211116,380,447,827
380211117,414,578,992
380211118,151,280,431
380211201,303,627,930
380211202,446,624,1070
380211203,490,991,1481
380211204,342,638,980
380211205,350,603,953
380211206,487,776,1263
380211207,539,766,1305
380211208,296,403,699
380211209,458,568,1026
380211210,409,648,1057
380211211,342,521,863
380211212,320,512,832
380211213,272,414,686
380211214,573,832,1405
380211215,351,613,964
380211216,295,385,680
380211217,293,571,864
380211218,303,589,892
380211219,430,684,1114
380211220,343,998,1341
380211221,357,767,1124
380211301,388,752,1140
380211302,19,24,43
380211303,86,130,216
380211304,229,619,848
380211305,418,660,1078
380211306,299,496,795
380211307,484,893,1377
380211308,560,915,1475
380211309,437,805,1242
380211310,292,736,1028
380211311,497,855,1352
380211312,440,715,1155
380211313,483,878,1361
380211314,243,605,848
380211315,404,778,1182
380211316,370,662,1032
380211317,419,655,1074
380211318,258,475,733
380211319,367,787,1154
380211320,293,553,846
380211321,253,479,732
380211322,393,634,1027
380211401,330,670,1000
380211402,452,871,1323
380211403,461,746,1207
380211404,431,835,1266
380211405,469,1032,1501
380211406,397,972,1369
380211407,516,1155,1671
380211408,506,1118,1624
380211409,442,1001,1443
380211410,238,602,840
380211411,243,645,888
380211412,331,800,1131
380211413,268,649,917
380211414,505,1076,1581
380211415,475,955,1430
380211416,326,680,1006
380211417,498,1193,1691
380211418,311,896,1207
380211419,344,858,1202
380211501,426,842,1268
380211502,174,327,501
380211503,63,192,255
380211504,131,264,395
380211505,172,433,605
380211506,219,481,700
380211507,236,581,817
380211508,226,621,847
380211509,164,463,627
380211510,263,644,907
380211511,395,793,1188
380211512,311,695,1006
380211513,207,440,647
380211514,342,581,923
380211515,207,389,596
380211516,80,162,242
380211517,112,322,434
380211518,429,711,1140
380211519,117,268,385
380211520,31,49,80
380280101,69,199,268
380280102,56,128,184
380280103,84,176,260
380280201,68,122,190
380280202,66,128,194
380280203,115,213,328
380280204,43,81,124
380280205,47,69,116
380280301,160,308,468
380280302,60,90,150
380280303,151,278,429
380280401,82,234,316
380280402,74,145,219
380280403,238,504,742
380280404,286,312,598
380280405,184,406,590
380280406,252,325,577
380280407,290,567,857
380280408,162,281,443
380280409,231,365,596
380280410,324,663,987
380280411,348,589,937
380280412,165,313,478
380280413,258,559,817
380280414,118,249,367
380280415,258,394,652
380280501,28,37,65
380280502,129,141,270
380280503,219,277,496
380280504,254,463,717
380280505,241,445,686
380280601,35,36,71
380280602,127,195,322
380350101,316,641,957
380350102,43,204,247
380350103,19,5,24
380350104,6,15,21
380350105,427,692,1119
380350106,528,814,1342
380350107,372,676,1048
380350108,308,600,908
380350109,274,789,1063
380350110,188,557,745
380350111,287,664,951
380350112,271,356,627
380350113,292,412,704
380350114,191,610,801
380350115,153,399,552
380350201,1,1,2
380350202,1,7,8
380350203,0,0,0
380350204,281,371,652
380350205,311,348,659
380350206,41,64,105
380350207,38,75,113
380350208,70,80,150
380350209,86,101,187
380350210,300,602,902
380350211,510,843,1353
380350212,313,440,753
380350213,293,226,519
380350214,261,404,665
380350215,283,319,602
380350216,147,315,462
380350217,297,646,943
380350301,24,46,70
380350302,24,34,58
380350303,18,46,64
380350304,14,25,39
380350305,9,17,26
380350306,190,463,653
380350401,82,265,347
380350403,86,221,307
380350404,325,588,913
380350405,0,0,0
380350406,0,0,0
380350407,270,715,985
380350408,529,938,1467
380350409,427,681,1108
380350410,364,739,1103
380350411,379,493,872
380350412,491,822,1313
380350413,338,873,1211
380350414,313,738,1051
380350415,267,440,707
380350416,286,949,1235
380350501,503,652,1155
380350502,418,626,1044
380350503,529,616,1145
380350504,524,761,1285
380350505,437,461,898
380350506,413,490,903
380350507,539,533,1072
380350508,316,319,635
380350509,241,231,472
380350510,447,609,1056
380350511,290,251,541
380350512,181,241,422
380350513,314,407,721
380350514,423,550,973
380350515,525,732,1257
380350516,609,1042,1651
380350517,256,340,596
380350601,438,912,1350
380350602,381,800,1181
380350603,465,718,1183
380350604,514,813,1327
380350605,399,559,958
380350606,493,729,1222
380350607,381,567,948
380350608,343,494,837
380350609,302,449,751
380350610,441,789,1230
380350611,352,639,991
380350612,388,656,1044
380350613,405,809,1214
380350614,436,959,1395
380350615,357,815,1172
380350616,417,912,1329
380350617,421,932,1353
380350618,392,804,1196
380350619,285,430,715
380420101,57,96,153
380420102,13,11,24
380420103,14,26,40
380420104,147,333,480
380420105,139,222,361
380420201,66,135,201
380420202,56,105,161
380420203,0,5,5
380420204,66,136,202
380420205,293,587,880
380420206,166,292,458
380420207,135,334,469
380420208,407,842,1249
380420301,110,227,337
380420302,70,94,164
380420401,453,944,1397
380420402,430,698,1128
380420403,408,711,1119
380420404,449,838,1287
380420405,307,593,900
380420406,291,486,777
380420407,478,817,1295
380420408,344,705,1049
380420409,259,649,908
380420410,227,679,906
380420411,280,726,1006
380420412,145,327,472
380420413,222,587,809
380420414,408,958,1366
380420501,386,822,1208
380420502,340,671,1011
380420503,349,708,1057
380420504,311,615,926
380420505,307,700,1007
380420506,393,763,1156
380420507,313,470,783
380420508,244,517,761
380420509,402,677,1079
380420510,289,505,794
380420511,303,467,770
380420512,449,781,1230
380420513,323,510,833
380420601,349,494,843
380420602,333,542,875
380420603,328,535,863
380420604,455,609,1064
380420605,330,384,714
380420606,310,365,675
380420607,583,852,1435
380420608,388,501,889
380420609,658,885,1543
380420610,535,921,1456
380420611,387,471,858
380420612,364,434,798
380420613,406,675,1081
380490101,16,43,59
380490102,45,100,145
380490103,10,26,36
380490104,20,61,81
380490105,61,113,174
380490106,83,210,293
380490201,38,74,112
380490202,24,64,88
380490301,64,166,230
380490302,82,179,261
380490303,343,285,628
380560101,9,16,25
380560102,156,328,484
380560103,81,97,178
380560104,239,419,658
380560105,201,386,587
380560201,185,262,447
380560202,185,382,567
380560203,69,79,148
380560204,208,411,619
380560301,5,7,12
380560302,3,12,15
380560303,18,29,47
380560304,9,12,21
380630101,9,33,42
380630102,80,127,207
380630103,365,539,904
380630104,308,646,954
380630106,375,603,978
380630107,244,511,755
380630108,70,97,167
380630109,233,413,646
380630110,392,530,922
380630111,306,532,838
380630112,37,55,92
380630119,495,978,1473
380630124,375,855,1230
380630201,43,67,110
380630202,91,195,286
380630203,184,313,497
380630204,160,241,401
380630205,53,89,142
380630206,442,734,1176
380630207,500,708,1208
380630208,284,565,849
380630209,146,223,369
380630301,130,320,450
380630302,66,119,185
380630303,176,345,521
380630401,476,716,1192
380630402,328,484,812
380630403,372,478,850
380630404,452,721,1173
380630405,419,747,1166
380630406,437,800,1237
380630407,447,620,1067
380630408,247,394,641
380630409,360,559,919
380630410,341,498,839
380630411,306,394,700
380630412,286,488,774
380630413,450,789,1239
380630414,377,814,1191
380630415,451,834,1285
380630416,303,330,633
380630417,313,319,632
380630418,337,646,983
380630419,320,487,807
380630420,415,708,1123
380630421,414,492,906
380630501,405,689,1094
380630502,391,874,1265
380630503,288,620,908
380630504,331,312,643
380630505,353,317,670
380630506,200,249,449
380630507,431,301,732
380630508,426,552,978
380630509,286,654,940
380630510,322,626,948
380630511,530,1044,1574
380630512,323,431,754
380630513,245,299,544
380630514,365,431,796
380630515,374,614,988
380630516,324,614,938
380630517,334,366,700
380630518,379,395,774
380630519,327,414,741
380630520,269,517,786
380630601,299,655,954
380630602,289,612,901
380630603,1,1,2
380630604,26,35,61
380630605,130,229,359
380630606,97,126,223
380630607,354,720,1074
380630608,0,0,0
380630609,165,247,412
380630610,94,216,310
380630611,225,476,701
380630612,176,399,575
380630613,530,779,1309
380630614,366,648,1014
380630615,514,676,1190
380630616,441,675,1116
380630617,344,585,929
380630618,348,501,849
380700101,171,405,576
380700102,5,15,20
380700105,387,767,1154
380700106,378,924,1302
380700107,142,261,403
380700201,38,52,90
380700202,161,265,426
380700203,164,333,497
380700204,531,1010,1541
380700205,175,475,650
380700206,141,443,584
380700207,98,301,399
380700301,18,34,52
380700302,14,17,31
380700303,11,23,34
380700401,19,53,72
380700402,35,69,104
380700403,316,676,992
380700404,334,770,1104
380700501,249,606,855
380700502,79,210,289
380700503,5,19,24
380700504,126,325,451
380700505,57,123,180
380700506,378,832,1210
380700507,285,694,979
380700508,147,550,697
380700601,40,44,84
380700602,25,35,60
380770101,57,163,220
380770102,45,87,132
380770103,74,186,260
380770201,38,68,106
380770202,66,211,277
380770203,41,126,167
380770204,84,153,237
380770301,101,248,349
380770302,39,86,125
380770303,67,118,185
380770304,61,149,210
380840101,152,137,289
380840102,57,91,148
380840201,97,172,269
380840202,55,144,199
380840301,40,99,139
380840302,196,316,512
380840303,356,622,978
380840401,68,71,139
380840402,32,14,46
380840403,53,76,129
380840501,10,24,34
380840502,125,194,319
380940101,9,24,33
380940102,177,330,507
380940103,188,375,563
380940104,198,337,535
380940201,26,47,73
380940202,20,31,51
380940203,10,20,30
380940301,17,37,54
380940302,28,53,81
380940401,71,144,215
380940402,269,577,846
380940403,110,242,352
380940404,259,363,622
380940405,422,659,1081
380940406,292,392,684
380940407,199,435,634
380940408,200,380,580
380940501,181,407,588
380940502,27,88,115
380940503,169,321,490
380940504,242,454,696
380940505,212,351,563
380940506,183,324,507
380940507,130,304,434
380940601,26,23,49
380940602,24,21,45
380940603,18,26,44
380980101,80,163,243
380980102,22,45,67
380980201,11,16,27
380980202,16,30,46
380980203,162,252,414
380980204,264,307,571
380980205,65,140,205
380980301,51,70,121
380980302,15,46,61
380980303,28,41,69
380980401,32,71,103
380980402,88,142,230
380980403,80,139,219
380980404,117,261,378
380980405,357,616,973
380980501,72,138,210
380980502,30,41,71
381050101,12,12,24
381050102,58,139,197
381050103,100,237,337
381050201,18,17,35
381050202,73,125,198
381050203,5,10,15
381050204,84,138,222
381050205,159,284,443
381050301,66,76,142
381050302,28,33,61
381050303,24,23,47
381050401,25,31,56
381050402,85,122,207
381120101,68,184,252
381120102,280,412,692
381120103,278,508,786
381120104,276,616,892
381120105,271,388,659
381120106,260,475,735
381120107,315,487,802
381120108,272,621,893
381120109,257,622,879
381120110,318,644,962
381120111,267,624,891
381120112,258,526,784
381120113,266,668,934
381120114,281,332,613
381120115,288,487,775
381120116,284,355,639
381120117,217,680,897
381120201,44,109,153
381120202,102,301,403
381120203,45,94,139
381120204,59,101,160
381120205,234,668,902
381120206,40,113,153
381120301,18,54,72
381120302,75,278,353
381120303,92,188,280
381120304,62,112,174
381120401,9,30,39
381120402,28,107,135
381120501,52,101,153
381120502,65,268,333
381120503,51,96,147
381120601,25,61,86
381120602,26,91,117
381120603,20,40,60
381120604,55,135,190
420070101,265,272,537
420070102,194,177,371
420070103,9,10,19
420070104,24,16,40
420070105,9,5,14
420070106,18,6,24
420070107,15,2,17
420070108,28,30,58
420070109,20,13,33
420070110,245,263,508
420070201,148,200,348
420070202,188,190,378
420070203,22,30,52
420070204,57,39,96
420070205,9,6,15
420070206,13,5,18
420070207,257,362,619
420070208,217,246,463
420070301,126,146,272
420070302,26,23,49
420070303,5,3,8
420070401,370,296,666
420070402,367,223,590
420070403,186,182,368
420070404,246,168,414
420070405,231,219,450
420070406,300,325,625
420070407,20,18,38
420070408,11,6,17
420070409,331,399,730
420070410,4,4,8
420070411,13,9,22
420070412,0,0,0
420070413,247,279,526
420070501,174,183,357
420070502,13,1,14
420070503,4,1,5
420070504,9,7,16
420070505,21,11,32
420070506,8,3,11
420070507,6,3,9
420070508,116,127,243
420140101,18,10,28
420140102,11,18,29
420140103,25,20,45
420140201,203,374,577
420140202,12,55,67
420140203,41,28,69
420140204,0,0,0
420140205,35,53,88
420140206,7,7,14
420140207,3,2,5
420140208,0,0,0
420140209,12,6,18
420140210,268,318,586
420140211,160,289,449
420210101,52,53,105
420210102,17,5,22
420210103,21,25,46
420210104,12,8,20
420210105,125,254,379
420210106,55,32,87
420210107,33,29,62
420210108,21,24,45
420210109,12,6,18
420210110,50,42,92
420210111,289,575,864
420210112,322,733,1055
420210113,284,663,947
420210114,193,233,426
420210115,0,0,0
420210116,0,0,0
420210117,145,247,392
420210118,235,285,520
420210201,162,187,349
420210202,36,13,49
420210203,6,1,7
420210204,27,11,38
420210205,34,16,50
420210206,28,25,53
420210207,16,12,28
420210208,13,15,28
420210209,291,382,673
420210210,208,251,459
420210301,266,549,815
420210302,285,583,868
420210303,329,405,734
420210304,319,461,780
420210305,282,438,720
420210306,333,717,1050
420210307,279,558,837
420210308,279,454,733
420210309,296,349,645
420210310,350,411,761
420210311,480,787,1267
420210312,449,757,1206
420210401,309,369,678
420210402,326,312,638
420210403,270,301,571
420210404,340,341,681
420210405,262,311,573
420210406,317,340,657
420210407,464,381,845
420210408,334,328,662
420210409,148,254,402
420210410,163,150,313
420210411,199,148,347
420210412,209,165,374
420210413,331,227,558
420210414,398,292,690
420210415,302,178,480
420210416,284,157,441
420210417,348,164,512
420210418,325,215,540
420210419,293,233,526
420210420,400,377,777
420210421,287,184,471
420210501,278,498,776
420210502,449,628,1077
420210503,409,592,1001
420210504,332,306,638
420210505,385,507,892
420210506,441,465,906
420210507,485,394,879
420210508,22,15,37
420210509,252,266,518
420210510,339,429,768
420210511,329,440,769
420210512,292,682,974
420210513,271,368,639
420210514,304,224,528
420210515,399,362,761
420210516,523,467,990
420210601,263,331,594
420210602,201,359,560
420210603,357,361,718
420210604,357,321,678
420210605,215,164,379
420210606,165,151,316
420210607,268,227,495
420210608,157,148,305
420210609,176,94,270
420210610,28,40,68
420210611,235,158,393
420210612,213,146,359
420210613,284,247,531
420210614,283,312,595
420210615,198,120,318
420210616,218,126,344
420210701,186,216,402
420210702,193,157,350
420210703,286,242,528
420210704,218,282,500
420210705,394,284,678
420210706,235,165,400
420210707,328,216,544
420210708,367,257,624
420210709,273,167,440
420210710,244,215,459
420210711,224,174,398
420210712,299,269,568
420210713,322,298,620
420210714,363,300,663
420210715,450,360,810
420210716,257,201,458
420210717,255,239,494
420210718,241,255,496
420210719,334,483,817
420210720,296,470,766
420210721,271,504,775
420210722,332,500,832
420210723,326,341,667
420210724,254,257,511
420210725,203,169,372
420210801,215,142,357
420210802,211,162,373
420210803,188,129,317
420210804,293,201,494
420210805,293,284,577
420210806,314,244,558
420210807,303,251,554
420210808,375,367,742
420210809,287,251,538
420210810,343,394,737
420210811,233,214,447
420210812,213,211,424
420210813,227,168,395
420210814,290,264,554
420210815,352,370,722
420210816,374,415,789
420210817,301,331,632
420210818,285,354,639
420210819,342,327,669
420210820,274,401,675
420210821,433,502,935
420210822,238,333,571
420210823,202,217,419
420210824,254,268,522
420210901,130,87,217
420210902,452,221,673
420210903,461,319,780
420210904,427,357,784
420210905,352,719,1071
420210906,276,267,543
420210907,439,418,857
420210908,518,496,1014
420210909,225,213,438
420210910,252,215,467
420210911,303,268,571
420210912,496,588,1084
420210913,251,341,592
420210914,201,218,419
420210915,288,272,560
420210916,413,544,957
420210917,260,382,642
420211001,441,631,1072
420211002,445,644,1089
420211003,248,402,650
420211004,412,520,932
420211005,402,529,931
420211006,362,548,910
420280101,174,233,407
420280102,21,16,37
420280103,55,48,103
420280104,33,22,55
420280105,186,222,408
420280201,351,457,808
420280202,112,176,288
420280203,215,211,426
420280301,371,371,742
420280302,299,286,585
420280303,438,621,1059
420280304,272,392,664
420280305,270,303,573
420280401,46,35,81
420280402,35,23,58
420350101,90,91,181
420350102,3,1,4
420350103,11,3,14
420350104,18,9,27
420350105,24,16,40
420350106,13,3,16
420350201,135,238,373
420350202,115,74,189
420350301,4,3,7
420350302,22,2,24
420350303,6,3,9
420350304,6,1,7
420350305,5,6,11
420350306,230,342,572
420350307,12,9,21
420350308,39,16,55
420350309,219,229,448
420350310,412,503,915
420350401,204,258,462
420350402,205,261,466
420350403,388,271,659
420350404,295,252,547
420350405,321,288,609
420350406,238,148,386
420350407,303,150,453
420350408,236,147,383
420350409,226,230,456
420350410,221,146,367
420350411,176,168,344
420350412,338,271,609
420350413,293,288,581
420350501,93,88,181
420350502,44,20,64
420350503,22,10,32
420350504,23,14,37
420350505,113,125,238
420350601,267,298,565
420350602,259,227,486
420350603,20,8,28
420350604,23,21,44
420350605,26,36,62
420350606,25,23,48
420350607,15,14,29
420350608,83,59,142
420350609,282,307,589
420350610,221,157,378
420350701,142,121,263
420350702,10,4,14
420350703,9,5,14
420350704,27,15,42
420350705,22,23,45
420420101,1,3,4
420420102,1,0,1
420420103,1,3,4
420420104,0,1,1
420420105,0,0,0
420420106,1,2,3
420420107,3,4,7
420420201,143,197,340
420420202,33,60,93
420420301,147,198,345
420420302,4,14,18
420420303,2,1,3
420420304,0,0,0
420420305,2,0,2
420420306,6,6,12
420420307,1,0,1
420420308,2,2,4
420490101,153,327,480
420490102,267,507,774
420490103,104,231,335
420490104,7,11,18
420490105,40,84,124
420490106,42,59,101
420490107,185,195,380
420490108,70,196,266
420560101,293,304,597
420560102,42,45,87
420560201,51,130,181
420560202,24,14,38
420560301,165,145,310
420560302,56,58,114
420560303,379,404,783
420560304,136,113,249
420560401,121,158,279
420560402,43,47,90
420560501,397,239,636
420560502,395,260,655
420560503,242,239,481
420560504,257,185,442
420560505,28,27,55
420560506,138,146,284
420560507,18,35,53
420560508,17,8,25
420560509,22,21,43
420560510,39,24,63
420560511,278,368,646
420560512,199,168,367
420560513,222,192,414
420560514,251,214,465
420560515,394,522,916
420560516,307,487,794
420560517,190,282,472
420560601,292,308,600
420560602,29,21,50
420630101,93,168,261
420630102,106,239,345
420630103,81,200,281
420630104,0,0,0
420630105,2,7,9
420630106,40,60,100
420630107,50,108,158
420700101,241,165,406
420700102,4,5,9
420700103,129,103,232
420700104,167,161,328
420700105,228,248,476
420700106,230,151,381
420700201,406,452,858
420700202,53,64,117
420700203,2,2,4
420700301,15,17,32
420700302,38,19,57
420700401,233,196,429
420700402,82,56,138
420700501,419,388,807
420700502,368,239,607
420700503,255,221,476
420700504,29,42,71
420700505,205,173,378
420700506,43,38,81
420700507,348,362,710
420700508,265,231,496
420770101,125,150,275
420770102,1,1,2
420770103,6,7,13
420770104,7,6,13
420770105,10,9,19
420770106,6,4,10
420770107,24,13,37
420770108,42,45,87
420770201,263,225,488
420770202,209,225,434
420770203,171,172,343
420770204,18,18,36
420770205,15,5,20
420770206,23,24,47
420770207,23,19,42
420770208,11,17,28
420770209,4,4,8
420770210,212,158,370
420770211,195,152,347
420770212,157,198,355
420770301,257,278,535
420770302,173,193,366
420770303,10,3,13
420770304,33,22,55
420770305,27,19,46
420770306,104,109,213
420770307,168,146,314
420770401,363,334,697
420770402,282,256,538
420770403,8,6,14
420770404,16,9,25
420770405,4,5,9
420770406,18,19,37
420770407,4,3,7
420770408,8,5,13
420770409,286,245,531
420770410,246,207,453
420840101,92,87,179
420840102,44,20,64
420840201,16,7,23
420840202,17,21,38
420840203,12,10,22
420840204,0,0,0
420840205,3,0,3
420840206,25,10,35
420840207,4,2,6
420910101,28,33,61
420910102,24,54,78
420910103,17,22,39
420910104,15,19,34
420910105,77,106,183
420980101,185,331,516
420980102,164,209,373
420980103,188,347,535
420980104,127,301,428
420980105,194,257,451
420980106,156,154,310
420980107,138,252,390
420980108,172,186,358
420980109,253,275,528
420980110,196,284,480
420980111,218,294,512
420980112,24,69,93
420980113,29,31,60
420980114,20,14,34
420980201,231,354,585
420980202,20,34,54
420980301,192,321,513
420980302,61,126,187
420980303,193,321,514
420980401,119,134,253
420980402,96,64,160
421050101,131,181,312
421050102,3,2,5
421050103,42,32,74
421050201,16,20,36
421050202,28,26,54
421050203,60,53,113
421050204,40,14,54
421050205,15,1,16
421050206,273,269,542
421050207,256,212,468
421050301,378,345,723
421050302,238,224,462
421050303,265,305,570
421050304,282,210,492
421050305,300,222,522
421050306,235,171,406
421050307,198,122,320
421050308,296,152,448
421050309,262,173,435
421050310,203,239,442
421050311,251,263,514
421050312,321,165,486
421050313,268,150,418
421050314,222,98,320
421050401,476,376,852
421050402,474,614,1088
421050403,365,624,989
421050404,405,737,1142
421050405,344,424,768
421050406,515,520,1035
421050407,57,32,89
421050408,281,248,529
421050409,357,183,540
421050410,265,145,410
421050411,301,166,467
421050412,276,160,436
421050413,264,161,425
421050414,314,197,511
421050415,285,153,438
421050416,213,129,342
421050417,230,147,377
421050418,241,153,394
421050419,253,283,536
421050501,129,214,343
421050502,13,7,20
421050503,72,68,140
421050504,18,21,39
421050601,129,121,250
421050602,56,26,82
421050701,298,421,719
421050702,257,231,488
421050703,421,249,670
421050704,296,234,530
421050705,409,325,734
421050706,382,472,854
421050707,144,128,272
421050708,311,389,700
421050709,327,388,715
421050710,301,266,567
421050711,311,302,613
421050712,341,426,767
421050713,332,454,786
421050714,327,440,767
421050715,298,338,636
421050716,327,269,596
421050717,446,398,844
421050718,312,449,761
421050801,479,974,1453
421050802,264,317,581
421050803,305,473,778
421050804,480,731,1211
421050805,458,494,952
421050806,276,608,884
421050807,435,698,1133
421050808,242,319,561
421050901,297,438,735
421050902,139,246,385
421050903,107,285,392
421050904,231,568,799
421050905,379,529,908
421050906,348,507,855
421051001,371,450,821
421051002,412,409,821
421051003,301,375,676
421051004,269,275,544
421051005,342,446,788
421051006,260,255,515
421051007,226,353,579
421051008,220,275,495
421051009,168,221,389
421051010,230,280,510
421051011,335,364,699
421051012,381,569,950
421120101,84,203,287
421120102,111,198,309
421120201,14,20,34
421120301,264,382,646
421120302,186,287,473
421120303,343,361,704
421120304,81,80,161
421120305,327,492,819
421120306,394,743,1137
421120307,336,338,674
421120308,371,686,1057
421120309,196,387,583
421120310,52,86,138
421120311,12,18,30
421120312,303,435,738
421120313,10,16,26
421120314,9,12,21
421120315,37,21,58
421120316,5,21,26
421120317,1,0,1
421120318,1,2,3
421120319,1,6,7
421120320,1,3,4
421120321,2,8,10
421120322,1,1,2
421190101,289,211,500
421190102,3,4,7
421190103,17,9,26
421190104,24,17,41
421190201,197,112,309
421190202,114,184,298
421190203,420,240,660
421190204,356,292,648
421190205,28,25,53
421190206,19,20,39
421190207,8,3,11
421190208,12,14,26
421190209,12,18,30
421190210,11,11,22
421190211,296,175,471
421190212,373,498,871
421190301,277,309,586
421190302,364,292,656
421190303,19,12,31
421190304,0,6,6
421190305,18,16,34
421190306,21,18,39
421190307,37,25,62
421190308,25,30,55
421190309,2,0,2
421190310,6,3,9
421190311,370,306,676
421190312,336,262,598
421190401,354,347,701
421190402,39,62,101
421190403,44,25,69
421190404,20,12,32
421190405,20,6,26
421260101,250,388,638
421260102,279,304,583
421260103,279,340,619
421260104,7,14,21
421260105,23,24,47
421260106,10,8,18
421260107,18,31,49
421260108,41,64,105
421260109,19,24,43
421260110,28,18,46
421260111,226,362,588
421260112,169,204,373
421260201,318,420,738
421260202,230,204,434
421260203,172,174,346
421260204,6,11,17
421260205,125,155,280
421260206,14,1,15
421260207,121,135,256
421260208,192,172,364
421260301,12,11,23
421260302,29,52,81
421260303,9,9,18
421260304,3,8,11
421260401,202,257,459
421260402,16,28,44
421260403,15,12,27
421260404,13,11,24
421260405,40,54,94
421260406,23,8,31
421260407,192,302,494
421260501,194,198,392
421260502,84,115,199
421260503,43,17,60
421260504,15,9,24
421260505,12,4,16
421260506,75,134,209
421260507,7,3,10
421260508,4,5,9
421260509,252,169,421
421260510,251,378,629
421260511,179,146,325
421330101,113,137,250
421330102,11,4,15
421330103,18,12,30
421330201,349,342,691
421330202,215,122,337
421330203,339,252,591
421330204,260,186,446
421330205,390,186,576
421330206,25,24,49
421330207,459,621,1080
421330208,0,0,0
421330209,2,0,2
421330210,1,0,1
421330211,242,270,512
421330212,203,168,371
421330213,149,186,335
421330214,265,191,456
421330215,303,209,512
421330216,310,338,648
421330301,138,102,240
421330302,20,13,33
421330401,84,72,156
421330402,22,24,46
421330403,14,18,32
421330501,220,248,468
421330502,256,172,428
421330503,292,207,499
421330504,233,248,481
421330505,193,313,506
421330506,10,4,14
421330507,34,26,60
421330508,365,376,741
421330509,160,247,407
421330510,227,383,610
421330601,229,273,502
421330602,352,227,579
421330603,5,7,12
421330604,82,64,146
421330605,9,7,16
421330701,341,273,614
421330702,301,216,517
421330703,25,36,61
421330704,67,48,115
421330705,15,13,28
421330706,13,7,20
421330707,15,7,22
421400101,13,10,23
421400102,33,22,55
421400103,15,12,27
421400104,1,1,2
421400201,236,310,546
421400202,233,352,585
421400203,183,370,553
421400204,290,461,751
421400205,212,249,461
421400206,284,333,617
421400207,188,377,565
421400208,230,206,436
421400209,262,286,548
421400210,298,310,608
421400211,352,596,948
421400212,236,278,514
421400213,68,108,176
421400214,146,123,269
421400215,191,170,361
421400216,237,158,395
421400217,214,193,407
421400218,178,184,362
421400219,187,171,358
421400220,90,58,148
421400221,31,33,64
421400222,210,295,505
421400223,58,68,126
421400301,2,1,3
421400302,64,73,137
421400303,3,6,9
421470101,198,188,386
421470102,4,1,5
421470103,4,1,5
421470104,18,11,29
421470105,11,2,13
421470106,14,19,33
421470107,19,18,37
421470108,35,11,46
421470109,267,269,536
421470201,335,369,704
421470202,251,144,395
421470203,22,13,35
421470204,2,1,3
421470205,10,3,13
421470206,22,5,27
421470207,10,3,13
421470208,9,4,13
421470209,22,22,44
421470210,54,32,86
421470211,12,6,18
421470212,11,3,14
421470213,2,5,7
421470214,313,315,628
421470215,401,382,783
421470216,290,223,513
421470301,220,211,431
421470302,12,11,23
421540101,77,117,194
421540102,36,42,78
421540103,34,41,75
421540201,192,183,375
421540202,112,49,161
421540301,277,338,615
421540302,63,42,105
421540401,37,38,75
421540402,51,38,89
421540403,60,53,113
421540404,28,32,60
421540501,146,115,261
421540502,301,302,603
421540503,308,227,535
421540504,190,321,511
421540505,313,309,622
421540506,246,183,429
421540507,290,206,496
421540508,285,294,579
421540509,285,392,677
421540510,248,226,474
421540511,254,267,521
421540512,292,533,825
421540513,338,582,920
421540514,223,344,567
421540515,353,336,689
421540516,314,515,829
421540517,303,526,829
421540601,128,136,264
421540602,16,9,25
421540701,30,35,65
421540702,53,23,76
460070101,449,606,1055
460070102,412,392,804
460070103,534,664,1198
460070104,408,703,1111
460070105,483,511,994
460070106,101,197,298
460070107,341,507,848
460070108,483,621,1104
460070109,325,407,732
460070110,256,365,621
460070111,524,731,1255
460070112,542,841,1383
460070201,460,508,968
460070202,162,192,354
460070203,21,13,34
460070204,230,436,666
460140101,229,279,508
460140102,46,25,71
460140103,609,753,1362
460140104,255,335,590
460140105,305,529,834
460140106,491,668,1159
460140107,479,936,1415
460140108,295,437,732
460140109,526,1016,1542
460140110,616,1179,1795
460140111,452,638,1090
460140201,23,48,71
460140202,112,160,272
460140301,56,63,119
460140302,116,138,254
460140401,449,476,925
460140402,429,420,849
460140403,390,368,758
460140404,551,672,1223
460140405,404,510,914
460140406,426,578,1004
460140407,346,451,797
460140408,593,543,1136
460140409,411,532,943
460140410,358,315,673
460140411,646,781,1427
460140412,400,500,900
460140413,540,602,1142
460140414,355,356,711
460140415,321,439,760
460140416,408,463,871
460140417,360,397,757
460140418,357,340,697
460140501,350,407,757
460140502,401,410,811
460140503,337,542,879
460140504,560,946,1506
460140505,575,561,1136
460140506,364,414,778
460140507,595,874,1469
460140508,538,936,1474
460140509,547,894,1441
460140510,523,705,1228
460140511,370,679,1049
460140512,398,680,1078
460140513,411,770,1181
460140514,518,810,1328
460140515,489,881,1370
460140516,506,839,1345
460140517,604,806,1410
460140518,536,666,1202
460140519,452,483,935
460140601,544,625,1169
460140602,406,381,787
460140603,315,214,529
460140604,432,336,768
460140605,387,328,715
460140606,391,284,675
460140607,366,314,680
460140608,293,274,567
460140609,316,312,628
460140610,425,388,813
460140611,467,347,814
460140701,168,167,335
460140702,635,1017,1652
460140703,546,917,1463
460140704,504,810,1314
460140705,519,870,1389
460140706,376,630,1006
460140707,375,573,948
460140708,421,740,1161
460140709,424,496,920
460140710,546,543,1089
460140711,438,482,920
460140712,387,766,1153
460140713,524,889,1413
460140714,548,895,1443
460140715,436,551,987
460140716,347,465,812
460140717,156,178,334
460140718,256,301,557
460140801,504,529,1033
460140802,506,448,954
460140803,608,584,1192
460140804,482,643,1125
460140805,379,561,940
460140806,572,737,1309
460140807,590,745,1335
460140808,365,424,789
460140809,543,641,1184
460140810,605,742,1347
460140811,551,794,1345
460140812,448,567,1015
460140813,282,532,814
460140814,592,721,1313
460140901,382,661,1043
460140902,266,578,844
460140903,256,407,663
460140904,332,452,784
460140905,294,408,702
460140906,511,912,1423
460140907,456,755,1211
460140908,536,702,1238
460140909,445,674,1119
460140910,615,1204,1819
460140911,37,85,122
460140912,386,860,1246
460140913,292,522,814
460140914,528,869,1397
460140915,478,980,1458
460140916,428,814,1242
460140917,544,1048,1592
460140918,362,831,1193
460140919,445,744,1189
460140920,392,686,1078
460140921,328,532,860
460140922,403,715,1118
460141001,506,550,1056
460141002,203,342,545
460141003,346,491,837
460141004,291,424,715
460141005,574,1009,1583
460141006,595,905,1500
460141007,397,405,802
460141008,642,643,1285
460141009,376,418,794
460141010,363,539,902
460141011,385,503,888
460141012,749,1461,2210
460141013,665,842,1507
460141014,580,758,1338
460141015,376,512,888
460141016,526,728,1254
460141017,874,1611,2485
460141018,385,566,951
460141101,515,881,1396
460141102,587,734,1321
460141103,301,501,802
460141104,447,809,1256
460141105,695,1037,1732
460141106,550,688,1238
460141107,508,444,952
460141108,583,711,1294
460141109,606,638,1244
460141110,698,977,1675
460141111,593,777,1370
460141112,498,578,1076
460141113,500,545,1045
460141114,445,790,1235
460141115,554,779,1333
460210101,338,390,728
460210102,472,583,1055
460210103,146,84,230
460210104,218,167,385
460210105,211,165,376
460210106,153,167,320
460210201,193,160,353
460210202,220,136,356
460280101,221,254,475
460280102,452,475,927
460280103,364,509,873
460280104,223,225,448
460280105,410,371,781
460280106,240,266,506
460280107,255,395,650
460280108,322,289,611
460280109,222,234,456
460280201,165,158,323
460280202,430,735,1165
460280203,249,290,539
460280204,295,398,693
460350101,536,572,1108
460350102,350,413,763
460350103,731,943,1674
460350104,681,1066,1747
460350105,349,285,634
460350106,472,527,999
460350107,484,552,1036
460350108,624,823,1447
460350109,573,664,1237
460350201,470,722,1192
460350202,222,261,483
460350203,51,88,139
460420101,735,902,1637
460420102,329,277,606
460420103,392,414,806
460420104,364,377,741
460420105,297,241,538
460420106,695,587,1282
460420107,366,339,705
460420108,443,431,874
460420109,660,623,1283
460420110,665,770,1435
460420111,512,445,957
460420112,439,761,1200
460420113,918,1375,2293
460420114,546,579,1125
460420115,467,479,946
460420116,542,709,1251
460420117,438,424,862
460420118,593,614,1207
460420119,355,393,748
460420120,767,1109,1876
460420121,541,588,1129
460420122,336,574,910
460420123,428,614,1042
460420201,613,811,1424
460420202,643,884,1527
460420203,351,403,754
460420204,573,702,1275
460420205,304,396,700
460420206,220,373,593
460420301,784,1102,1886
460420302,889,1120,2009
460420303,376,379,755
460420304,338,460,798
460420305,269,342,611
460420306,703,1171,1874
460420401,505,623,1128
460420402,533,807,1340
460420403,149,167,316
460490101,587,649,1236
460490102,465,493,958
460490103,282,278,560
460490104,42,51,93
460490201,371,393,764
460490202,382,395,777
460490203,91,104,195
460490204,181,211,392
460490205,110,121,231
460560101,437,582,1019
460560102,409,435,844
460560103,143,132,275
460560104,224,354,578
460630101,404,517,921
460630102,552,799,1351
460630103,418,571,989
460630104,384,376,760
460630105,206,429,635
460630106,297,432,729
460630201,283,517,800
460630202,38,29,67
460630203,107,155,262
460700101,546,615,1161
460700102,379,513,892
460700103,172,171,343
460700201,365,515,880
460700202,32,44,76
460700203,106,138,244
460770101,317,378,695
460770102,6,4,10
460770103,11,9,20
460770104,351,428,779
460840101,306,443,749
460840102,271,341,612
460840103,347,395,742
460840104,328,418,746
460840201,372,407,779
460840202,308,325,633
460840203,94,87,181
460840204,100,92,192
460840205,336,303,639
460840206,511,534,1045
460910101,50,108,158
460910102,145,258,403
460910201,487,721,1208
460910202,190,297,487
460910203,174,241,415
460910204,573,915,1488
460980101,524,665,1189
460980102,353,532,885
460980103,12,26,38
460980104,103,103,206
460980105,25,23,48
461050101,336,500,836
461050102,242,459,701
461050103,187,212,399
461050104,47,84,131
461120101,524,708,1232
461120102,350,610,960
461120103,374,495,869
461120104,555,697,1252
461120105,368,478,846
461120106,443,679,1122
461120107,384,512,896
461120108,376,767,1143
461120109,373,852,1225
461120201,249,371,620
461120202,378,511,889
461120203,44,89,133
461120301,187,331,518
461120302,134,276,410
461190101,258,302,560
461190102,434,529,963
461190103,493,607,1100
461190104,161,227,388
461190201,198,213,411
461260101,507,591,1098
461260102,33,33,66
461260103,420,509,929
500070101,410,464,874
500070102,421,367,788
500070103,287,360,647
500070104,265,217,482
500070105,259,271,530
500070106,306,299,605
500070107,346,314,660
500070108,358,267,625
500070109,307,284,591
500070110,165,143,308
500070111,173,147,320
500070112,222,153,375
500070113,192,187,379
500070114,164,215,379
500070115,235,149,384
500070116,257,191,448
500070117,214,188,402
500070201,461,507,968
500070202,303,375,678
500070203,451,580,1031
500070204,399,400,799
500070205,284,410,694
500070206,424,533,957
500070207,356,366,722
500070208,248,301,549
500070209,345,389,734
500070210,328,376,704
500070211,418,447,865
500070212,211,220,431
500070213,353,375,728
500070214,326,363,689
500070215,222,238,460
500070301,291,403,694
500070302,396,398,794
500070303,319,369,688
500070304,284,282,566
500070305,133,111,244
500070306,139,139,278
500070307,108,100,208
500070308,136,131,267
500070309,183,95,278
500070310,225,207,432
500070311,361,298,659
500070312,196,177,373
500070313,341,216,557
500070314,182,116,298
500070315,211,193,404
500070316,189,159,348
500070317,71,82,153
500070401,501,315,816
500070402,216,166,382
500070403,127,93,220
500070404,192,127,319
500070405,137,113,250
500070406,60,48,108
500070407,152,156,308
500070408,168,101,269
500070409,213,172,385
500070410,139,114,253
500070411,156,153,309
500070412,391,292,683
500070501,360,262,622
500070502,336,299,635
500070503,367,322,689
500070504,152,169,321
500070505,240,234,474
500070506,425,311,736
500070507,215,157,372
500070508,394,290,684
500070509,438,272,710
500070510,419,311,730
500070511,279,236,515
500070512,187,107,294
500070601,275,298,573
500070602,281,259,540
500070603,340,300,640
500070604,295,277,572
500070605,257,216,473
500070606,517,594,1111
500070607,371,362,733
500070608,436,419,855
500070609,243,210,453
500070610,400,379,779
500070611,174,155,329
500070701,290,300,590
500070702,439,476,915
500070703,320,320,640
500070704,297,322,619
500070705,265,349,614
500070706,356,372,728
500070707,304,317,621
500070708,228,215,443
500070709,230,206,436
500070710,390,377,767
500070711,457,393,850
500070801,272,237,509
500070802,290,186,476
500070803,369,559,928
500070804,149,116,265
500070805,212,226,438
500070806,274,262,536
500070807,291,277,568
500070808,228,154,382
500070809,266,218,484
500070810,322,268,590
500070811,152,143,295
500070901,321,233,554
500070902,302,243,545
500070903,289,247,536
500070904,338,315,653
500070905,347,300,647
500070906,357,268,625
500070907,364,252,616
500070908,349,270,619
500070909,154,89,243
500070910,303,315,618
500070911,307,246,553
500070912,154,169,323
500071001,549,551,1100
500071002,283,412,695
500071003,393,448,841
500071004,478,837,1315
500071005,418,630,1048
500071006,522,839,1361
500071007,253,299,552
500071008,366,637,1003
500071009,452,640,1092
500071010,446,694,1140
500071011,228,389,617
500071012,268,235,503
500071013,5,6,11
500071014,333,553,886
500071015,138,350,488
500071016,116,228,344
500071017,465,470,935
500071018,415,901,1316
500071019,564,552,1116
500071020,343,416,759
500071021,321,528,849
500071022,102,295,397
500071101,329,267,596
500071102,445,384,829
500071103,369,328,697
500071104,395,338,733
500071105,413,345,758
500071106,489,455,944
500071107,377,327,704
500071108,447,458,905
500071109,354,275,629
500071110,411,380,791
500071111,267,260,527
500071112,262,211,473
500071113,256,208,464
500071201,194,128,322
500071202,110,96,206
500071203,157,163,320
500071204,141,108,249
500071205,161,125,286
500071206,226,171,397
500071207,140,134,274
500071208,198,179,377
500071209,250,209,459
500071210,287,216,503
500071301,399,837,1236
500071302,311,624,935
500071303,345,769,1114
500071304,351,685,1036
500071305,245,382,627
500071306,235,611,846
500071307,352,753,1105
500071308,346,569,915
500071309,375,709,1084
500071310,5,0,5
500071311,41,87,128
500140101,105,133,238
500140201,35,62,97
500140301,34,66,100
500140302,100,186,286
500140303,85,134,219
500140304,270,508,778
500140305,57,92,149
500140401,191,359,550
500140402,126,188,314
500140403,5,14,19
500140404,319,473,792
500140405,375,545,920
500140406,369,537,906
500140407,19,12,31
500140408,381,550,931
500140409,347,531,878
500140410,317,505,822
500140411,197,364,561
500140412,151,251,402
500140501,398,539,937
500140502,222,486,708
500140503,242,328,570
500140504,281,451,732
500140505,235,395,630
500140506,178,359,537
500140601,377,620,997
500140602,242,445,687
500140603,287,293,580
500140604,350,370,720
500140605,284,284,568
500140606,333,339,672
500140607,318,364,682
500140608,223,250,473
500140609,376,510,886
500140610,300,333,633
500140611,494,534,1028
500140612,366,584,950
500140613,290,423,713
500140614,181,309,490
500140615,497,830,1327
500140616,366,600,966
500140617,339,344,683
500140701,451,836,1287
500140702,300,697,997
500140703,511,840,1351
500140704,153,269,422
500140705,335,683,1018
500140706,296,370,666
500140707,344,462,806
500140708,344,612,956
500140709,399,484,883
500140710,437,439,876
500140711,331,349,680
500140712,287,306,593
500140713,229,337,566
500140714,293,446,739
500140715,374,508,882
500140716,437,620,1057
500210101,312,286,598
500210102,417,372,789
500210103,157,215,372
500210104,424,452,876
500210105,356,470,826
500210106,308,605,913
500210107,756,1507,2263
500210108,422,564,986
500210109,349,434,783
500210110,337,313,650
500210111,550,737,1287
500210112,285,343,628
500210113,451,376,827
500210114,321,366,687
500210115,427,940,1367
500210116,390,709,1099
500210117,199,252,451
500210118,275,282,557
500210119,187,239,426
500210201,346,453,799
500210202,299,436,735
500210203,312,473,785
500210204,495,744,1239
500210205,336,528,864
500210206,320,497,817
500210207,367,602,969
500210208,321,395,716
500210209,412,376,788
500210210,275,282,557
500210211,282,363,645
500210212,492,416,908
500210213,375,448,823
500210214,245,406,651
500210215,396,545,941
500210216,449,696,1145
500210217,390,585,975
500210218,72,141,213
500210219,145,237,382
500210301,408,375,783
500210302,196,193,389
500210303,181,211,392
500210304,422,393,815
500210305,207,229,436
500210306,301,260,561
500210307,229,239,468
500210308,471,521,992
500210309,394,509,903
500210310,318,321,639
500210311,385,414,799
500210312,243,220,463
500210313,223,201,424
500210314,262,277,539
500210315,216,223,439
500210316,216,206,422
500210317,264,276,540
500210401,333,675,1008
500210402,295,405,700
500210403,392,461,853
500210404,395,423,818
500210405,226,254,480
500210406,327,334,661
500210407,365,512,877
500210408,375,574,949
500210409,420,484,904
500210410,267,218,485
500210411,507,643,1150
500210412,481,540,1021
500210413,274,402,676
500210414,471,744,1215
500210415,229,380,609
500210416,238,277,515
500210417,323,418,741
500210418,407,616,1023
500210419,153,245,398
500210420,230,289,519
500210501,249,195,444
500210502,312,390,702
500210503,328,521,849
500210504,68,124,192
500210505,363,478,841
500210506,419,376,795
500210507,398,436,834
500210508,554,680,1234
500210509,558,526,1084
500210510,408,375,783
500210511,320,382,702
500210512,402,471,873
500210513,356,352,708
500210601,493,548,1041
500210602,361,412,773
500210603,334,478,812
500210604,445,506,951
500210605,448,594,1042
500210606,491,547,1038
500210607,438,501,939
500210608,533,697,1230
500210609,301,277,578
500210610,296,324,620
500210611,351,501,852
500210612,377,473,850
500210613,548,716,1264
500210701,336,347,683
500210702,434,422,856
500210703,443,512,955
500210704,378,354,732
500210705,336,378,714
500210706,495,422,917
500210707,306,305,611
500210708,398,472,870
500210709,365,504,869
500210710,257,213,470
500210801,332,722,1054
500210802,260,611,871
500210803,295,741,1036
500210804,120,225,345
500210805,255,448,703
500210806,472,722,1194
500210807,557,864,1421
500210808,390,610,1000
500210809,307,327,634
500210810,343,460,803
500210811,481,820,1301
500210812,243,509,752
500210813,113,262,375
500210901,235,310,545
500210902,381,353,734
500210903,282,205,487
500210904,308,327,635
500210905,363,465,828
500210906,337,371,708
500210907,326,370,696
500210908,184,219,403
500210909,381,410,791
500210910,422,394,816
500210911,420,439,859
500210912,331,343,674
500210913,284,404,688
500210914,222,259,481
500210915,362,215,577
500210916,250,330,580
500210917,234,307,541
500211001,327,423,750
500211002,436,399,835
500211003,296,288,584
500211004,370,406,776
500211005,253,232,485
500211006,461,568,1029
500211007,465,571,1036
500211008,381,332,713
500211009,402,396,798
500211010,256,381,637
500211011,222,246,468
500211012,217,265,482
500211101,295,240,535
500211102,63,45,108
500211103,166,199,365
500211104,223,259,482
500211105,190,155,345
500211106,314,300,614
500211107,287,214,501
500211108,231,158,389
500211109,353,280,633
500211110,296,253,549
500211111,301,221,522
500211112,289,215,504
500211201,197,217,414
500211202,402,519,921
500211203,227,293,520
500211204,287,370,657
500211205,415,648,1063
500211206,370,524,894
500211207,456,773,1229
500211208,250,627,877
500211209,332,479,811
500211210,353,355,708
500211211,340,437,777
500211301,287,279,566
500211302,241,254,495
500211303,523,514,1037
500211304,442,450,892
500211305,459,464,923
500211306,315,265,580
500211307,524,592,1116
500211308,302,428,730
500211309,500,493,993
500211310,378,388,766
500211311,490,452,942
500211312,378,453,831
500211313,589,567,1156
500211314,331,460,791
500211315,309,288,597
500211401,162,370,532
500211402,349,445,794
500211403,507,664,1171
500211404,316,489,805
500211405,451,605,1056
500211406,474,625,1099
500211407,508,775,1283
500211408,344,484,828
500211409,385,627,1012
500211410,513,539,1052
500211501,558,494,1052
500211502,318,335,653
500211503,268,179,447
500211504,221,252,473
500211505,242,212,454
500211506,273,211,484
500211507,393,318,711
500211508,209,213,422
500211509,199,213,412
500211601,556,1007,1563
500211602,606,810,1416
500211603,343,424,767
500211604,527,796,1323
500211605,365,620,985
500211606,547,850,1397
500211607,446,686,1132
500211608,406,668,1074
500211609,320,362,682
500211610,186,374,560
500280101,218,217,435
500280102,404,339,743
500280103,294,356,650
500280104,238,276,514
500280105,394,305,699
500280106,414,486,900
500280107,347,268,615
500280108,362,357,719
500280109,290,298,588
500280110,401,379,780
500280111,437,464,901
500280112,229,257,486
500280201,346,364,710
500280202,341,350,691
500280203,326,435,761
500280204,219,289,508
500280205,414,456,870
500280206,459,477,936
500280207,291,329,620
500280208,281,306,587
500280209,378,419,797
500280210,288,328,616
500280211,399,439,838
500280212,385,443,828
500280213,234,265,499
500280214,240,313,553
500280301,479,734,1213
500280302,441,720,1161
500280303,241,606,847
500280304,436,944,1380
500280305,353,663,1016
500280306,392,839,1231
500280307,413,650,1063
500280308,413,610,1023
500280309,374,459,833
500280310,544,857,1401
500280311,470,516,986
500280312,457,647,1104
500280313,527,862,1389
500280314,541,763,1304
500280315,651,920,1571
500280316,313,620,933
500280317,440,471,911
500280401,300,359,659
500280402,298,411,709
500280403,584,880,1464
500280404,320,417,737
500280405,329,400,729
500280406,387,493,880
500280407,373,512,885
500280408,353,669,1022
500280409,520,671,1191
500280410,285,628,913
500280411,380,790,1170
500280412,322,693,1015
500280413,486,947,1433
500280414,396,750,1146
500280415,408,595,1003
500280501,171,409,580
500280502,441,724,1165
500280503,390,739,1129
500280504,275,549,824
500280505,179,456,635
500280506,330,563,893
500280507,606,1027,1633
500280508,635,1041,1676
500280509,455,672,1127
500280510,435,718,1153
500280511,546,879,1425
500280512,249,310,559
500280513,387,698,1085
500280514,377,679,1056
500280515,290,430,720
500280516,596,1032,1628
500280517,646,1179,1825
500280518,178,323,501
500280519,348,637,985
500280520,207,395,602
500280601,348,506,854
500280602,274,359,633
500280603,245,336,581
500280604,444,749,1193
500280605,318,610,928
500280606,639,955,1594
500280607,416,701,1117
500280608,357,532,889
500280609,119,235,354
500280610,422,698,1120
500280611,293,526,819
500280612,128,208,336
500280613,399,524,923
500280614,516,526,1042
500280701,327,364,691
500280702,309,358,667
500280703,309,459,768
500280704,474,546,1020
500280705,274,422,696
500280706,452,594,1046
500280707,432,464,896
500280708,370,437,807
500280709,495,591,1086
500280710,315,316,631
500280711,357,339,696
500280712,393,535,928
500280801,471,624,1095
500280802,228,293,521
500280803,280,281,561
500280804,239,299,538
500280805,350,492,842
500280806,350,428,778
500280807,343,471,814
500280808,381,529,910
500280809,375,588,963
500280810,340,420,760
500280811,548,567,1115
500280812,424,451,875
500280813,391,603,994
500280814,224,300,524
500280815,424,573,997
500280816,350,333,683
500280817,255,401,656
500280818,193,278,471
500280819,223,234,457
500280820,253,256,509
500280901,440,514,954
500280902,339,305,644
500280903,406,381,787
500280904,242,233,475
500280905,435,529,964
500280906,552,590,1142
500280907,230,207,437
500280908,540,474,1014
500280909,357,432,789
500280910,457,525,982
500280911,179,251,430
500280912,396,429,825
500280913,465,519,984
500280914,259,248,507
500281001,421,453,874
500281002,296,431,727
500281003,281,357,638
500281004,431,642,1073
500281005,247,315,562
500281006,406,578,984
500281007,450,700,1150
500281008,481,668,1149
500281009,312,397,709
500281010,438,493,931
500281101,361,459,820
500281102,301,523,824
500281103,503,843,1346
500281104,553,868,1421
500281105,413,716,1129
500281106,374,575,949
500281107,444,723,1167
500281108,383,654,1037
500281109,383,607,990
500281110,471,691,1162
500281111,262,372,634
500281112,338,519,857
500281113,243,332,575
500281114,291,493,784
500281115,348,645,993
500281116,275,400,675
500281117,356,477,833
500281118,298,459,757
500281201,598,802,1400
500281202,367,491,858
500281203,408,579,987
500281204,463,674,1137
500281205,403,399,802
500281206,384,448,832
500281207,352,347,699
500281208,240,309,549
500281209,339,561,900
500281210,496,701,1197
500281211,304,490,794
500281212,298,502,800
500281213,297,445,742
500281214,288,527,815
500281215,329,376,705
500281216,421,451,872
500281217,409,408,817
500281218,382,398,780
500281219,540,608,1148
500281301,357,507,864
500281302,413,472,885
500281303,470,582,1052
500281304,389,503,892
500281305,410,507,917
500281306,300,301,601
500281307,259,278,537
500281308,380,500,880
500281309,256,370,626
500281310,372,430,802
500281311,270,400,670
500281312,252,302,554
500281401,234,259,493
500281402,273,283,556
500281403,258,248,506
500281404,388,394,782
500281405,435,410,845
500281406,369,434,803
500281407,432,451,883
500281408,447,435,882
500281409,423,368,791
500281410,359,335,694
500281411,338,248,586
500281412,441,493,934
500281413,387,449,836
500281414,279,255,534
500281415,289,409,698
500281501,409,771,1180
500281502,681,1056,1737
500281503,178,268,446
500281504,357,628,985
500281505,625,908,1533
500281506,513,902,1415
500281507,397,731,1128
500281508,298,517,815
500281601,355,409,764
500281602,266,310,576
500281603,288,348,636
500281604,390,445,835
500281605,521,619,1140
500281606,255,247,502
500281607,248,255,503
500281608,422,529,951
500281609,587,603,1190
500281610,374,439,813
500281611,466,501,967
500281701,234,425,659
500281702,357,498,855
500281703,439,593,1032
500281704,312,365,677
500281705,303,369,672
500281706,505,661,1166
500281707,525,740,1265
500281708,333,425,758
500281709,277,369,646
500281710,397,534,931
500281711,192,244,436
500281712,624,1106,1730
500281713,287,510,797
500281714,265,443,708
500281715,290,524,814
500281716,359,719,1078
500281801,332,579,911
500281802,396,613,1009
500281803,643,831,1474
500281804,377,646,1023
500281805,503,810,1313
500281806,340,500,840
500281807,508,819,1327
500281808,287,502,789
500281809,414,621,1035
500281810,404,453,857
500281811,331,488,819
500281812,287,473,760
500281901,609,843,1452
500281902,294,481,775
500281903,250,427,677
500281904,332,744,1076
500281905,647,1174,1821
500281906,433,716,1149
500281907,269,444,713
500281908,403,609,1012
500281909,487,702,1189
500281910,431,623,1054
500282001,423,617,1040
500282002,354,396,750
500282003,248,314,562
500282004,267,264,531
500282005,353,382,735
500282006,330,451,781
500282007,456,462,918
500282008,281,267,548
500282009,383,452,835
500282010,259,349,608
500282011,311,406,717
500350101,586,854,1440
500350102,285,427,712
500350103,318,571,889
500350104,313,395,708
500350105,335,537,872
500350201,452,683,1135
500350202,419,634,1053
500350203,652,779,1431
500350204,334,318,652
500350205,414,655,1069
500350206,224,243,467
500350207,374,595,969
500350208,307,390,697
500350209,551,589,1140
500350210,448,586,1034
500350211,399,426,825
500350212,351,422,773
500350213,383,490,873
500350214,455,659,1114
500350215,316,420,736
500350216,611,790,1401
500350217,308,460,768
500350218,363,624,987
500350301,632,911,1543
500350302,428,647,1075
500350303,430,610,1040
500350401,126,247,373
500350402,152,290,442
500350403,456,768,1224
500350404,199,291,490
500350501,652,1056,1708
500350502,177,300,477
500350503,104,208,312
500350504,508,745,1253
500350505,147,228,375
500350506,132,229,361
500350507,264,431,695
500420101,224,329,553
500420102,65,129,194
500420201,45,85,130
500420301,42,51,93
500420302,20,33,53
500420401,70,120,190
500420402,142,230,372
500420403,141,236,377
500420404,304,441,745
500420405,241,211,452
500420406,517,910,1427
500420407,322,410,732
500420408,440,463,903
500420409,236,477,713
500420410,259,356,615
500420411,277,482,759
500420412,143,268,411
500490101,2,5,7
500490201,432,898,1330
500490202,69,135,204
500490203,233,391,624
500490204,358,675,1033
500490205,398,698,1096
500490206,430,653,1083
500490207,507,868,1375
500490208,293,563,856
500490209,365,698,1063
500490210,441,709,1150
500490211,348,610,958
500490212,542,692,1234
500490213,526,754,1280
500490214,378,587,965
500490215,435,696,1131
500490216,570,928,1498
500490217,294,537,831
500490218,439,579,1018
500490219,563,1038,1601
500490220,362,707,1069
500490221,539,960,1499
500490301,307,677,984
500490302,290,646,936
500490303,437,685,1122
500490304,475,653,1128
500490305,434,620,1054
500490306,379,847,1226
500490307,57,48,105
500490308,331,604,935
500490309,514,969,1483
500490310,274,303,577
500490311,282,308,590
500490312,376,392,768
500490313,510,1064,1574
500490314,443,930,1373
500490315,292,732,1024
500490316,285,798,1083
500490317,393,698,1091
500490318,312,451,763
500490319,296,567,863
500490320,331,603,934
500490321,390,672,1062
500490401,343,458,801
500490402,441,628,1069
500490403,454,526,980
500490404,370,567,937
500490405,329,335,664
500490406,293,324,617
500490407,390,490,880
500490408,270,313,583
500490409,507,650,1157
500490410,339,451,790
500490411,423,543,966
500490412,345,405,750
500490413,191,233,424
500490414,349,595,944
500490501,3,6,9
500490502,265,331,596
500490503,744,913,1657
500490504,507,646,1153
500490505,739,890,1629
500490506,199,229,428
500490507,483,665,1148
500490601,103,59,162
500490602,45,62,107
500490603,63,68,131
500490701,299,542,841
500490702,330,488,818
500490703,302,494,796
500490704,520,718,1238
500490705,459,739,1198
500490706,252,418,670
500490707,274,416,690
500490708,289,425,714
500490709,395,538,933
500490710,220,242,462
500490711,346,459,805
500490712,318,481,799
500490713,289,481,770
500490714,198,250,448
500490715,352,465,817
500490801,348,569,917
500490802,429,630,1059
500490803,306,404,710
500490804,410,635,1045
500490805,440,909,1349
500490806,360,568,928
500490807,429,673,1102
500490808,536,838,1374
500490809,440,768,1208
500490810,392,585,977
500490811,513,718,1231
500490812,501,996,1497
500490813,212,246,458
500490814,455,519,974
500490815,414,735,1149
500490816,227,416,643
500490817,396,639,1035
500490818,360,484,844
500490819,266,398,664
500490820,344,408,752
500490901,457,612,1069
500490902,298,418,716
500490903,257,410,667
500490904,267,289,556
500490905,449,540,989
500490906,375,583,958
500490907,349,451,800
500490908,246,350,596
500490909,376,500,876
500490910,369,450,819
500490911,427,651,1078
500490912,226,283,509
500490913,334,485,819
500490914,356,479,835
500490915,376,482,858
500490916,433,573,1006
500490917,312,376,688
500490918,257,364,621
500490919,198,291,489
500491001,606,960,1566
500491002,511,600,1111
500491003,266,397,663
500491004,217,266,483
500491005,368,421,789
500491006,243,386,629
500491007,507,717,1224
500491008,253,366,619
500491009,359,291,650
500491010,407,447,854
500491011,380,366,746
500491012,425,509,934
500491013,326,335,661
500491101,7,14,21
500491102,25,67,92
500491103,421,738,1159
500491104,200,299,499
500491105,195,251,446
500491106,336,316,652
500491107,194,161,355
500491108,273,284,557
500491109,255,303,558
500491110,545,610,1155
500491111,357,458,815
500491112,545,552,1097
500491113,164,228,392
500491114,357,507,864
500491115,239,369,608
500491116,452,558,1010
500491117,528,731,1259
500491118,282,416,698
500491119,392,543,935
500491201,211,394,605
500491202,378,491,869
500491203,508,777,1285
500491204,269,319,588
500491205,417,549,966
500491206,317,421,738
500491207,522,559,1081
500491208,275,412,687
500491209,239,344,583
500491210,307,416,723
500491211,220,311,531
500491212,470,695,1165
500491213,318,447,765
500491214,281,323,604
500491215,522,638,1160
500491216,488,457,945
500491217,300,365,665
500491301,382,564,946
500491302,548,1060,1608
500491303,332,646,978
500491304,376,716,1092
500491305,218,539,757
500491306,216,555,771
500491307,439,854,1293
500491308,433,820,1253
500491309,507,677,1184
500491310,502,709,1211
500491311,524,681,1205
500491312,535,841,1376
500491313,329,518,847
500491314,230,396,626
500491401,324,543,867
500491402,559,824,1383
500491403,381,502,883
500491404,181,289,470
500491405,458,665,1123
500491406,511,615,1126
500491407,431,570,1001
500491408,476,552,1028
500491409,395,419,814
500491410,392,711,1103
500491411,200,340,540
500491412,403,719,1122
500491413,334,789,1123
500491414,274,393,667
500560101,195,551,746
500560201,292,496,788
500560301,196,466,662
500560401,154,405,559
500560402,264,467,731
500560403,424,774,1198
500560404,448,847,1295
500560405,224,366,590
500560406,258,627,885
500560407,533,1103,1636
500560408,225,371,596
500560409,338,608,946
500560501,311,704,1015
500560502,116,273,389
500560503,237,543,780
500560504,336,681,1017
500560505,156,364,520
500560506,233,539,772
500560507,297,711,1008
500560601,137,262,399
500560602,266,538,804
500560603,444,603,1047
500560604,419,895,1314
500560605,512,825,1337
500560606,493,714,1207
500560607,126,253,379
500560608,283,530,813
500560609,357,778,1135
500560610,257,538,795
500560611,440,680,1120
500560612,262,461,723
500560613,271,533,804
500560614,74,164,238
500560615,351,610,961
500560616,217,478,695
500560701,165,355,520
500630101,427,459,886
500630102,337,391,728
500630103,570,668,1238
500630104,472,582,1054
500630105,294,323,617
500630106,257,300,557
500630107,526,553,1079
500630108,280,302,582
500630109,497,624,1121
500630110,260,268,528
500630111,228,233,461
500630112,209,233,442
500630113,461,500,961
500630201,347,379,726
500630202,441,544,985
500630203,385,457,842
500630204,306,390,696
500630205,289,378,667
500630206,187,249,436
500630207,211,307,518
500630208,332,305,637
500630209,275,297,572
500630210,296,326,622
500630211,459,620,1079
500630212,306,351,657
500630213,325,352,677
500630214,350,286,636
500630215,327,382,709
500630216,259,400,659
500630217,55,74,129
500630218,279,613,892
500630301,257,398,655
500630302,292,482,774
500630303,68,139,207
500630304,191,260,451
500630305,404,684,1088
500630306,486,672,1158
500630307,442,685,1127
500630308,282,466,748
500630309,460,664,1124
500630310,810,1466,2276
500630311,316,599,915
500630312,543,1142,1685
500630401,298,566,864
500630402,373,881,1254
500630403,369,687,1056
500630404,128,199,327
500630405,329,682,1011
500630406,692,1199,1891
500630407,289,541,830
500630408,243,490,733
500630409,424,705,1129
500630410,348,786,1134
500630411,654,1160,1814
500630501,309,737,1046
500630502,325,451,776
500630503,174,431,605
500630504,222,451,673
500630601,29,82,111
500630602,57,76,133
500630701,11,10,21
500630702,52,44,96
500630703,230,319,549
500630704,84,88,172
500630705,69,81,150
500630706,34,27,61
500630707,73,94,167
500630801,349,380,729
500630802,397,471,868
500630803,414,476,890
500630804,579,531,1110
500630805,347,489,836
500630806,207,256,463
500630807,328,385,713
500630808,426,475,901
500630809,505,702,1207
500630810,259,304,563
500630811,463,494,957
500630812,505,564,1069
500630813,381,427,808
500630814,572,579,1151
500630901,398,511,909
500630902,0,0,0
500630903,298,291,589
500630904,369,499,868
500630905,462,736,1198
500630906,439,758,1197
500630907,472,962,1434
500630908,307,458,765
500630909,379,578,957
500630910,407,621,1028
500630911,256,345,601
500630912,368,559,927
500630913,321,414,735
500630914,492,852,1344
500630915,422,644,1066
500631001,323,396,719
500631002,225,298,523
500631003,373,453,826
500631004,241,330,571
500631005,392,531,923
500631006,330,553,883
500631007,264,432,696
500631008,487,649,1136
500631009,214,393,607
500631010,487,479,966
500631011,424,553,977
500631012,185,363,548
500631013,432,616,1048
500631014,262,302,564
500631015,270,355,625
500631016,175,207,382
500631017,519,695,1214
500631101,491,694,1185
500631102,183,294,477
500631103,484,1058,1542
500631104,423,660,1083
500631105,423,842,1265
500631106,211,524,735
500631107,152,283,435
500631108,389,522,911
500631109,370,525,895
500631110,155,189,344
500631111,239,292,531
500631112,210,237,447
500631113,415,617,1032
500631114,434,616,1050
500631115,293,389,682
500631116,279,392,671
500700101,236,617,853
500700102,370,616,986
500700103,556,692,1248
500700104,221,378,599
500700105,613,971,1584
500700106,540,739,1279
500700107,246,296,542
500700108,268,335,603
500700109,670,1395,2065
500700110,753,1681,2434
500700111,389,683,1072
500700112,379,610,989
500700113,254,535,789
500700114,327,666,993
500700115,192,291,483
500700116,603,1245,1848
500700117,540,1143,1683
500700118,307,475,782
500700201,242,392,634
500700202,318,765,1083
500700203,246,431,677
500700204,395,652,1047
500700205,357,581,938
500700206,319,648,967
500700207,656,1019,1675
500700208,462,463,925
500700209,355,565,920
500700210,417,812,1229
500700211,429,834,1263
500700212,421,619,1040
500700213,480,688,1168
500700214,322,447,769
500700215,116,313,429
500700301,524,1003,1527
500700302,671,1117,1788
500700303,453,723,1176
500700304,356,583,939
500700305,717,1081,1798
500700306,212,374,586
500700307,189,376,565
500700308,297,540,837
500700401,189,234,423
500700402,434,603,1037
500700403,494,743,1237
500700404,567,875,1442
500700405,505,796,1301
500700406,670,796,1466
500700407,597,923,1520
500700408,698,1167,1865
500700409,670,904,1574
500700410,138,236,374
500700411,386,617,1003
500700412,540,732,1272
500700413,578,867,1445
500700414,416,656,1072
500700415,299,433,732
500700416,550,800,1350
500700417,455,731,1186
500700418,468,545,1013
500700419,502,659,1161
500700420,433,588,1021
500700421,439,639,1078
500700422,365,565,930
500700423,410,656,1066
500700424,284,337,621
500700425,331,472,803
500700501,682,978,1660
500700502,377,664,1041
500700503,239,310,549
500700504,357,375,732
500700505,467,631,1098
500700506,409,595,1004
500700507,422,427,849
500700508,357,453,810
500700509,271,349,620
500700510,514,694,1208
500700511,482,624,1106
500700512,503,721,1224
500700513,414,641,1055
500700514,345,584,929
500700601,655,793,1448
500700602,657,893,1550
500700603,602,739,1341
500700604,279,327,606
500700605,313,423,736
500700606,415,486,901
500700607,427,525,952
500700608,596,935,1531
500700609,330,366,696
500700610,321,321,642
500700611,267,352,619
500700612,544,762,1306
500700613,346,480,826
500700701,325,288,613
500700702,425,438,863
500700703,467,517,984
500700704,217,403,620
500700705,461,576,1037
500700706,539,939,1478
500700707,396,424,820
500700708,338,507,845
500700709,214,287,501
500700710,230,263,493
500700711,340,432,772
500700712,265,265,530
500700801,416,540,956
500700802,388,463,851
500700803,393,455,848
500700804,375,671,1046
500700805,622,881,1503
500700806,480,602,1082
500700807,316,363,679
500700808,407,498,905
500700809,329,429,758
500700810,508,570,1078
500700811,345,464,809
500700812,460,579,1039
500700813,252,465,717
500700814,351,557,908
500700815,266,401,667
500700816,375,642,1017
500700901,323,481,804
500700902,442,867,1309
500700903,820,1520,2340
500700904,452,677,1129
500700905,325,341,666
500700906,249,325,574
500700907,406,500,906
500700908,497,655,1152
500700909,322,424,746
500700910,289,476,765
500700911,512,825,1337
500700912,435,563,998
500700913,332,380,712
500701001,384,683,1067
500701002,346,541,887
500701003,334,486,820
500701004,384,584,968
500701005,202,315,517
500701006,555,702,1257
500701007,290,369,659
500701008,301,310,611
500701009,313,317,630
500701010,434,497,931
500701011,262,274,536
500701012,492,554,1046
500701013,240,405,645
500770101,135,187,322
500770102,75,156,231
500770103,206,285,491
500770104,85,139,224
500770105,391,514,905
500770106,395,421,816
500770107,283,317,600
500770108,372,435,807
500770109,318,373,691
500770110,278,414,692
500770111,38,73,111
500770112,393,433,826
500770113,382,446,828
500770114,597,845,1442
500770115,262,441,703
500770116,515,693,1208
500770117,358,518,876
500770118,234,435,669
500770119,314,668,982
500770120,239,479,718
500770121,248,382,630
500770122,403,684,1087
500770123,449,631,1080
500770124,342,490,832
500770125,300,502,802
500770126,256,549,805
500770127,318,601,919
500770128,6,3,9
500770201,144,262,406
500770202,60,145,205
500770203,5,17,22
500770301,190,344,534
500770302,59,67,126
500770401,19,23,42
500770402,345,401,746
500770403,182,234,416
500840101,502,651,1153
500840102,217,321,538
500840103,299,528,827
500840104,296,366,662
500840105,257,420,677
500840201,619,1008,1627
500840202,358,645,1003
500840203,345,420,765
500840204,659,722,1381
500840205,500,639,1139
500840206,390,518,908
500840207,491,626,1117
500840208,295,296,591
500840209,285,184,469
500840210,311,421,732
500840211,410,448,858
500840212,360,421,781
500840213,469,455,924
500840214,385,582,967
500840215,447,656,1103
500840216,252,361,613
500840217,126,173,299
500840301,282,364,646
500840302,480,886,1366
500840303,271,535,806
500840304,431,685,1116
500840305,346,627,973
500840306,302,546,848
500840307,340,474,814
500840308,330,483,813
500840309,336,475,811
500840401,55,169,224
500840402,242,384,626
500840403,428,621,1049
500840404,108,199,307
500840405,214,374,588
500840406,263,405,668
500840407,274,435,709
500840501,86,157,243
500840601,76,92,168
500840701,145,257,402
500840702,337,427,764
500840703,200,361,561
500840704,213,320,533
500840705,403,636,1039
500840706,218,303,521
500840801,310,364,674
500840802,425,740,1165
500840803,453,719,1172
500840804,264,415,679
500840805,472,668,1140
500840806,554,664,1218
500840807,315,356,671
500840808,551,558,1109
500840809,438,652,1090
500840810,339,742,1081
500840811,467,446,913
500840812,539,467,1006
500840813,486,907,1393
500910101,732,1091,1823
500910102,169,345,514
500910103,170,357,527
500910104,207,328,535
500910105,544,681,1225
500910106,263,360,623
500910107,323,352,675
500910108,507,603,1110
500910109,393,442,835
500910110,317,327,644
500910111,540,666,1206
500910112,297,422,719
500910113,276,468,744
500910201,386,700,1086
500910202,787,914,1701
500910203,581,687,1268
500910204,483,470,953
500910205,288,523,811
500910206,398,587,985
500910207,370,591,961
500910208,453,600,1053
500910209,367,639,1006
500910301,274,520,794
500910302,387,739,1126
500910303,312,500,812
500910304,328,419,747
500910305,416,612,1028
500910306,438,683,1121
500910307,297,569,866
500910401,30,62,92
500910501,21,43,64
500910601,71,145,216
500980101,355,656,1011
500980102,560,1079,1639
500980103,296,639,935
500980104,389,915,1304
500980105,306,587,893
500980106,401,770,1171
500980107,135,303,438
500980108,412,626,1038
500980201,26,53,79
500980202,241,421,662
500980203,104,130,234
500980204,151,271,422
500980205,125,211,336
500980206,38,50,88
500980301,329,496,825
500980302,201,340,541
500980303,482,687,1169
500980304,313,476,789
500980305,314,561,875
500980306,539,763,1302
500980307,237,303,540
500980308,472,690,1162
500980401,323,398,721
500980402,404,532,936
500980403,489,495,984
500980404,448,591,1039
500980405,405,460,865
500980406,447,605,1052
500980407,520,772,1292
500980408,419,503,922
500980409,445,535,980
500980410,333,300,633
500980411,441,408,849
500980412,316,383,699
500980413,284,303,587
500980414,25,45,70
500980415,580,671,1251
500980416,224,228,452
500980417,469,567,1036
500980501,212,400,612
500980502,63,124,187
500980503,353,533,886
500980504,395,687,1082
500980505,433,682,1115
500980506,410,721,1131
500980507,338,407,745
500980508,559,784,1343
500980509,308,321,629
500980510,292,357,649
500980511,266,344,610
500980512,517,598,1115
500980601,218,389,607
500980602,281,519,800
500980603,320,569,889
500980604,321,627,948
500980605,361,664,1025
500980606,357,744,1101
500980607,239,528,767
500980608,361,584,945
500980609,227,568,795
500980610,174,327,501
500980611,470,685,1155
500980612,303,479,782
500980701,202,356,558
500980702,434,679,1113
500980703,334,472,806
500980704,335,460,795
500980705,524,695,1219
500980706,419,352,771
500980707,376,429,805
500980708,218,294,512
500980709,380,362,742
500980710,210,220,430
500980711,259,270,529
500980712,279,357,636
500980713,317,212,529
500980714,365,425,790
500980715,679,941,1620
500980716,512,574,1086
500980717,292,293,585
500980718,353,374,727
500980719,420,753,1173
500980720,217,269,486
500980721,242,442,684
500980722,243,420,663
500980801,364,617,981
500980802,509,935,1444
500980803,515,1007,1522
500980804,477,919,1396
500980805,581,922,1503
500980806,557,734,1291
500980807,495,513,1008
500980808,446,474,920
500980809,348,510,858
500980810,423,459,882
500980811,568,807,1375
500980812,251,334,585
500980813,365,408,773
500980814,263,310,573
500980815,252,309,561
500980816,261,192,453
500980817,187,415,602
500980818,480,828,1308
500980819,386,648,1034
500980820,280,519,799
500980821,207,274,481
500980901,351,392,743
500980902,218,277,495
500980903,493,610,1103
500980904,480,664,1144
500980905,368,555,923
500980906,372,568,940
500980907,655,1111,1766
500980908,479,609,1088
500980909,540,745,1285
500980910,327,506,833
500980911,483,740,1223
500980912,341,549,890
501050101,2,8,10
501050102,364,694,1058
501050103,357,479,836
501050104,343,535,878
501050105,310,434,744
501050106,501,573,1074
501050107,428,571,999
501050108,516,579,1095
501050109,140,154,294
501050110,248,398,646
501050111,438,419,857
501050112,534,729,1263
501050113,390,463,853
501050201,3,5,8
501050202,476,784,1260
501050203,295,478,773
501050204,574,828,1402
501050205,491,718,1209
501050301,16,13,29
501050302,251,397,648
501050303,281,445,726
501050304,597,1069,1666
501050305,291,427,718
501050306,519,765,1284
501050307,346,489,835
501050308,254,470,724
501050309,334,578,912
501050310,285,414,699
501050401,413,474,887
501050402,391,550,941
501050403,303,380,683
501050404,226,340,566
501050405,495,654,1149
501050406,370,493,863
501050407,398,814,1212
501050408,401,544,945
501050409,269,371,640
501050410,243,462,705
501050411,390,580,970
501050412,278,361,639
501050413,365,411,776
501050414,366,462,828
501050415,217,253,470
501050416,320,346,666
501050417,396,434,830
501050418,414,626,1040
501050419,577,707,1284
501050420,225,324,549
501050421,647,971,1618
501050422,118,148,266
501050501,238,235,473
501050502,130,100,230
501050503,277,275,552
501050504,375,390,765
501050505,229,240,469
501050506,322,405,727
501050507,271,375,646
501050508,222,304,526
501050509,326,450,776
501050510,360,355,715
501050511,363,278,641
501050512,229,199,428
501050513,379,380,759
501050514,394,414,808
501050515,341,415,756
501050516,390,404,794
501050517,240,255,495
501050518,215,175,390
501050519,283,310,593
501050520,224,302,526
501050521,217,270,487
501050601,31,62,93
501050602,318,517,835
501050603,61,81,142
501050604,2,1,3
501050605,247,270,517
501050606,305,548,853
501050607,353,469,822
501050608,124,111,235
501050701,7,9,16
501050702,228,405,633
501050703,236,480,716
501050704,328,486,814
501050705,351,572,923
501050706,349,523,872
501050707,240,409,649
501050708,323,344,667
501050801,292,407,699
501050802,155,269,424
501050803,134,236,370
501050804,19,36,55
501050805,1,9,10
501050806,53,71,124
501050807,160,327,487
501050808,137,217,354
501050901,132,321,453
501050902,8,20,28
501050903,251,444,695
501050904,417,605,1022
501050905,247,317,564
501050906,412,443,855
501050907,321,427,748
501051001,21,21,42
501051002,339,619,958
501051003,31,72,103
501051004,107,167,274
501051005,59,97,156
501051006,404,608,1012
501051007,374,544,918
501051008,449,743,1192
501051009,267,474,741
501051010,54,75,129
501051011,271,362,633
501051012,300,482,782
501051101,401,647,1048
501051102,311,455,766
501051103,312,428,740
501051104,255,325,580
501051105,656,1099,1755
501051106,523,938,1461
501051107,369,906,1275
501051108,201,344,545
501051109,136,231,367
501051110,312,432,744
501051201,128,211,339
501051202,162,206,368
501051203,97,191,288
501051204,96,120,216
501051205,379,512,891
501051206,183,258,441
501051207,108,171,279
501051208,274,499,773
501051209,193,483,676
501051301,280,199,479
501051302,338,212,550
501051303,310,293,603
501051304,208,250,458
501051305,201,185,386
501051306,198,252,450
501051307,346,309,655
501051308,188,154,342
501051309,334,297,631
501051310,305,369,674
501051311,191,152,343
501051312,245,284,529
501051401,475,399,874
501051402,185,132,317
501051403,253,226,479
501051404,264,230,494
501051405,392,361,753
501051406,220,199,419
501051407,249,204,453
501051408,301,230,531
501051409,239,223,462
501051410,277,237,514
501051411,351,272,623
501051412,340,309,649
501051413,407,399,806
501051501,460,559,1019
501051502,234,297,531
501051503,276,338,614
501051504,258,289,547
501051505,333,566,899
501051506,286,408,694
501051507,251,376,627
501051508,350,547,897
501051509,253,348,601
501051510,270,428,698
501051511,338,499,837
501051512,253,322,575
501051513,391,592,983
501051514,275,399,674
501051515,217,234,451
501051516,374,510,884
501051517,508,523,1031
501051518,463,680,1143
501051519,277,573,850
501051601,485,682,1167
501051602,534,744,1278
501051603,503,777,1280
501051604,380,543,923
501051605,663,1194,1857
501051606,45,103,148
501051607,207,388,595
501051608,71,138,209
501051609,226,460,686
501051701,420,595,1015
501051702,308,500,808
501051703,292,473,765
501051704,309,404,713
501051705,267,387,654
501051706,302,445,747
501051707,228,201,429
501051708,349,341,690
501051709,366,354,720
501051710,290,346,636
501051711,364,339,703
501051712,442,467,909
501051713,278,294,572
501051714,198,219,417
501051801,471,590,1061
501051802,176,200,376
501051803,334,335,669
501051804,602,539,1141
501051805,488,388,876
501051806,357,356,713
501051807,206,244,450
501051808,274,312,586
501051809,311,387,698
501051810,411,468,879
501051811,325,352,677
501051812,301,318,619
501051813,322,245,567
501051814,270,300,570
501051815,405,369,774
501051816,308,333,641
501051817,237,302,539
501051818,513,591,1104
501051901,255,273,528
501051902,517,647,1164
501051903,232,340,572
501051904,366,396,762
501051905,431,506,937
501051906,466,857,1323
501051907,479,624,1103
501051908,445,631,1076
501051909,365,591,956
501051910,423,766,1189
501051911,148,226,374
501051912,277,636,913
501051913,267,481,748
501051914,256,722,978
501051915,183,324,507
501120101,285,469,754
501120102,756,1082,1838
501120103,254,420,674
501120104,495,819,1314
501120105,215,298,513
501120201,376,583,959
501120202,324,482,806
501120203,158,204,362
501120204,584,583,1167
501120205,474,642,1116
501120301,94,182,276
501120302,299,505,804
501120303,143,222,365
501120304,396,576,972
501120305,374,478,852
501120401,229,354,583
501120501,73,132,205
501120601,146,277,423
501190101,3,2,5
501190201,111,145,256
501190202,181,272,453
501190203,72,114,186
501190204,484,832,1316
501190205,396,704,1100
501190206,283,585,868
501190301,548,808,1356
501190302,458,672,1130
501190303,512,685,1197
501190304,520,705,1225
501190305,520,680,1200
501190306,514,846,1360
501190307,408,650,1058
501190308,698,1133,1831
501190309,665,1054,1719
501190310,504,662,1166
501190311,382,483,865
501190312,243,295,538
501190401,548,810,1358
501190402,225,304,529
501190403,547,872,1419
501190404,171,251,422
501190405,191,323,514
501190406,314,562,876
501190407,678,935,1613
501190408,594,841,1435
501190409,535,839,1374
501190501,128,221,349
501190601,316,504,820
501190602,155,180,335
501190603,442,738,1180
501190604,430,603,1033
501190605,296,400,696
501190606,380,505,885
501190607,607,683,1290
501190608,421,346,767
501190609,276,241,517
501190610,358,360,718
501190611,302,360,662
501190612,486,708,1194
501190613,691,1148,1839
501190614,430,838,1268
501260101,139,201,340
501260102,4,16,20
501260201,10,17,27
501260202,91,263,354
501260203,94,183,277
501260204,114,199,313
501260205,2,2,4
501260301,921,1708,2629
501260302,267,372,639
501260303,695,1061,1756
501260304,470,690,1160
501260305,465,565,1030
501260306,476,580,1056
501260307,389,437,826
501260308,224,278,502
501260309,387,791,1178
501260310,413,439,852
501260311,431,649,1080
501260312,507,711,1218
501260313,291,399,690
501260314,490,714,1204
501260315,201,443,644
501260316,302,402,704
501260317,322,629,951
501260318,91,150,241
501260319,390,573,963
501260401,345,580,925
501260402,18,19,37
501260501,742,1642,2384
501260502,310,680,990
501260503,304,595,899
501260504,346,800,1146
540070101,39,72,111
540070102,249,506,755
540070103,387,763,1150
540070104,105,158,263
540070105,141,284,425
540070106,15,15,30
540070107,189,408,597
540070108,481,550,1031
540070109,270,632,902
540070110,111,387,498
540070201,47,69,116
540070202,18,36,54
540070301,32,62,94
540070302,86,223,309
540070303,255,698,953
540070304,97,189,286
540070305,69,110,179
540070306,55,71,126
540070307,75,77,152
540070308,31,55,86
540070309,33,60,93
540070310,234,384,618
540070311,393,453,846
540070312,445,1086,1531
540070313,350,588,938
540070314,102,285,387
540070315,368,545,913
540070316,370,558,928
540070317,183,418,601
540070318,382,677,1059
540070319,186,656,842
540070401,68,106,174
540070402,94,209,303
540070403,173,359,532
540070404,43,38,81
540070405,13,21,34
540070406,20,24,44
540070501,35,29,64
540070502,92,139,231
540070503,104,209,313
540070504,280,431,711
540070505,10,9,19
540070506,107,234,341
540070507,58,75,133
540070508,373,706,1079
540070509,172,452,624
540070601,42,47,89
540070602,396,486,882
540070603,304,544,848
540070604,287,413,700
540070605,299,329,628
540070606,338,521,859
540070607,424,776,1200
540070608,230,202,432
540070609,223,141,364
540070610,293,279,572
540070611,363,332,695
540070612,263,392,655
540070613,403,538,941
540070614,251,250,501
540070615,296,813,1109
540070616,322,833,1155
540070617,279,271,550
540070618,337,327,664
540070619,338,498,836
540070620,95,246,341
540140101,32,84,116
540140102,105,248,353
540140103,307,487,794
540140104,330,451,781
540140105,38,76,114
540140106,85,112,197
540140107,180,282,462
540140108,275,398,673
540140109,289,541,830
540140110,278,441,719
540140111,247,777,1024
540140112,65,173,238
540140201,94,249,343
540140202,254,348,602
540140203,229,357,586
540140204,184,444,628
540140205,246,400,646
540140206,208,270,478
540140207,107,299,406
540140208,390,432,822
540140209,283,616,899
540140210,350,499,849
540140211,270,768,1038
540140212,256,535,791
540140301,83,159,242
540140302,108,152,260
540140303,351,556,907
540140304,167,343,510
540140305,67,160,227
540140306,39,71,110
540140307,272,756,1028
540140308,129,241,370
540140309,152,429,581
540140401,148,276,424
540140402,80,160,240
540140403,113,161,274
540140404,290,550,840
540140501,134,322,456
540140502,187,420,607
540140503,153,394,547
540140504,185,443,628
540140505,270,457,727
540140506,203,476,679
540140507,144,297,441
540140508,303,482,785
540140509,212,411,623
540140510,132,212,344
540140511,209,904,1113
540140512,237,327,564
540140601,131,200,331
540140602,196,610,806
540140603,65,178,243
540140604,174,503,677
540140605,99,291,390
540140606,184,402,586
540140607,391,943,1334
540140608,206,873,1079
540140609,136,413,549
540140701,173,267,440
540140702,94,153,247
540140703,188,406,594
540140704,153,438,591
540140705,128,335,463
540140801,148,379,527
540140802,102,187,289
540140803,59,97,156
540140804,60,135,195
540140805,73,135,208
540140806,182,735,917
540140807,207,334,541
540140808,262,568,830
540140901,83,172,255
540140902,124,249,373
540140903,75,243,318
540140904,24,82,106
540140905,98,167,265
540140906,170,393,563
540141001,114,312,426
540141002,145,358,503
540141003,71,139,210
540141004,135,270,405
540141005,112,180,292
540141006,167,205,372
540210101,105,227,332
540210102,118,311,429
540210103,36,59,95
540210201,35,76,111
540210202,243,599,842
540210203,42,113,155
540210301,36,70,106
540210302,51,103,154
540210303,25,28,53
540210304,52,47,99
540210305,52,69,121
540210306,182,390,572
540210401,96,245,341
540210402,30,68,98
540210403,26,27,53
540210404,4,7,11
540210501,127,145,272
540210502,50,132,182
540210503,29,60,89
540210504,360,694,1054
540210505,261,668,929
540210506,193,450,643
540210507,308,519,827
540210508,354,469,823
540210509,325,549,874
540210510,283,483,766
540210511,297,406,703
540210512,366,631,997
540210513,215,348,563
540210514,301,612,913
540210515,269,504,773
540210516,298,516,814
540210517,195,292,487
540210518,90,282,372
540210601,267,554,821
540210602,179,469,648
540210603,126,274,400
540210604,29,93,122
540210605,17,55,72
540210606,18,54,72
540210607,364,583,947
540210608,233,395,628
540210609,295,508,803
540210610,72,257,329
540210611,46,134,180
540210701,54,132,186
540210702,33,62,95
540210703,34,105,139
540210704,240,559,799
540210705,240,516,756
540280101,226,314,540
540280102,258,529,787
540280103,382,889,1271
540280104,278,335,613
540280105,83,100,183
540280106,111,173,284
540280107,358,441,799
540280108,299,296,595
540280109,243,232,475
540280110,294,216,510
540280111,372,312,684
540280112,526,360,886
540280113,247,208,455
540280114,221,211,432
540280116,3,8,11
540280117,285,192,477
540280118,177,169,346
540280119,261,221,482
540280201,255,191,446
540280202,273,153,426
540280203,316,319,635
540280204,283,262,545
540280205,340,238,578
540280206,300,216,516
540280207,302,290,592
540280208,244,214,458
540280209,207,135,342
540280210,292,278,570
540280211,226,199,425
540280212,133,161,294
540280213,183,255,438
540280214,160,133,293
540280215,245,182,427
540280216,149,96,245
540280217,244,296,540
540280218,141,132,273
540280301,590,847,1437
540280302,440,484,924
540280303,399,615,1014
540280304,291,330,621
540280305,393,588,981
540280306,364,416,780
540280307,621,823,1444
540280308,592,772,1364
540280309,313,337,650
540280310,361,391,752
540280311,545,648,1193
540280312,432,496,928
540280313,340,423,763
540280314,392,320,712
540280401,473,583,1056
540280402,495,827,1322
540280403,280,342,622
540280404,243,228,471
540280405,428,376,804
540280406,379,397,776
540280407,377,377,754
540280408,564,617,1181
540280409,343,470,813
540280410,467,815,1282
540280411,333,544,877
540280412,468,842,1310
540280413,328,721,1049
540280414,339,364,703
540280415,334,390,724
540280416,316,353,669
540280417,336,767,1103
540280418,346,497,843
540280419,496,841,1337
540280501,358,332,690
540280502,291,424,715
540280504,213,320,533
540280505,474,566,1040
540280506,442,529,971
540280507,364,344,708
540280508,323,324,647
540280509,343,363,706
540280510,176,135,311
540280511,319,537,856
540280601,499,496,995
540280602,404,450,854
540280603,619,598,1217
540280604,152,346,498
540280605,225,537,762
540280606,295,292,587
540280607,444,475,919
540280608,311,443,754
540280609,399,386,785
540280610,207,255,462
540280611,386,527,913
540280612,472,664,1136
540280613,404,634,1038
540280614,254,459,713
540280615,97,78,175
540280616,193,515,708
540280617,314,428,742
540280618,490,1109,1599
540280701,319,542,861
540280702,342,570,912
540280703,486,532,1018
540280704,376,383,759
540280705,378,412,790
540280706,259,239,498
540280707,216,248,464
540280708,337,375,712
540280709,279,325,604
540280710,409,463,872
540280711,320,287,607
540280712,412,501,913
540280713,522,758,1280
540280714,475,628,1103
540280715,359,443,802
540280716,421,583,1004
540280717,293,418,711
540280718,256,313,569
540280719,305,430,735
540280720,343,517,860
540280721,319,387,706
540280803,367,649,1016
540280804,302,451,753
540280805,258,423,681
540280806,305,675,980
540280807,536,1173,1709
540280808,424,930,1354
540280809,355,893,1248
540280810,413,746,1159
540280811,296,489,785
540280812,346,970,1316
540280813,300,370,670
540280814,283,491,774
540280815,194,587,781
540280816,307,541,848
540280817,174,371,545
540280818,494,636,1130
540280819,223,547,770
540280820,448,953,1401
540280821,256,577,833
540280822,192,296,488
540280901,290,279,569
540280902,274,262,536
540280903,167,211,378
540280906,282,245,527
540280907,469,362,831
540280908,375,331,706
540280909,206,156,362
540280910,225,158,383
540280911,229,188,417
540281001,241,252,493
540281002,161,206,367
540281003,343,389,732
540281004,500,526,1026
540281005,317,307,624
540281006,239,294,533
540281007,267,312,579
540281008,614,528,1142
540281009,591,538,1129
540281010,427,512,939
540281011,412,409,821
540281012,373,377,750
540281013,250,250,500
540281014,246,319,565
540281015,229,328,557
540281101,90,306,396
540281102,156,221,377
540281103,130,292,422
540281201,506,872,1378
540281202,251,336,587
540281203,34,90,124
540281204,81,149,230
540281205,340,629,969
540281206,339,638,977
540281207,302,522,824
540281208,344,652,996
540281209,340,832,1172
540281210,566,933,1499
540281211,464,1079,1543
540281212,454,987,1441
540281213,487,1274,1761
540281214,594,804,1398
540281215,286,475,761
540281216,401,842,1243
540281217,420,502,922
540281218,408,1026,1434
540281219,484,779,1263
540281220,329,445,774
540281301,77,257,334
540281302,56,179,235
540281303,86,103,189
540281304,4,13,17
540281305,95,210,305
540281306,389,679,1068
540281307,127,361,488
540281308,285,636,921
540281309,129,346,475
540281310,238,528,766
540281311,339,567,906
540281312,389,644,1033
540281313,353,748,1101
540281314,450,964,1414
540281315,401,958,1359
540281316,364,638,1002
540281317,200,415,615
540281318,158,223,381
540281319,552,895,1447
540281320,218,326,544
540281321,198,310,508
540281322,337,795,1132
540281323,165,341,506
540281401,334,602,936
540281402,0,0,0
540281403,3,2,5
540281501,103,94,197
540281502,68,85,153
540281503,82,100,182
540281504,483,702,1185
540281505,521,619,1140
540281601,299,990,1289
540281602,7,15,22
540281701,42,106,148
540281702,18,44,62
540281703,17,40,57
540281704,7,19,26
540281801,320,1015,1335
540281802,209,521,730
540281803,194,653,847
540281804,387,638,1025
540281805,250,441,691
540281806,154,357,511
540281807,404,756,1160
540281808,222,386,608
540281809,252,492,744
540281810,388,528,916
540281811,414,535,949
540281812,285,517,802
540281813,394,977,1371
540281814,355,808,1163
540281815,324,771,1095
540281816,191,539,730
540281817,221,494,715
540281818,321,305,626
540281819,209,455,664
540281820,223,358,581
540281821,282,470,752
540281822,260,375,635
540281901,450,1026,1476
540281902,212,330,542
540281903,520,634,1154
540281904,275,753,1028
540281905,633,733,1366
540281906,544,484,1028
540281907,549,508,1057
540281908,618,730,1348
540281909,534,697,1231
540281910,418,310,728
540281911,512,460,972
540281912,508,727,1235
540281913,489,1012,1501
540281914,389,708,1097
540281915,400,541,941
540281916,459,681,1140
540281917,285,978,1263
540281918,505,590,1095
540281919,518,863,1381
540281920,525,717,1242
540281921,531,777,1308
540281922,449,664,1113
540281923,652,933,1585
540281924,554,1132,1686
540281925,445,937,1382
540281926,464,728,1192
540281927,272,583,855
540281928,395,632,1027
540282001,619,888,1507
540282002,593,973,1566
540282003,629,738,1367
540282004,641,873,1514
540282005,433,588,1021
540282006,384,610,994
540282007,400,585,985
540282008,169,241,410
540282009,349,562,911
540282010,286,381,667
540282011,542,954,1496
540282012,214,356,570
540282013,308,513,821
540282014,284,397,681
540282015,279,629,908
540282016,426,628,1054
540282017,202,603,805
540282018,323,445,768
540282019,425,723,1148
540282020,251,408,659
540282021,287,723,1010
540282101,7,3,10
540282102,125,183,308
540282103,22,37,59
540282201,265,370,635
540282202,599,701,1300
540282203,267,270,537
540282204,405,459,864
540282205,255,274,529
540282206,438,538,976
540282207,373,392,765
540282208,275,319,594
540282209,580,506,1086
540282210,488,357,845
540282211,297,245,542
540282212,289,340,629
540282213,289,244,533
540282301,502,805,1307
540282302,299,419,718
540282303,454,534,988
540282304,468,645,1113
540282305,563,834,1397
540282306,362,682,1044
540282307,372,418,790
540282308,286,411,697
540282309,326,539,865
540282310,347,312,659
540282311,529,973,1502
540282312,327,929,1256
540282313,326,637,963
540282314,261,224,485
540282401,387,613,1000
540282402,373,463,836
540282403,425,617,1042
540282404,360,1256,1616
540282405,214,794,1008
540282406,209,605,814
540282407,385,1085,1470
540282408,376,1078,1454
540282409,278,679,957
540282410,289,698,987
540282411,391,466,857
540282412,361,958,1319
540282413,230,373,603
540282414,370,498,868
540282415,356,1018,1374
540282416,337,902,1239
540282417,39,122,161
540350101,71,145,216
540350102,24,41,65
540350103,158,262,420
540350104,26,40,66
540350105,2,3,5
540350106,10,19,29
540350201,55,162,217
540350202,7,21,28
540350203,16,19,35
540350204,9,41,50
540350205,6,5,11
540350206,12,15,27
540350207,31,54,85
540350301,97,147,244
540350302,5,4,9
540350303,24,29,53
540350304,55,86,141
540350305,4,6,10
540350306,7,9,16
540350307,15,32,47
540350308,35,47,82
540350401,94,357,451
540350402,34,113,147
540350403,324,486,810
540350404,289,425,714
540350405,59,84,143
540350406,24,35,59
540350407,8,11,19
540350408,0,0,0
540350409,20,34,54
540350410,305,412,717
540350411,224,351,575
540350412,405,797,1202
540350413,102,246,348
540350414,265,559,824
540420101,129,272,401
540420102,110,250,360
540420103,56,143,199
540420104,16,15,31
540420105,20,46,66
540420106,16,40,56
540420107,331,685,1016
540420201,0,0,0
540420202,0,0,0
540420203,37,41,78
540420301,176,428,604
540420302,137,252,389
540420303,250,513,763
540420304,88,126,214
540420305,547,965,1512
540420306,360,497,857
540420307,395,560,955
540420308,86,368,454
540420309,409,839,1248
540420310,200,315,515
540420311,123,192,315
540420312,204,281,485
540420313,178,373,551
540420314,259,513,772
540420315,250,414,664
540420316,279,394,673
540420317,218,607,825
540420318,154,326,480
540420401,235,465,700
540420402,235,830,1065
540420403,420,651,1071
540420404,335,388,723
540420405,415,844,1259
540420406,459,713,1172
540420407,378,820,1198
540420408,143,370,513
540420409,291,635,926
540420410,269,805,1074
540420411,345,917,1262
540420412,227,463,690
540420413,313,362,675
540420414,322,594,916
540420415,250,647,897
540420416,309,428,737
540420417,268,407,675
540420418,301,630,931
540420419,250,468,718
540420420,317,532,849
540420501,222,488,710
540420502,391,705,1096
540420503,312,304,616
540420504,395,355,750
540420505,500,507,1007
540420506,328,388,716
540420507,334,353,687
540420508,437,338,775
540420509,301,259,560
540420510,219,187,406
540420511,388,263,651
540420512,320,493,813
540420513,383,400,783
540420514,352,330,682
540420515,348,409,757
540420516,339,383,722
540420517,269,424,693
540420518,281,491,772
540420519,277,377,654
540420520,284,268,552
540420601,168,733,901
540420602,374,746,1120
540420603,138,490,628
540420604,39,96,135
540420605,83,275,358
540420606,99,187,286
540420607,185,477,662
540420608,43,63,106
540420609,9,37,46
540420610,248,669,917
540420611,157,306,463
540420612,259,916,1175
540420613,533,1100,1633
540420614,335,690,1025
540420701,232,613,845
540420702,118,327,445
540420703,70,259,329
540420704,125,307,432
540420705,17,77,94
540420706,26,35,61
540420707,5,31,36
540420708,14,29,43
540420709,78,185,263
540420710,194,359,553
540420801,144,341,485
540420802,179,306,485
540420803,158,278,436
540420804,4,10,14
540420805,34,125,159
540420806,3,15,18
540420901,23,73,96
540420902,6,13,19
540420903,1,7,8
540420904,17,31,48
540421001,215,648,863
540421002,28,85,113
540421003,48,192,240
540421004,15,42,57
540421005,278,534,812
540421006,80,419,499
540421007,133,274,407
540421008,241,510,751
540421009,119,516,635
540490101,320,893,1213
540490102,416,1274,1690
540490103,225,610,835
540490104,481,1187,1668
540490105,494,1285,1779
540490106,230,489,719
540490107,468,571,1039
540490108,305,676,981
540490109,374,710,1084
540490110,188,321,509
540490111,158,328,486
540490112,208,408,616
540490113,178,627,805
540490114,242,722,964
540490115,227,505,732
540490116,194,587,781
540490201,87,265,352
540490202,344,1076,1420
540490203,404,1525,1929
540490204,258,380,638
540490205,264,680,944
540490206,380,1205,1585
540490207,210,363,573
540490301,375,1316,1691
540490302,114,366,480
540490303,475,543,1018
540490304,267,520,787
540490305,193,552,745
540490306,107,360,467
540490307,208,445,653
540490308,283,391,674
540490309,259,721,980
540490310,134,473,607
540490311,195,569,764
540490312,284,384,668
540490401,221,979,1200
540490402,30,88,118
540490403,5,44,49
540560101,149,402,551
540560102,164,625,789
540560103,199,499,698
540560104,153,444,597
540560105,79,247,326
540560106,73,209,282
540560201,246,743,989
540560202,119,359,478
540560203,84,189,273
540560204,125,312,437
540560205,214,680,894
540560206,287,554,841
540560207,74,316,390
540560208,371,599,970
540560209,162,350,512
540560210,216,608,824
540560301,367,944,1311
540560302,196,580,776
540560303,345,1329,1674
540560304,58,330,388
540560305,236,642,878
540560306,83,405,488
540560307,71,256,327
540560308,144,514,658
540560309,139,313,452
540560401,0,1,1
540560402,7,3,10
540560403,68,95,163
540560501,254,655,909
540560502,1,1,2
540560503,2,0,2
540560601,453,1410,1863
540560602,438,1138,1576
540560603,414,1076,1490
540560604,534,1339,1873
540560605,214,583,797
540560606,119,377,496
540560607,167,583,750
540560608,387,1060,1447
540560609,206,565,771
540560610,299,834,1133
540560611,253,735,988
540560612,253,912,1165
540560613,307,975,1282
540560614,148,542,690
540560701,66,206,272
540560702,271,596,867
540560703,54,82,136
540560704,71,117,188
540560705,133,202,335
540560706,84,155,239
540560707,111,194,305
540560708,314,721,1035
540560709,228,619,847
540560710,289,571,860
540560711,322,452,774
540560801,491,1156,1647
540560802,520,1020,1540
540560803,194,477,671
540560901,492,562,1054
540560902,708,1032,1740
540560903,437,848,1285
540560904,342,556,898
540560905,358,451,809
540560906,264,374,638
540560907,199,475,674
540560908,434,530,964
540560909,229,722,951
540560910,291,341,632
540560911,186,378,564
540630101,75,234,309
540630102,167,199,366
540630103,2,2,4
540630104,1,3,4
540630105,62,406,468
540630106,232,607,839
540630107,288,518,806
540630108,241,491,732
540630109,350,834,1184
540630110,355,742,1097
540630111,228,664,892
540630112,319,575,894
540630113,251,576,827
540630114,237,377,614
540630115,225,392,617
540630201,6,11,17
540630202,7,41,48
540630203,0,0,0
540630301,14,82,96
540630302,50,208,258
540630401,23,52,75
540630402,13,25,38
540630403,84,187,271
540630404,41,107,148
540630405,225,513,738
540630406,360,782,1142
540630407,254,477,731
540630408,319,453,772
540630409,171,403,574
540630410,212,361,573
540630501,114,351,465
540630502,13,49,62
540630503,50,65,115
540630504,32,88,120
540630505,45,85,130
540630601,0,1,1
540630602,16,31,47
540630701,3,13,16
540630702,2,2,4
540630703,18,33,51
540630704,44,132,176
540630705,25,53,78
540630801,222,380,602
540630802,481,866,1347
540630803,233,168,401
540630804,198,330,528
540630805,464,844,1308
540630806,28,55,83
540630807,33,93,126
540630808,7,13,20
540630809,2,10,12
540630810,52,168,220
540630811,83,274,357
540630812,262,628,890
540630813,519,805,1324
540630814,488,941,1429
540630815,512,770,1282
540630816,306,812,1118
540630817,262,748,1010
540630818,227,325,552
540630819,292,900,1192
540630901,84,454,538
540630902,81,153,234
540630903,7,26,33
540630904,211,277,488
540630905,252,546,798
540630906,273,466,739
540630907,314,407,721
540630908,319,845,1164
540630909,250,454,704
540630910,197,509,706
540630911,214,365,579
540630912,227,517,744
540630913,77,374,451
540630914,392,718,1110
540630915,276,689,965
540630916,106,539,645
540630917,212,420,632
540630918,206,271,477
540631001,357,367,724
540631002,659,660,1319
540631003,549,757,1306
540631004,499,707,1206
540631005,305,454,759
540631006,308,441,749
540631007,223,460,683
540631008,421,626,1047
540631009,194,438,632
540631010,198,321,519
540631011,194,530,724
540631012,288,522,810
540631013,334,807,1141
540631014,437,741,1178
540631101,549,456,1005
540631102,710,1138,1848
540631103,474,474,948
540631104,495,623,1118
540631105,723,571,1294
540631106,542,677,1219
540631107,434,657,1091
540631108,339,470,809
540631109,260,476,736
540631110,356,525,881
540631111,234,331,565
540631112,366,473,839
540631113,427,618,1045
540700101,211,425,636
540700102,64,142,206
540700103,28,24,52
540700104,120,256,376
540700105,117,155,272
540700201,115,147,262
540700202,135,304,439
540700203,84,132,216
540700204,43,109,152
540700205,220,466,686
540700206,188,397,585
540700207,386,762,1148
540700208,337,487,824
540700301,171,256,427
540700302,171,356,527
540700303,123,154,277
540700304,283,607,890
540700305,260,527,787
540700306,262,582,844
540700307,393,427,820
540700308,350,944,1294
540700309,382,942,1324
540700310,290,527,817
540700311,390,615,1005
540700312,255,373,628
540700313,254,379,633
540700314,250,422,672
540700315,208,469,677
540700316,274,405,679
540700401,102,159,261
540700402,305,689,994
540700403,75,148,223
540700404,89,199,288
540700501,82,226,308
540700502,146,258,404
540700503,449,938,1387
540700504,223,417,640
540700505,199,304,503
540700506,110,147,257
540700507,248,265,513
540700508,390,590,980
540700601,155,202,357
540700602,227,416,643
540700603,118,149,267
540700701,342,336,678
540700702,213,214,427
540700703,312,315,627
540700704,363,435,798
540700705,317,328,645
540700706,373,312,685
540700707,419,360,779
540700708,406,520,926
540700709,226,246,472
540700801,247,401,648
540700802,326,384,710
540700803,447,624,1071
540700804,300,395,695
540700805,312,356,668
540700806,404,361,765
540700807,451,690,1141
540700808,331,417,748
540770101,285,669,954
540770102,403,795,1198
540770103,227,583,810
540770104,355,449,804
540770105,509,599,1108
540770106,55,90,145
540770107,265,628,893
540770108,475,683,1158
540770109,254,367,621
540770110,444,747,1191
540770201,181,445,626
540770202,83,290,373
540770203,20,25,45
540770204,21,17,38
540770205,149,288,437
540770206,41,39,80
540770207,111,242,353
540770208,413,801,1214
540770209,237,656,893
540770210,245,355,600
540770211,244,722,966
540770212,224,437,661
540770213,238,642,880
540770301,312,434,746
540770302,114,477,591
540770303,50,68,118
540770304,131,344,475
540770305,85,283,368
540770306,62,183,245
540770307,3,9,12
540770308,147,563,710
540770309,353,747,1100
540770401,285,857,1142
540770402,254,315,569
540770403,75,118,193
540770404,411,574,985
540770405,267,371,638
540770406,60,153,213
540770407,331,443,774
540770408,279,444,723
540770501,41,279,320
540770502,0,4,4
540770503,12,9,21
540770601,136,280,416
540770602,407,821,1228
540770603,186,259,445
540770604,132,199,331
540770605,182,426,608
540770701,34,101,135
540770702,123,246,369
540770703,233,721,954
540770704,153,373,526
540770801,380,418,798
540770802,149,208,357
540770803,346,348,694
540770804,303,459,762
540770805,360,784,1144
540770806,361,461,822
540770807,282,372,654
540770808,147,193,340
540770809,274,274,548
540770810,327,370,697
540770811,270,273,543
540770812,207,307,514
540840101,107,141,248
540840102,283,534,817
540840103,28,100,128
540840104,155,480,635
540840105,338,440,778
540840106,266,486,752
540840107,339,675,1014
540840108,304,582,886
540840109,291,746,1037
540840110,150,589,739
540840201,49,108,157
540840202,89,200,289
540840203,18,55,73
540840204,1,0,1
540840301,434,772,1206
540840302,311,611,922
540840303,227,367,594
540840304,385,710,1095
540840305,244,240,484
540840306,25,53,78
540840307,186,441,627
540840308,17,30,47
540840309,171,316,487
540840310,33,67,100
540840311,90,139,229
540840312,339,473,812
540840313,115,540,655
540840314,258,288,546
540840401,37,79,116
540840402,70,245,315
540840403,352,635,987
540840404,32,75,107
540840405,209,502,711
540840406,8,17,25
540840407,35,100,135
540840408,146,474,620
540840409,273,453,726
540840501,37,52,89
540840502,15,55,70
540840601,35,92,127
540840602,98,294,392
540840603,95,117,212
540840604,33,81,114
540840605,117,242,359
540840606,164,413,577
540840607,165,616,781
540840701,26,82,108
540840702,9,0,9
540840801,21,11,32
540840802,42,130,172
540840901,335,645,980
540840902,347,1056,1403
540840903,242,247,489
540840904,377,542,919
540840905,207,397,604
540840906,337,412,749
540840907,434,595,1029
540840908,340,318,658
540840909,326,811,1137
540840910,251,224,475
540910101,354,351,705
540910102,377,341,718
540910103,358,215,573
540910104,558,517,1075
540910105,395,538,933
540910106,421,701,1122
540910107,310,743,1053
540910108,490,577,1067
540910109,271,272,543
540910110,247,235,482
540910111,311,285,596
540910112,452,390,842
540910113,262,242,504
540910114,193,204,397
540910115,272,279,551
540910116,567,852,1419
540910117,414,698,1112
540910118,235,426,661
540910119,486,508,994
540910201,523,1146,1669
540910202,469,950,1419
540910203,333,467,800
540910204,231,502,733
540910205,321,674,995
540910206,300,282,582
540910207,463,505,968
540910208,377,462,839
540910209,430,598,1028
540910210,381,467,848
540910211,394,471,865
540910212,262,569,831
540910213,493,1176,1669
540910214,249,554,803
540910215,348,603,951
540910216,280,308,588
540910217,302,224,526
540910218,275,609,884
540910219,312,563,875
540910301,47,128,175
540910302,84,163,247
540910303,41,88,129
540910304,45,106,151
540910305,119,284,403
540910306,286,427,713
540910401,118,305,423
540910402,157,259,416
540910403,244,453,697
540910404,239,469,708
540910405,126,206,332
540910406,225,364,589
540910501,63,96,159
540910502,104,205,309
540910503,98,198,296
540910504,84,192,276
540910505,89,151,240
540910506,96,191,287
540910507,197,365,562
540910508,141,201,342
540910509,404,1031,1435
540910510,61,164,225
540910511,155,200,355
540910512,363,384,747
540910513,283,492,775
540910514,242,607,849
540910515,295,737,1032
540910516,156,350,506
540910601,187,279,466
540910602,125,252,377
540910603,98,138,236
540910701,78,122,200
540910702,64,149,213
540910703,83,235,318
540910704,71,141,212
540910705,131,307,438
540910706,140,344,484
540910707,278,590,868
540910708,89,263,352
540910709,111,240,351
540910710,308,368,676
540910711,25,36,61
540910712,316,475,791
540910713,279,643,922
540910714,252,531,783
540910715,458,692,1150
540910716,284,532,816
540910717,327,573,900
540910718,440,548,988
540910719,303,531,834
540910801,42,99,141
540910802,173,337,510
540910803,212,408,620
540910804,69,153,222
540910805,141,325,466
540910806,43,46,89
540910807,123,257,380
540910808,94,292,386
540910809,157,275,432
540910810,298,712,1010
540910811,147,438,585
540910901,291,579,870
540910902,194,515,709
540910903,165,454,619
540910904,105,210,315
540910905,295,552,847
540911001,216,620,836
540911002,162,288,450
540911003,43,118,161
540911004,41,66,107
540911005,159,344,503
540911006,90,164,254
540911007,43,61,104
540911008,163,296,459
540911009,148,353,501
540911010,98,233,331
540911011,51,76,127
540911012,24,50,74
540911013,69,215,284
540911014,220,421,641
540911101,292,659,951
540911102,121,154,275
540911103,30,47,77
540911104,34,54,88
540911105,79,152,231
540911106,155,281,436
540911107,73,156,229
540911108,135,278,413
540911201,94,253,347
540911202,51,42,93
540911203,137,224,361
540911204,19,18,37
540911205,117,250,367
540911206,101,151,252
540911207,108,214,322
540911208,53,150,203
540911209,250,584,834
540911210,240,496,736
540911211,143,294,437
540911301,193,852,1045
540911302,187,713,900
540911303,342,589,931
540911304,276,586,862
540911305,259,375,634
540911306,300,494,794
540911307,234,422,656
540911308,373,476,849
540911309,583,795,1378
540911310,451,636,1087
540911311,290,738,1028
540911312,386,669,1055
540911313,419,377,796
540980101,150,312,462
540980102,134,150,284
540980103,79,151,230
540980104,260,662,922
540980105,74,108,182
540980106,360,620,980
540980201,29,65,94
540980202,380,774,1154
540980203,122,342,464
540980204,40,90,130
540980205,33,60,93
540980206,421,619,1040
540980207,393,613,1006
540980301,61,148,209
540980302,129,314,443
540980303,104,243,347
540980401,97,285,382
540980402,66,160,226
540980403,36,96,132
540980501,399,618,1017
540980502,425,542,967
540980503,315,358,673
540980504,323,346,669
540980505,282,296,578
540980506,229,224,453
540980507,207,508,715
540980508,25,68,93
540980509,157,349,506
540980510,84,200,284
540980511,167,331,498
540980512,62,194,256
540980513,253,431,684
540980514,238,356,594
540980515,232,242,474
540980516,284,835,1119
540980517,92,292,384
540980518,243,364,607
540980601,75,144,219
540980602,53,152,205
540980603,33,81,114
540980604,21,44,65
540980605,12,23,35
540980701,123,353,476
540980702,232,584,816
540980703,37,112,149
540980704,160,288,448
540980801,85,207,292
540980802,145,316,461
540980803,130,247,377
540980901,127,349,476
540980902,353,779,1132
540980903,302,373,675
540980904,266,481,747
540980905,124,279,403
540980906,60,207,267
540980907,374,510,884
540980908,350,656,1006
540981001,14,29,43
540981002,486,1194,1680
540981003,136,480,616
540981004,240,385,625
540981005,303,397,700
540981006,330,422,752
540981007,298,489,787
540981008,369,435,804
540981009,279,260,539
540981010,210,399,609
540981011,295,727,1022
540981101,41,165,206
540981102,80,300,380
540981103,103,403,506
540981201,157,299,456
540981202,230,450,680
540981203,152,344,496
540981204,248,834,1082
540981205,235,958,1193
540981206,292,502,794
540981207,267,447,714
540981208,353,686,1039
540981209,278,432,710
540981210,236,302,538
540981211,295,354,649
540981212,245,485,730
540981213,240,246,486
540981214,308,690,998
541050101,86,149,235
541050102,50,82,132
541050103,194,393,587
541050104,59,165,224
541050105,86,166,252
541050106,6,11,17
541050107,49,98,147
541050108,76,189,265
541050109,3,10,13
541050110,16,18,34
541050111,5,21,26
541050112,84,159,243
541050113,233,390,623
541050201,112,205,317
541050202,105,192,297
541050203,87,226,313
541050204,68,163,231
541050205,6,21,27
541050206,4,15,19
541050207,123,254,377
541050208,72,214,286
541050209,292,941,1233
541050210,25,52,77
541050211,18,51,69
541050212,51,107,158
541050213,204,475,679
541050214,313,352,665
541050215,162,339,501
541050216,258,409,667
541050217,306,474,780
541050218,401,615,1016
541050219,361,306,667
541050220,194,381,575
541050221,274,427,701
541050222,335,308,643
541050223,217,336,553
541050301,40,85,125
541050302,263,514,777
541050303,41,98,139
541050304,3,15,18
541050305,39,125,164
541050306,56,138,194
541050307,91,182,273
541050308,40,104,144
541050401,239,444,683
541050402,198,390,588
541050403,128,231,359
541050404,76,129,205
541120101,237,1239,1476
541120102,566,1966,2532
541120103,228,791,1019
541120104,11,120,131
541120105,40,51,91
541120106,74,211,285
541120201,5,11,16
541120202,13,21,34
541120301,0,1,1
541120302,10,6,16
541120401,1,0,1
541120402,0,3,3
541120501,294,734,1028
541120502,356,469,825
541120503,182,470,652
541120504,165,684,849
541120505,347,721,1068
541120506,251,652,903
541120507,176,407,583
541120508,258,834,1092
541120509,179,610,789
541120510,261,821,1082
541120511,301,670,971
541120512,198,575,773
541120513,237,423,660
541120514,107,288,395
541120515,170,583,753
541120601,196,622,818
541120602,407,1266,1673
541120701,10,26,36
541120702,201,977,1178
541120703,524,1610,2134
541120704,122,336,458
541190101,174,582,756
541190102,156,456,612
541190103,325,879,1204
541190104,356,731,1087
541190105,573,1291,1864
541190106,336,468,804
541190107,521,1008,1529
541190201,101,373,474
541190202,206,767,973
541190203,182,630,812
541190204,93,323,416
541190301,55,163,218
541190302,315,887,1202
541190303,197,587,784
541190304,127,283,410
541190305,163,319,482
541190306,76,147,223
541190307,279,456,735
541190401,145,288,433
541190402,280,583,863
541190403,397,751,1148
541190501,108,211,319
541190502,457,999,1456
541190503,245,493,738
541190504,110,403,513
541190505,27,120,147
541190506,106,220,326
541190507,119,306,425
541190508,383,672,1055
541190601,36,102,138
541190602,175,358,533
541190603,115,237,352
580070101,0,0,0
580070102,104,156,260
580070103,205,329,534
580070104,280,323,603
580070105,106,128,234
580070201,61,166,227
580070202,31,46,77
580070203,92,153,245
580070204,26,32,58
580070205,194,375,569
580070301,136,134,270
580070302,576,1049,1625
580070303,412,595,1007
580070304,436,546,982
580070305,89,189,278
580140101,90,112,202
580140102,117,143,260
580140103,81,118,199
580140104,259,450,709
580140105,86,128,214
580140106,354,497,851
580140107,233,440,673
580140108,216,393,609
580140109,497,1043,1540
580140110,311,717,1028
580140111,98,179,277
580140112,51,114,165
580140113,67,107,174
580140114,265,419,684
580140115,142,256,398
580140116,280,585,865
580210101,31,28,59
580210102,31,55,86
580210103,62,95,157
580210104,50,56,106
580210105,63,116,179
580210106,9,9,18
580210107,42,55,97
580210108,4,32,36
580210109,39,72,111
580210110,21,62,83
580210111,18,33,51
580210112,268,403,671
580280101,15,57,72
580280102,25,10,35
580280103,43,75,118
580280104,46,107,153
580280105,15,38,53
580280106,11,17,28
580280107,331,555,886
580280108,100,277,377
580280109,270,424,694
580280110,180,255,435
580280115,30,51,81
580280116,77,112,189
580280117,291,449,740
580350101,14,27,41
580350102,85,145,230
580350103,16,10,26
580350104,38,20,58
580350105,11,41,52
580350106,25,30,55
580350107,28,21,49
580350108,19,33,52
580350109,18,5,23
580350201,135,239,374
580350202,157,291,448
580350203,8,10,18
580350204,300,502,802
580350205,144,253,397
580350206,43,47,90
580350207,119,250,369
580350208,135,177,312
580350209,223,354,577
580350210,246,305,551
580350211,117,182,299
580350212,96,198,294
580350213,118,182,300
580350214,134,228,362
580350215,181,367,548
580350216,77,62,139
580350301,302,399,701
580350302,298,453,751
580350303,303,495,798
580350304,479,515,994
580350305,559,514,1073
580350306,464,492,956
580350307,542,440,982
580350308,447,891,1338
580350309,432,423,855
580350310,345,308,653
580350311,90,235,325
580350312,189,198,387
580350313,442,402,844
580350314,91,97,188
580350315,141,341,482
580350316,386,475,861
580350401,253,275,528
580350402,410,318,728
580350403,190,194,384
580350404,550,828,1378
580350405,302,505,807
580350406,361,355,716
580350407,280,320,600
580350408,392,411,803
580350409,410,406,816
580350410,436,495,931
580350411,412,379,791
580350412,459,480,939
580350413,198,281,479
580350414,345,514,859
580350415,314,399,713
580350416,271,381,652
580350417,339,263,602
580350418,265,278,543
580350419,477,390,867
580350420,398,350,748
580350421,265,255,520
580350501,204,178,382
580350502,338,332,670
580350503,353,399,752
580350504,137,155,292
580350505,233,196,429
580350506,253,243,496
580350507,246,192,438
580350508,221,131,352
580350509,285,176,461
580350510,304,210,514
580350511,340,264,604
580350512,256,247,503
580350513,311,235,546
580350514,286,142,428
580350515,261,174,435
580350516,396,217,613
580350517,278,121,399
580350518,125,151,276
580350519,160,176,336
580350520,156,119,275
580350521,256,163,419
580350522,256,180,436
580350523,227,163,390
580350601,452,514,966
580350602,252,182,434
580350603,251,231,482
580350604,303,196,499
580350605,338,269,607
580350606,201,343,544
580350607,237,375,612
580350608,494,432,926
580350609,405,295,700
580350610,263,239,502
580350611,319,224,543
580350612,328,237,565
580350613,310,236,546
580350614,307,279,586
580350615,300,165,465
580350616,201,196,397
580350617,273,241,514
580350618,103,65,168
580350701,47,85,132
580350702,221,243,464
580350703,328,455,783
580350704,464,772,1236
580350705,293,578,871
580350706,368,649,1017
580350707,326,631,957
580350708,417,760,1177
580350709,352,606,958
580350710,346,560,906
580350711,417,689,1106
580350712,466,731,1197
580350713,309,454,763
580350714,305,394,699
580350715,322,538,860
580350801,174,324,498
580350802,522,865,1387
580350803,419,742,1161
580350804,233,402,635
580350805,159,160,319
580350806,364,691,1055
580350807,260,738,998
580350808,232,336,568
580350809,382,521,903
580350810,460,664,1124
580350811,405,593,998
580350812,284,393,677
580350813,260,527,787
580350814,429,841,1270
580350815,304,519,823
580350816,372,751,1123
580350817,338,600,938
580350818,216,387,603
580350819,266,462,728
580350820,312,482,794
580350821,184,438,622
580350822,350,957,1307
580350823,294,661,955
580350824,160,335,495
580350825,223,513,736
580350826,270,505,775
580350901,244,394,638
580350902,331,591,922
580350903,385,701,1086
580350904,425,786,1211
580350905,223,521,744
580350906,250,605,855
580350907,362,670,1032
580350908,391,621,1012
580350909,484,674,1158
580350910,371,575,946
580350911,411,565,976
580350912,395,561,956
580350913,490,800,1290
580350914,353,651,1004
580350915,310,460,770
580350916,337,532,869
580350917,431,554,985
580350918,287,707,994
580351001,200,425,625
580351002,304,552,856
580351003,234,388,622
580351004,361,379,740
580351005,398,671,1069
580351006,557,713,1270
580351007,287,375,662
580351008,369,476,845
580351009,399,478,877
580351010,200,283,483
580351011,338,375,713
580351012,400,527,927
580351013,603,918,1521
580351014,214,371,585
580351015,340,505,845
580351016,311,385,696
580351017,330,352,682
580351018,191,273,464
580351101,297,403,700
580351102,272,392,664
580351103,454,676,1130
580351104,562,577,1139
580351105,291,295,586
580351106,419,531,950
580351107,497,572,1069
580351108,298,319,617
580351109,136,163,299
580351110,251,374,625
580351111,25,2,27
580351112,389,483,872
580351113,356,587,943
580351114,304,478,782
580351115,250,661,911
580351116,267,268,535
580351117,391,878,1269
580351118,276,417,693
580351119,277,365,642
580351120,202,308,510
580351121,345,393,738
580351122,367,494,861
580351123,271,332,603
580351124,163,201,364
580351125,182,267,449
580351126,165,292,457
580351201,331,395,726
580351202,182,191,373
580351203,244,299,543
580351204,406,659,1065
580351205,439,748,1187
580351206,327,380,707
580351207,253,350,603
580351208,275,361,636
580351209,420,476,896
580351210,294,330,624
580351211,192,230,422
580351212,268,311,579
580351213,266,364,630
580351214,288,316,604
580351215,385,437,822
580351216,274,430,704
580351301,252,300,552
580351302,192,197,389
580351303,156,107,263
580351304,171,175,346
580351305,189,192,381
580351306,314,360,674
580351307,296,334,630
580351308,195,258,453
580351309,345,415,760
580351310,386,615,1001
580351311,259,374,633
580351312,332,431,763
580351313,458,579,1037
580351314,295,360,655
580351315,382,501,883
580351316,418,438,856
580351401,210,273,483
580351402,97,108,205
580351403,387,513,900
580351404,315,499,814
580351405,322,414,736
580351406,230,202,432
580351407,347,483,830
580351408,339,458,797
580351409,318,447,765
580351410,448,695,1143
580351411,520,869,1389
580351412,409,528,937
580351413,436,615,1051
580351414,555,605,1160
580351415,177,437,614
580351416,167,252,419
580351417,340,583,923
580351418,409,773,1182
580351419,327,563,890
580351420,64,65,129
580351421,213,362,575
580351422,304,351,655
580351501,455,586,1041
580351502,230,323,553
580351503,404,470,874
580351504,296,414,710
580351505,505,639,1144
580351506,467,657,1124
580351507,380,569,949
580351508,452,388,840
580351509,375,500,875
580351510,404,612,1016
580351511,310,580,890
580351512,329,350,679
580351513,321,432,753
580351514,436,438,874
580351515,258,302,560
580351601,175,326,501
580351602,293,441,734
580351603,76,93,169
580351604,186,308,494
580351605,247,536,783
580351606,233,281,514
580351607,91,225,316
580351608,178,220,398
580351609,124,236,360
580351610,210,343,553
580351611,260,547,807
580351612,180,492,672
580351613,149,297,446
580351614,116,249,365
580351615,175,290,465
580351616,340,767,1107
580351617,40,68,108
580351618,90,98,188
580351619,179,178,357
580351620,107,98,205
580351701,388,399,787
580351702,324,300,624
580351703,177,207,384
580351704,407,394,801
580351705,125,157,282
580351706,248,340,588
580351707,340,546,886
580351708,371,587,958
580351709,416,607,1023
580351710,390,562,952
580351711,439,642,1081
580351801,2,3,5
580351802,347,448,795
580351803,298,414,712
580351804,206,305,511
580351805,314,556,870
580351806,246,341,587
580351807,430,481,911
580351808,347,454,801
580351809,387,488,875
580351810,388,466,854
580351811,293,555,848
580351812,383,677,1060
580351813,239,521,760
580351814,139,226,365
580351815,280,558,838
580351816,323,533,856
580351817,196,334,530
580351818,353,399,752
580351819,206,283,489
580351820,225,412,637
580351821,258,432,690
580351822,219,359,578
580351823,249,472,721
580351824,311,345,656
580351825,257,441,698
580351826,226,518,744
580351901,230,303,533
580351902,368,547,915
580351903,311,432,743
580351904,366,447,813
580351905,411,559,970
580351906,367,469,836
580351907,352,431,783
580351908,433,575,1008
580351909,403,627,1030
580351910,243,475,718
580351911,387,637,1024
580351912,147,121,268
580351913,207,399,606
580351914,210,267,477
580352001,109,171,280
580352002,295,329,624
580352003,54,67,121
580352004,119,163,282
580352005,30,45,75
580352006,106,127,233
580352007,378,843,1221
580352008,483,734,1217
580352009,255,446,701
580352010,311,559,870
580352011,382,562,944
580352012,537,940,1477
580352101,103,181,284
580352102,429,469,898
580352103,350,484,834
580352104,464,653,1117
580352105,312,367,679
580352106,347,373,720
580352107,452,419,871
580352108,349,575,924
580352109,322,503,825
580352110,338,574,912
580352111,332,509,841
580352112,255,356,611
580352113,129,215,344
580352114,275,462,737
580352115,209,364,573
580352116,213,397,610
580352201,162,305,467
580352202,253,409,662
580352203,45,60,105
580352204,17,30,47
580352205,268,596,864
580352206,355,456,811
580352207,265,477,742
580352208,362,541,903
580352209,278,405,683
580352210,301,419,720
580352211,374,766,1140
580352212,170,236,406
580352213,270,450,720
580352214,305,445,750
580352215,177,260,437
580352216,203,289,492
580352217,359,714,1073
580352218,146,252,398
580352219,297,606,903
580352220,279,492,771
580352221,250,489,739
580352301,55,87,142
580352302,329,507,836
580352303,255,364,619
580352304,352,371,723
580352305,267,306,573
580352306,226,236,462
580352307,380,364,744
580352308,380,370,750
580352309,435,462,897
580352310,289,395,684
580352311,401,423,824
580352312,346,384,730
580352313,380,435,815
580352314,339,425,764
580352315,237,358,595
580352316,275,378,653
580352317,250,514,764
580352318,185,321,506
580352319,362,659,1021
580352320,277,320,597
580352321,197,361,558
580352322,7,3,10
580352323,252,420,672
580352324,197,384,581
580352325,288,341,629
580352326,285,354,639
580352327,215,358,573
580352401,226,546,772
580352402,222,567,789
580352403,463,1052,1515
580352404,359,908,1267
580352405,253,637,890
580352406,210,550,760
580352407,242,482,724
580352408,243,519,762
580352409,215,461,676
580352410,228,750,978
580352411,491,743,1234
580352412,408,643,1051
580352413,193,481,674
580352414,241,352,593
580352501,352,810,1162
580352502,373,680,1053
580352503,376,706,1082
580352504,267,426,693
580352505,221,294,515
580352506,193,315,508
580352507,230,428,658
580352508,170,290,460
580352509,234,356,590
580352510,336,581,917
580352511,245,481,726
580352512,261,521,782
580352513,280,618,898
580352514,342,728,1070
580352515,264,529,793
580352516,283,553,836
580352517,342,661,1003
580420101,89,134,223
580420102,69,104,173
580420103,83,125,208
580420104,52,97,149
580420105,142,169,311
580420106,126,241,367
580420107,28,44,72
580420108,42,50,92
580420109,65,84,149
580420201,258,283,541
580420202,251,447,698
580420203,273,409,682
580420204,234,275,509
580420205,279,319,598
580420206,301,343,644
580420207,362,374,736
580420208,367,394,761
580420209,196,289,485
580420210,215,314,529
580420211,318,698,1016
580420212,247,362,609
580420213,172,340,512
580420214,390,435,825
580420215,222,343,565
580420216,256,286,542
580420217,329,720,1049
580490101,9,8,17
580490102,59,56,115
580490103,17,18,35
580490201,10,49,59
580490202,106,256,362
580490203,49,107,156
580490204,54,158,212
580490205,65,232,297
580490301,101,249,350
580490302,35,18,53
580490401,432,397,829
580490402,195,223,418
580490403,309,583,892
580490404,356,394,750
580490405,278,276,554
580490406,249,436,685
580490407,468,822,1290
580490408,396,444,840
580490409,317,450,767
580490410,262,279,541
580490411,198,448,646
580490412,238,378,616
580490413,316,651,967
580490414,225,367,592
580490415,195,291,486
580560101,92,109,201
580560102,20,14,34
580560104,13,8,21
580560105,131,196,327
580560201,36,49,85
580560202,32,30,62
580560203,32,16,48
580560204,30,19,49
580560205,48,35,83
580560206,57,40,97
580560301,226,260,486
580560302,295,594,889
580560303,314,569,883
580560304,303,552,855
580560305,432,523,955
580560306,410,550,960
580560307,270,300,570
580560308,392,654,1046
580560309,279,246,525
580560310,132,224,356
580560401,308,307,615
580560402,234,443,677
580560403,354,325,679
580560404,288,235,523
580560405,534,791,1325
580560406,457,415,872
580560407,463,737,1200
580560408,227,553,780
580560409,279,264,543
580560410,244,196,440
580560411,64,104,168
580560501,42,18,60
580560502,283,226,509
580560503,125,164,289
580560504,268,184,452
580560505,356,605,961
580560506,295,485,780
580560507,411,669,1080
580560508,269,474,743
580560509,372,383,755
580560510,249,212,461
580560511,298,243,541
580560512,232,248,480
580560513,263,236,499
580560514,253,188,441
580560515,248,212,460
580560516,252,174,426
580560517,251,234,485
580630101,41,56,97
580630102,85,115,200
580630103,22,36,58
580630104,171,285,456
580630105,139,238,377
580630106,12,5,17
580630107,18,33,51
580630108,24,38,62
580630109,92,151,243
580630110,52,61,113
580630111,702,1026,1728
580630112,517,816,1333
580630113,383,654,1037
580700101,32,36,68
580700102,74,76,150
580700103,440,454,894
580700104,295,284,579
580700105,481,652,1133
580700106,325,340,665
580700107,471,831,1302
580700108,298,284,582
580700109,227,327,554
580700110,560,353,913
580700111,323,519,842
580700112,229,203,432
580700113,370,479,849
580700114,319,559,878
580700201,42,74,116
580700202,79,63,142
580700203,29,25,54
580700204,136,175,311
580770101,0,0,0
580770102,137,218,355
580770103,217,243,460
580770104,99,174,273
580770105,140,247,387
580770106,285,452,737
580770201,121,244,365
580770202,16,125,141
580770203,81,153,234
580770204,105,159,264
580770205,267,368,635
580770206,92,135,227
580770207,254,373,627
580770208,483,651,1134
580770210,93,147,240
580840101,6,14,20
580840102,205,414,619
580840103,103,121,224
580840104,22,50,72
580840105,135,286,421
580840106,273,485,758
580840107,89,153,242
580840108,127,156,283
580840109,136,191,327
580840110,13,12,25
580840111,135,252,387
580840112,11,28,39
580840113,1,7,8
580840114,17,13,30
580840115,0,1,1
580840116,225,308,533
580910101,9,33,42
580910102,64,99,163
580910103,222,406,628
580910104,28,29,57
580910105,107,28,135
580910106,119,204,323
580910107,474,678,1152
580910108,354,514,868
580910109,33,57,90
580910201,92,69,161
580910202,14,7,21
580910203,9,12,21
580910204,4,11,15
580910205,46,94,140
580910301,50,51,101
580910302,284,199,483
580910303,382,457,839
580910304,666,592,1258
580910305,432,408,840
580910306,218,249,467
580910307,119,182,301
580910308,241,221,462
580910309,205,326,531
580910310,190,245,435
580910311,315,462,777
580910312,190,295,485
580910313,200,275,475
580910314,191,227,418
580910315,186,214,400
580910316,182,192,374
580910317,249,378,627
580910318,361,525,886
580910319,226,434,660
580910320,263,408,671
580910321,299,375,674
580910322,276,421,697
580910323,266,473,739
580910324,290,591,881
580910325,257,360,617
580910326,175,237,412
580910327,253,365,618
580980101,79,135,214
580980102,6,0,6
580980103,466,759,1225
580980104,486,925,1411
580980105,80,139,219
580980201,26,46,72
580980202,137,228,365
580980203,9,21,30
580980204,58,81,139
580980205,70,105,175
581050101,48,88,136
581050102,137,235,372
581050103,249,449,698
581050104,362,465,827
581050105,263,438,701
581050106,593,888,1481
581050201,4,3,7
581050202,11,17,28
581050203,23,18,41
581050204,96,166,262
581050205,26,44,70
581050206,11,13,24
581050207,48,118,166
581050208,14,39,53
581050209,65,91,156
581050210,18,55,73
581050211,238,442,680
581050212,15,27,42
581050213,27,43,70
581050214,14,37,51
581120101,85,128,213
581120102,24,29,53
581120103,161,149,310
581120104,46,45,91
581120105,57,99,156
581120106,54,26,80
581120107,35,58,93
581120108,23,39,62
581120109,42,63,105
581120201,76,135,211
581120202,112,146,258
581120203,27,33,60
581120205,230,355,585
581120206,274,358,632
581120207,149,156,305
581120208,329,378,707
581120301,143,262,405
581120302,490,745,1235
581120303,513,834,1347
581120304,540,750,1290
581120305,428,618,1046
581120306,383,392,775
581120307,452,627,1079
581120308,512,712,1224
581120309,367,467,834
581120310,445,530,975
581120311,302,382,684
581120312,378,331,709
581120313,300,261,561
581120314,402,294,696
581120315,194,186,380
581120316,269,312,581
581120401,189,261,450
581120402,270,413,683
581120403,46,64,110
581120404,430,679,1109
581120405,268,446,714
581120406,197,228,425
581120407,248,262,510
581120408,477,404,881
581120409,183,180,363
581120410,216,227,443
581120411,211,271,482
581120412,206,336,542
581120413,439,600,1039
581120414,132,183,315
581120415,362,512,874
581120416,156,187,343
581120417,22,20,42
581120418,479,911,1390
581120419,306,576,882
581120420,359,420,779
581120421,432,675,1107
620070101,14,15,29
620070201,29,26,55
620070301,21,17,38
620070302,186,267,453
620070303,115,184,299
620070401,25,15,40
620070501,204,325,529
620070502,155,265,420
620070503,306,461,767
620070504,222,155,377
620070505,233,170,403
620070506,268,201,469
620070507,267,217,484
620070508,239,209,448
620070509,207,157,364
620070510,417,435,852
620070511,248,247,495
620070601,92,103,195
620070602,275,345,620
620070603,192,356,548
620070604,232,548,780
620070605,5,6,11
620070606,57,63,120
620070607,149,308,457
620070608,377,743,1120
620070609,445,557,1002
620070610,194,449,643
620070611,149,320,469
620070612,441,507,948
620070613,118,185,303
620070614,111,199,310
620070701,230,259,489
620070702,304,322,626
620070703,228,280,508
620070704,399,553,952
620070705,382,595,977
620070706,210,355,565
620070707,502,746,1248
620070708,555,752,1307
620070709,159,210,369
620070710,81,79,160
620070711,807,1111,1918
620070712,233,466,699
620070713,244,554,798
620070801,245,171,416
620070802,191,190,381
620070803,27,40,67
620070804,291,531,822
620070805,349,648,997
620070806,414,745,1159
620070807,248,331,579
620070808,263,356,619
620070809,243,177,420
620070810,360,410,770
620070811,270,501,771
620070812,186,271,457
620070813,322,240,562
620070814,270,226,496
620070815,197,224,421
620070816,185,184,369
620070817,203,169,372
620070818,151,278,429
620070901,33,32,65
620070902,108,100,208
620070903,38,19,57
620070904,64,44,108
620070905,42,34,76
620070906,91,87,178
620071001,243,163,406
620071002,279,147,426
620071003,322,226,548
620071004,273,138,411
620071005,263,228,491
620071006,257,195,452
620071007,332,249,581
620071008,225,180,405
620071009,221,156,377
620071010,197,163,360
620071011,192,164,356
620071012,206,334,540
620071013,266,319,585
620071101,401,633,1034
620071102,238,272,510
620071103,358,618,976
620071104,314,658,972
620071105,129,224,353
620071106,201,378,579
620071107,205,421,626
620071108,166,514,680
620071109,274,527,801
620071110,217,344,561
620071111,354,634,988
620071112,298,717,1015
620140101,44,59,103
620140102,282,437,719
620140103,352,544,896
620140104,359,673,1032
620140105,283,586,869
620140106,24,38,62
620140107,0,0,0
620140108,197,393,590
620140109,68,89,157
620140110,296,488,784
620140111,405,818,1223
620140112,173,385,558
620140201,280,443,723
620140202,219,280,499
620140203,287,357,644
620140204,288,526,814
620140301,437,657,1094
620140302,151,266,417
620140303,249,466,715
620140304,319,698,1017
620140401,387,660,1047
620140402,413,399,812
620140403,290,364,654
620140404,299,482,781
620140405,237,338,575
620140406,260,348,608
620140407,285,311,596
620140408,423,685,1108
620140409,267,212,479
620140410,295,501,796
620140501,19,17,36
620140601,252,441,693
620140602,227,476,703
620140603,171,425,596
620140604,177,395,572
620140605,233,389,622
620140606,189,280,469
620140607,197,541,738
620140608,199,525,724
620140609,191,504,695
620140701,140,154,294
620140801,26,42,68
620140901,202,314,516
620140902,134,194,328
620140903,15,20,35
620141001,71,97,168
620141002,171,289,460
620141003,144,404,548
620141101,152,252,404
620141102,368,485,853
620141103,186,306,492
620210101,284,208,492
620210102,423,570,993
620210103,183,111,294
620210104,307,267,574
620210105,146,145,291
620210106,268,312,580
620210107,273,274,547
620210108,252,269,521
620210109,214,221,435
620210110,264,356,620
620210111,310,371,681
620210112,156,201,357
620210201,118,122,240
620210202,213,195,408
620210203,259,642,901
620210204,264,473,737
620210205,282,567,849
620210206,367,661,1028
620210207,236,399,635
620210208,330,552,882
620210209,188,392,580
620210210,255,496,751
620210211,355,592,947
620210212,120,423,543
620210301,448,526,974
620210302,134,84,218
620210303,197,116,313
620210304,311,512,823
620210305,355,183,538
620210306,120,85,205
620210307,125,83,208
620210308,179,97,276
620210309,348,210,558
620210310,349,241,590
620210311,202,151,353
620210312,221,152,373
620210313,265,183,448
620210401,80,51,131
620210402,91,113,204
620210403,20,34,54
620210501,307,365,672
620210502,122,162,284
620210503,48,54,102
620210601,95,192,287
620210602,187,260,447
620210603,148,174,322
620210604,292,236,528
620210605,161,185,346
620210606,247,223,470
620210607,254,346,600
620210608,315,495,810
620210701,260,345,605
620210702,134,161,295
620210703,120,179,299
620210704,126,210,336
620210705,240,504,744
620210706,256,632,888
620210707,384,735,1119
620210708,124,190,314
620210709,322,507,829
620210710,177,199,376
620210801,231,243,474
620210802,197,212,409
620210803,276,354,630
620210804,173,224,397
620210805,301,431,732
620210806,266,317,583
620210807,261,366,627
620210808,262,423,685
620210809,362,611,973
620210810,388,648,1036
620210901,330,208,538
620210902,353,373,726
620210903,406,585,991
620210904,427,602,1029
620210905,360,446,806
620210906,226,259,485
620210907,305,276,581
620210908,489,555,1044
620210909,255,298,553
620211001,282,507,789
620211002,350,488,838
620211003,259,439,698
620211004,205,357,562
620211005,383,650,1033
620211006,249,433,682
620211007,206,347,553
620211008,229,400,629
620211009,252,403,655
620211010,249,364,613
620211011,216,350,566
620211101,245,361,606
620211102,301,244,545
620211103,417,322,739
620211104,365,293,658
620211105,300,280,580
620211106,360,291,651
620211107,228,239,467
620211108,236,189,425
620211109,247,282,529
620211110,231,293,524
620211111,299,444,743
620211112,370,506,876
620211113,295,289,584
620211114,182,228,410
620211201,295,272,567
620211202,242,249,491
620211203,210,195,405
620211204,194,168,362
620211205,178,171,349
620211206,265,296,561
620211207,231,279,510
620211208,445,579,1024
620211209,40,36,76
620211301,245,188,433
620211302,340,314,654
620211303,349,252,601
620211304,276,251,527
620211305,248,367,615
620211306,299,260,559
620211307,304,295,599
620211308,305,250,555
620211309,170,156,326
620211310,300,232,532
620211311,334,282,616
620211401,228,327,555
620211402,382,697,1079
620211403,308,728,1036
620211404,334,732,1066
620211405,364,831,1195
620211406,162,375,537
620211407,187,322,509
620211408,247,624,871
620211409,432,663,1095
620211410,381,656,1037
620211411,331,643,974
620211412,283,368,651
620211413,267,300,567
620211414,297,348,645
620211415,349,341,690
620211416,408,400,808
620211417,310,305,615
620211418,56,52,108
620211501,348,287,635
620211502,362,205,567
620211503,352,244,596
620211504,154,131,285
620211505,181,166,347
620211506,327,362,689
620211507,177,167,344
620211508,183,178,361
620211509,197,115,312
620211510,283,204,487
620211511,204,205,409
620211512,243,221,464
620211601,324,485,809
620211602,316,386,702
620211603,415,637,1052
620211604,384,479,863
620211605,260,385,645
620211606,405,521,926
620211607,381,599,980
620211608,440,618,1058
620211609,334,400,734
620211701,309,394,703
620211702,237,436,673
620211703,211,307,518
620211704,162,395,557
620211705,329,602,931
620211706,262,511,773
620211707,224,557,781
620211708,460,514,974
620211709,237,481,718
620211710,241,442,683
620211801,316,311,627
620211802,268,352,620
620211803,242,338,580
620211804,205,239,444
620211805,280,270,550
620211806,232,242,474
620211807,221,357,578
620211808,172,274,446
620211809,291,562,853
620211901,221,258,479
620211902,225,391,616
620211903,290,329,619
620211904,300,392,692
620211905,218,300,518
620211906,210,216,426
620211907,129,140,269
620211908,280,617,897
620211909,189,250,439
620211910,206,332,538
620211911,323,424,747
620211912,170,443,613
620280101,8,5,13
620280102,41,59,100
620280103,63,85,148
620280104,281,383,664
620280105,131,198,329
620280201,30,24,54
620280301,21,20,41
620280401,366,516,882
620280402,407,397,804
620280403,220,271,491
620280404,296,579,875
620280405,195,327,522
620280406,370,439,809
620280407,157,226,383
620350101,141,308,449
620350102,138,257,395
620350103,85,102,187
620350104,57,188,245
620350105,39,97,136
620350106,70,110,180
620350107,31,77,108
620350108,7,28,35
620350109,32,32,64
620350110,216,391,607
620350111,135,244,379
620350112,160,212,372
620350113,205,266,471
620350114,223,303,526
620420101,17,43,60
620420102,48,101,149
620420103,139,234,373
620420104,19,33,52
620420201,69,73,142
620420202,159,277,436
620420301,7,17,24
620420401,375,712,1087
620420402,236,465,701
620420403,147,364,511
620420404,247,418,665
620420405,398,472,870
620420406,205,382,587
620420407,77,137,214
620420408,144,277,421
620420409,96,183,279
620420410,250,413,663
620420411,163,387,550
620420412,249,476,725
620420501,188,207,395
620420502,165,233,398
620420503,42,95,137
620420504,158,445,603
620420505,233,287,520
620420506,243,510,753
620420601,364,524,888
620420602,370,639,1009
620420603,184,293,477
620420604,238,360,598
620420605,217,433,650
620420606,203,367,570
620420607,313,472,785
620420608,213,235,448
620420609,310,320,630
620420610,272,287,559
620420611,255,225,480
620420612,210,194,404
620420613,208,299,507
620420614,188,324,512
620420615,266,523,789
620420701,435,746,1181
620420702,418,851,1269
620420703,189,239,428
620420704,263,348,611
620420705,443,700,1143
620420706,106,233,339
620420707,233,386,619
620420708,208,283,491
620420709,223,329,552
620420710,223,408,631
620420711,287,304,591
620420712,87,194,281
620420713,324,547,871
620420714,306,794,1100
620420715,233,424,657
620420716,228,406,634
620420717,136,229,365
620420801,382,315,697
620420802,336,414,750
620420803,230,333,563
620420804,217,248,465
620420805,197,221,418
620420806,325,284,609
620420807,328,318,646
620420808,326,255,581
620420809,228,142,370
620420810,280,196,476
620420901,220,408,628
620420902,324,642,966
620420903,291,508,799
620420904,225,323,548
620420905,270,455,725
620420906,333,538,871
620420907,304,621,925
620420908,229,443,672
620420909,230,385,615
620420910,268,364,632
620421001,318,664,982
620421002,198,498,696
620421003,207,434,641
620421004,151,303,454
620421005,239,414,653
620421006,197,471,668
620421007,181,427,608
620421008,196,453,649
620421009,315,505,820
620421010,269,542,811
620421011,264,342,606
620421012,242,243,485
620421013,221,216,437
620421101,199,388,587
620421102,267,404,671
620421103,166,318,484
620421104,206,434,640
620421105,237,533,770
620421106,233,464,697
620421107,182,507,689
620421108,146,276,422
620421109,222,445,667
620421110,279,693,972
620421111,180,315,495
620421112,174,418,592
620421201,295,500,795
620421202,328,721,1049
620421203,372,533,905
620421204,242,418,660
620421205,151,217,368
620421206,147,270,417
620421207,370,416,786
620421208,254,380,634
620421209,275,268,543
620421210,199,244,443
620421211,175,194,369
620421212,223,202,425
620421213,211,211,422
620421214,142,106,248
620421301,254,479,733
620421302,314,629,943
620421303,297,471,768
620421304,303,626,929
620421305,351,468,819
620421306,460,626,1086
620421401,268,408,676
620421402,27,32,59
620421403,321,545,866
620421404,160,317,477
620421405,396,553,949
620421406,152,180,332
620421407,345,369,714
620421408,225,366,591
620421409,158,299,457
620421410,83,233,316
620421411,202,470,672
620421412,108,147,255
620421501,383,661,1044
620421502,188,390,578
620421503,244,449,693
620421504,220,348,568
620421505,236,322,558
620421506,165,372,537
620421507,302,411,713
620421508,124,262,386
620421601,331,454,785
620421602,113,285,398
620421603,217,378,595
620421604,216,376,592
620421701,339,482,821
620421702,229,355,584
620421801,326,358,684
620421802,155,225,380
620421803,360,586,946
620421804,334,364,698
620421805,277,473,750
620421806,255,335,590
620421807,371,696,1067
620421901,322,435,757
620421902,214,382,596
620421903,311,459,770
620421904,318,568,886
620421905,112,154,266
620422001,66,133,199
620422002,343,247,590
620422003,212,157,369
620422004,216,178,394
620422005,160,143,303
620422006,265,428,693
620422007,282,369,651
620422008,203,209,412
620422009,188,149,337
620422010,186,143,329
620422011,311,316,627
620422012,277,275,552
620422013,277,481,758
620422101,307,478,785
620422102,205,231,436
620422103,336,684,1020
620422104,151,353,504
620422105,302,384,686
620422106,218,365,583
620422107,348,474,822
620422108,173,186,359
620422109,143,181,324
620422201,485,698,1183
620422202,84,130,214
620422203,284,522,806
620422204,71,144,215
620422205,367,675,1042
620422206,255,427,682
620422301,260,491,751
620422302,203,443,646
620422303,234,281,515
620422304,259,392,651
620422305,467,683,1150
620422306,256,397,653
620422307,245,300,545
620422308,219,257,476
620422309,230,316,546
620422310,221,248,469
620422311,353,556,909
620422401,274,458,732
620422402,222,355,577
620422403,267,395,662
620422404,414,560,974
620422405,349,527,876
620422406,222,264,486
620422407,197,235,432
620422408,406,407,813
620422501,358,581,939
620422502,284,563,847
620422503,482,656,1138
620422504,204,378,582
620422505,350,669,1019
620422506,233,394,627
620422507,310,468,778
620422508,398,646,1044
620422509,266,499,765
620422510,416,546,962
620422601,274,584,858
620422602,240,487,727
620422603,389,647,1036
620422604,193,361,554
620422605,191,367,558
620422606,213,421,634
620422607,162,359,521
620422608,165,300,465
620422609,300,457,757
620422610,225,332,557
620422611,158,276,434
620422612,260,376,636
620422613,307,373,680
620422614,250,276,526
620422615,138,200,338
620422701,224,374,598
620422702,327,342,669
620422703,215,204,419
620422704,224,190,414
620422705,254,204,458
620422706,221,213,434
620422707,215,227,442
620422708,325,447,772
620422709,307,447,754
620422710,331,428,759
620422711,211,293,504
620422712,235,413,648
620422713,380,416,796
620422714,228,434,662
620422715,218,306,524
620422801,427,549,976
620422802,245,340,585
620422803,422,777,1199
620422804,348,673,1021
620422805,456,623,1079
620422806,404,700,1104
620422807,229,519,748
620422808,271,449,720
620422901,293,396,689
620422902,177,243,420
620422903,358,594,952
620422904,329,494,823
620422905,279,432,711
620422906,297,462,759
620422907,344,383,727
620422908,348,588,936
620422909,336,599,935
620422910,302,568,870
620423001,358,305,663
620423002,417,559,976
620423003,247,358,605
620423004,271,393,664
620423005,244,348,592
620423006,45,61,106
620423007,361,656,1017
620423008,377,673,1050
620423009,369,602,971
620423010,254,507,761
620423011,302,560,862
620423012,85,233,318
620423101,409,712,1121
620423102,459,818,1277
620423103,286,614,900
620423104,394,712,1106
620423105,425,758,1183
620423106,307,647,954
620423107,299,761,1060
620423108,285,479,764
620423109,346,606,952
620423201,264,337,601
620423202,319,359,678
620423203,221,410,631
620423204,405,576,981
620423205,213,320,533
620423206,211,338,549
620423207,224,318,542
620423208,223,304,527
620423209,249,373,622
620423210,262,313,575
620423211,277,348,625
620423212,204,263,467
620423301,232,321,553
620423302,247,335,582
620423303,356,605,961
620423304,311,453,764
620423305,212,350,562
620423306,200,211,411
620423307,167,188,355
620423308,176,171,347
620423309,252,223,475
620423310,238,270,508
620423311,346,434,780
620423401,260,429,689
620423402,431,856,1287
620423403,289,443,732
620423404,240,355,595
620423405,387,479,866
620423406,254,234,488
620423407,193,231,424
620423408,259,187,446
620423409,270,339,609
620423410,520,528,1048
620423501,231,239,470
620423502,273,265,538
620423503,279,297,576
620423504,286,241,527
620423505,284,245,529
620423506,288,240,528
620423507,452,404,856
620423508,204,331,535
620423509,438,342,780
620423601,300,407,707
620423602,300,241,541
620423603,323,349,672
620423604,245,424,669
620423605,234,228,462
620423606,222,269,491
620423607,360,347,707
620423608,246,491,737
620423609,245,433,678
620423610,189,293,482
620423611,257,441,698
620423612,236,422,658
620423701,212,398,610
620423702,153,410,563
620423703,211,521,732
620423704,198,551,749
620423705,314,609,923
620423706,305,719,1024
620423707,260,680,940
620423708,81,176,257
620423709,331,772,1103
620423710,402,584,986
620423711,221,319,540
620423801,318,489,807
620423802,347,536,883
620423803,249,436,685
620423804,198,322,520
620423805,277,413,690
620423806,201,322,523
620423807,325,473,798
620423808,239,367,606
620423809,237,344,581
620423810,271,378,649
620423811,379,591,970
620423812,229,272,501
620423813,230,383,613
620423814,392,682,1074
620423901,307,247,554
620423902,166,163,329
620423903,171,178,349
620423904,275,208,483
620423905,394,329,723
620423906,232,344,576
620423907,351,362,713
620423908,191,237,428
620423909,193,186,379
620423910,202,195,397
620423911,359,296,655
620423912,248,202,450
620424001,299,572,871
620424002,200,341,541
620424003,477,696,1173
620424004,379,591,970
620424005,173,334,507
620424006,175,361,536
620424007,279,466,745
620424008,202,263,465
620424009,363,647,1010
620424010,144,249,393
620424011,312,483,795
620424012,239,278,517
620424013,152,182,334
620424014,384,589,973
620424101,281,252,533
620424102,296,218,514
620424103,235,214,449
620424104,130,160,290
620424105,240,351,591
620424106,238,240,478
620424107,219,194,413
620424108,321,296,617
620424109,189,229,418
620424110,181,184,365
620424111,292,254,546
620424112,304,362,666
620424113,245,224,469
620424114,200,247,447
620424201,290,475,765
620424202,342,489,831
620424203,280,311,591
620424204,336,376,712
620424205,165,358,523
620424206,341,672,1013
620424207,414,671,1085
620424208,346,564,910
620424209,362,587,949
620424210,271,345,616
620424301,283,527,810
620424302,177,126,303
620424303,228,297,525
620424304,253,206,459
620424305,313,469,782
620424306,404,717,1121
620424307,339,549,888
620424308,330,583,913
620424309,335,602,937
620424310,271,491,762
620424311,316,547,863
620424312,389,686,1075
620490101,241,413,654
620490102,265,556,821
620490103,75,104,179
620490104,82,135,217
620490105,81,160,241
620490106,212,341,553
620490107,54,91,145
620560101,189,255,444
620560102,81,155,236
620560103,107,274,381
620560104,113,256,369
620630101,274,334,608
620630102,236,165,401
620630103,285,242,527
620630104,284,338,622
620630105,227,411,638
620630106,349,487,836
620630107,83,137,220
620630108,236,347,583
620630109,358,369,727
620630110,205,181,386
620630111,229,218,447
620630112,248,362,610
620630113,429,555,984
620630114,179,151,330
620630115,242,350,592
620630116,211,127,338
620630117,202,390,592
620630118,160,286,446
620630201,317,526,843
620630202,124,139,263
620630203,83,67,150
620630204,128,215,343
620630205,226,377,603
620630301,18,31,49
620630302,55,35,90
620630401,66,43,109
620700101,267,388,655
620700102,219,437,656
620700103,206,383,589
620700104,213,280,493
620700105,97,143,240
620700106,94,227,321
620700107,140,184,324
620700201,317,307,624
620700202,232,270,502
620700203,388,512,900
620700204,223,231,454
620700205,258,325,583
620770101,232,302,534
620770102,182,216,398
620770103,223,137,360
620770104,328,271,599
620770105,155,152,307
620770106,228,313,541
620770107,289,440,729
620770108,218,301,519
620770109,311,380,691
620770110,297,325,622
620770111,318,666,984
620770112,340,497,837
620770113,190,284,474
620770114,206,186,392
620770115,200,153,353
620770116,260,216,476
620770117,275,333,608
620770201,435,477,912
620770202,136,288,424
620770203,172,330,502
620770204,126,169,295
620770205,275,477,752
620770206,198,265,463
620770207,185,181,366
620770208,277,484,761
620770209,192,360,552
620770210,271,463,734
620770211,231,400,631
620770301,108,61,169
620770302,92,47,139
620770303,83,61,144
620770304,108,125,233
620770305,182,204,386
620770306,79,45,124
620770307,187,218,405
620770401,122,201,323
620770402,123,185,308
620770403,453,528,981
620770404,402,719,1121
620770405,382,541,923
620770406,380,619,999
620770407,42,63,105
620770408,7,10,17
620770409,212,286,498
620770410,97,108,205
620770411,131,153,284
620770412,125,137,262
620770413,185,379,564
620770501,26,15,41
620770502,16,14,30
620770503,33,36,69
620770504,40,37,77
620770601,78,59,137
620770602,41,41,82
620770603,81,94,175
620770604,100,124,224
620770605,137,157,294
620770606,59,75,134
620770607,118,91,209
620840101,208,228,436
620840102,168,198,366
620840103,142,198,340
620840104,308,465,773
620840105,172,298,470
620840106,139,246,385
620840107,163,343,506
620840201,6,23,29
620840202,47,82,129
620840203,31,33,64
620840204,65,80,145
620840205,12,13,25
620840206,35,23,58
620840207,17,28,45
620840208,83,151,234
620840209,40,62,102
620849999,765,1161,1926
620910101,435,818,1253
620910102,309,482,791
620910103,406,730,1136
620910104,187,406,593
620910201,188,444,632
620910202,251,622,873
620910203,160,371,531
620910301,190,365,555
620910302,150,261,411
620910303,303,382,685
620910304,250,464,714
620910305,304,704,1008
620910306,192,321,513
620910307,270,308,578
620910308,247,499,746
620910401,29,75,104
620910402,60,81,141
620910403,24,68,92
620910404,184,400,584
620910405,111,155,266
620910406,59,97,156
620910407,55,101,156
660070101,143,393,536
660070102,15,7,22
660070103,34,232,266
660070104,25,49,74
660070105,69,146,215
660070106,216,394,610
660070107,232,443,675
660070108,262,579,841
660070201,62,188,250
660070202,62,86,148
660070203,8,8,16
660070204,124,231,355
660070205,195,494,689
660070206,10,24,34
660070207,293,570,863
660070208,317,449,766
660070209,236,430,666
660070210,276,327,603
660070211,327,545,872
660070212,258,604,862
660070213,246,446,692
660070214,247,423,670
660070301,4,3,7
660070302,22,27,49
660070303,232,399,631
660070304,52,56,108
660070305,24,34,58
660070306,8,5,13
660070307,16,14,30
660070308,44,35,79
660070309,15,25,40
660070310,4,4,8
660070311,18,28,46
660070312,6,5,11
660070313,16,17,33
660070314,16,18,34
660070315,215,394,609
660070316,352,771,1123
660070317,405,568,973
660070318,505,781,1286
660070319,362,450,812
660070320,294,745,1039
660070321,380,908,1288
660070322,248,693,941
660070401,15,50,65
660070402,13,28,41
660070403,19,26,45
660070404,9,25,34
660070405,120,204,324
660070406,15,32,47
660070407,72,177,249
660070408,396,650,1046
660070409,50,67,117
660070410,52,111,163
660070411,11,26,37
660070412,35,77,112
660070413,42,105,147
660070414,126,241,367
660070415,192,391,583
660070416,630,740,1370
660070417,427,854,1281
660070418,486,640,1126
660070419,429,589,1018
660070420,452,643,1095
660070421,237,369,606
660070422,391,392,783
660070423,455,421,876
660070424,516,1015,1531
660070425,308,627,935
660070426,264,637,901
660070427,245,659,904
660070501,49,88,137
660070502,9,31,40
660070503,22,85,107
660070504,28,47,75
660070505,33,123,156
660070506,28,82,110
660070507,13,13,26
660070508,55,119,174
660070509,13,38,51
660070510,156,530,686
660070601,495,1048,1543
660070602,11,40,51
660070603,13,39,52
660070604,12,61,73
660070605,25,12,37
660070606,57,104,161
660070607,81,105,186
660070608,47,89,136
660070609,44,125,169
660070610,36,77,113
660070611,86,203,289
660070612,37,107,144
660070613,9,11,20
660070614,296,773,1069
660070615,272,455,727
660070616,228,462,690
660070617,313,583,896
660070618,275,395,670
660070619,231,599,830
660070620,309,370,679
660070621,331,776,1107
660140101,206,354,560
660140102,41,97,138
660140103,141,290,431
660140104,149,299,448
660140201,3,7,10
660140202,825,1282,2107
660140203,289,439,728
660140204,114,128,242
660140205,13,12,25
660140206,406,579,985
660140207,266,297,563
660210101,105,152,257
660210102,56,53,109
660210103,327,393,720
660210104,348,623,971
660210105,28,35,63
660210106,114,144,258
660210107,362,497,859
660210108,472,636,1108
660210109,505,584,1089
660210110,451,626,1077
660210111,334,418,752
660210112,438,579,1017
660210113,408,494,902
660210114,639,588,1227
660210115,436,584,1020
660210116,511,616,1127
660210201,8,5,13
660210202,16,24,40
660280101,212,201,413
660280102,96,114,210
660280103,50,64,114
660280104,471,764,1235
660280105,467,539,1006
660280106,496,561,1057
660280107,362,377,739
660280108,279,300,579
660280109,317,517,834
660280110,424,537,961
660280111,359,466,825
660280112,636,661,1297
660280113,312,352,664
660280114,405,500,905
660280115,255,335,590
660280116,187,181,368
660280117,431,780,1211
660280118,428,779,1207
660280119,347,605,952
660280120,207,418,625
660280121,198,245,443
660280201,328,410,738
660280202,228,439,667
660280203,18,19,37
660280204,16,25,41
660280205,336,223,559
660280206,280,599,879
660280207,452,889,1341
660280208,242,403,645
660280301,8,11,19
660280302,29,14,43
660280303,16,20,36
660280304,37,25,62
660280401,360,477,837
660280402,352,925,1277
660280403,326,745,1071
660280404,435,1038,1473
660280405,427,1174,1601
660280406,554,1078,1632
660280407,390,941,1331
660280408,442,1037,1479
660280409,411,611,1022
660280410,333,532,865
660280411,197,378,575
660280412,441,704,1145
660280413,530,733,1263
660280414,208,461,669
660280415,295,702,997
660280416,198,518,716
660280417,626,1268,1894
660280418,331,815,1146
660280419,358,749,1107
660280420,293,574,867
660280421,342,462,804
660280422,705,916,1621
660280423,511,1029,1540
660280501,637,851,1488
660280502,275,398,673
660280503,396,550,946
660280504,264,589,853
660280505,322,689,1011
660280506,402,707,1109
660280507,457,721,1178
660280508,457,742,1199
660280509,455,678,1133
660280510,535,903,1438
660280511,304,487,791
660280512,349,491,840
660280513,329,431,760
660280514,323,440,763
660280515,324,620,944
660280516,439,880,1319
660280517,399,742,1141
660280518,263,415,678
660280519,183,365,548
660280520,313,352,665
660280601,540,576,1116
660280602,460,643,1103
660280603,526,557,1083
660280604,462,518,980
660280605,509,670,1179
660280606,379,411,790
660280607,405,451,856
660280608,461,470,931
660280609,344,312,656
660280610,462,412,874
660280611,635,588,1223
660280612,339,381,720
660280613,374,310,684
660280614,358,329,687
660280615,340,325,665
660280616,551,517,1068
660280617,382,311,693
660280618,316,297,613
660280619,428,576,1004
660280620,348,360,708
660280621,655,693,1348
660280622,600,619,1219
660280701,429,690,1119
660280702,522,747,1269
660280703,358,650,1008
660280704,368,650,1018
660280705,322,588,910
660280706,345,546,891
660280707,542,930,1472
660280708,477,830,1307
660280709,536,825,1361
660280710,543,727,1270
660280711,661,1036,1697
660280712,271,436,707
660280713,463,678,1141
660280714,404,645,1049
660280715,442,656,1098
660280716,471,730,1201
660280717,485,632,1117
660280801,112,72,184
660280802,355,392,747
660280803,330,445,775
660280804,373,447,820
660280805,375,413,788
660280806,457,660,1117
660280807,375,438,813
660280808,349,510,859
660280809,700,937,1637
660280810,400,548,948
660280811,331,467,798
660280812,316,473,789
660280813,363,506,869
660280814,241,240,481
660280815,321,340,661
660280901,531,737,1268
660280902,632,777,1409
660280903,351,482,833
660280904,371,591,962
660280905,688,809,1497
660280906,607,884,1491
660280907,382,486,868
660280908,402,612,1014
660280909,578,733,1311
660280910,309,315,624
660280911,291,330,621
660280912,289,300,589
660280913,402,372,774
660280914,427,483,910
660280915,318,264,582
660280916,322,314,636
660281001,337,437,774
660281002,493,495,988
660281003,495,591,1086
660281004,443,506,949
660281005,461,408,869
660281006,574,493,1067
660281007,352,312,664
660281008,254,233,487
660281009,421,414,835
660281010,474,363,837
660281011,308,217,525
660281012,319,423,742
660281013,319,323,642
660281101,355,387,742
660281102,255,242,497
660281103,444,334,778
660281104,326,280,606
660281105,466,324,790
660281106,353,324,677
660281107,323,273,596
660281108,275,199,474
660281109,304,214,518
660281110,310,202,512
660281111,236,197,433
660281112,370,268,638
660281113,345,193,538
660281114,341,261,602
660281115,278,155,433
660281116,141,100,241
660281201,470,400,870
660281202,344,269,613
660281203,330,261,591
660281204,339,283,622
660281205,270,170,440
660281206,466,349,815
660281207,200,189,389
660281208,235,240,475
660281209,255,220,475
660281210,392,410,802
660281211,967,1261,2228
660281212,650,996,1646
660281213,616,1101,1717
660281214,310,597,907
660281215,366,589,955
660281301,518,437,955
660281302,210,136,346
660281303,411,317,728
660281304,257,240,497
660281305,537,585,1122
660281306,415,395,810
660281307,529,514,1043
660281308,272,336,608
660281309,251,224,475
660281310,312,302,614
660281311,252,191,443
660281401,493,494,987
660281402,507,590,1097
660281403,492,480,972
660281404,380,367,747
660281405,389,480,869
660281406,572,657,1229
660281407,560,753,1313
660281408,525,724,1249
660281409,515,694,1209
660281410,463,680,1143
660281411,675,904,1579
660281412,554,855,1409
660281413,587,767,1354
660281414,356,451,807
660281501,310,472,782
660281502,496,1110,1606
660281503,473,1123,1596
660281504,491,792,1283
660281505,467,824,1291
660281506,410,842,1252
660281507,549,901,1450
660281508,388,609,997
660281509,333,576,909
660281510,379,509,888
660281511,544,860,1404
660281512,468,935,1403
660281513,327,716,1043
660281514,393,446,839
660281515,615,768,1383
660281516,379,482,861
660281517,325,396,721
660281518,471,687,1158
660281519,362,441,803
660281520,391,528,919
660281521,353,487,840
660281522,498,665,1163
660281523,317,571,888
660281524,644,873,1517
660281525,489,764,1253
660281601,533,851,1384
660281602,750,1222,1972
660281603,318,476,794
660281604,437,622,1059
660281605,533,794,1327
660281606,503,728,1231
660281607,448,548,996
660281608,426,695,1121
660281609,495,671,1166
660281610,557,724,1281
660281611,543,741,1284
660281612,437,560,997
660281613,400,543,943
660281614,532,664,1196
660281615,427,559,986
660281616,448,755,1203
660281617,541,964,1505
660281618,629,913,1542
660281619,612,1147,1759
660281701,368,365,733
660281702,337,417,754
660281703,319,453,772
660281704,335,370,705
660281705,398,507,905
660281706,296,346,642
660281707,581,653,1234
660281708,554,698,1252
660281709,475,670,1145
660281710,316,434,750
660281711,299,480,779
660281712,580,776,1356
660281713,431,746,1177
660281714,541,1022,1563
660281715,376,623,999
660281716,462,699,1161
660281801,491,474,965
660281802,640,739,1379
660281803,339,470,809
660281804,348,477,825
660281805,366,532,898
660281806,424,580,1004
660281807,353,472,825
660281808,322,447,769
660281809,372,453,825
660281810,392,519,911
660281811,495,702,1197
660281812,390,515,905
660281813,401,701,1102
660281814,433,748,1181
660281815,351,514,865
660281816,413,557,970
660281817,392,608,1000
660281818,328,620,948
660281901,470,815,1285
660281902,371,715,1086
660281903,325,552,877
660281904,359,557,916
660281905,461,876,1337
660281906,407,670,1077
660281907,420,722,1142
660281908,375,552,927
660281909,312,652,964
660281910,517,1060,1577
660281911,516,679,1195
660281912,339,415,754
660281913,444,628,1072
660281914,357,757,1114
660281915,341,705,1046
660282001,302,455,757
660282002,513,606,1119
660282003,306,444,750
660282004,382,569,951
660282005,308,283,591
660282006,243,322,565
660282007,529,858,1387
660282008,488,594,1082
660282009,495,751,1246
660282010,275,558,833
660282011,508,912,1420
660282012,434,796,1230
660282013,337,635,972
660282014,450,766,1216
660282015,448,751,1199
660282016,480,815,1295
660282017,404,854,1258
660282018,606,1269,1875
660282019,233,465,698
660282101,357,292,649
660282102,260,249,509
660282103,183,240,423
660282104,575,703,1278
660282105,657,952,1609
660282106,633,749,1382
660282107,404,511,915
660282108,298,406,704
660282109,249,401,650
660282110,175,209,384
660282111,338,459,797
660282112,348,471,819
660282113,404,565,969
660282114,353,434,787
660282115,615,754,1369
660282116,624,1046,1670
660282117,579,816,1395
660282118,496,565,1061
660282119,547,628,1175
660282120,485,735,1220
660282121,545,811,1356
660282122,570,589,1159
660282123,356,465,821
660282124,351,492,843
660282201,409,680,1089
660282202,300,416,716
660282203,553,785,1338
660282204,679,1004,1683
660282205,343,470,813
660282206,403,487,890
660282207,375,434,809
660282208,386,604,990
660282209,433,561,994
660282210,478,651,1129
660282211,368,539,907
660282212,496,823,1319
660282213,506,775,1281
660282214,533,936,1469
660282301,444,998,1442
660282302,482,548,1030
660282303,696,1032,1728
660282304,478,920,1398
660282305,531,922,1453
660282306,509,841,1350
660282307,526,884,1410
660282308,448,993,1441
660282309,633,997,1630
660282310,533,866,1399
660282311,453,1095,1548
660282312,428,843,1271
660282313,397,1125,1522
660282314,452,1082,1534
660282315,384,993,1377
660282316,341,823,1164
660282317,394,950,1344
660282318,355,904,1259
660282401,150,154,304
660282402,293,379,672
660282403,383,803,1186
660282404,426,983,1409
660282405,366,976,1342
660282406,324,785,1109
660282407,239,593,832
660282408,488,1163,1651
660282409,410,944,1354
660282410,502,1160,1662
660282411,523,1081,1604
660282412,638,1234,1872
660282501,542,859,1401
660282502,316,480,796
660282503,314,488,802
660282504,332,540,872
660282505,248,263,511
660282506,297,458,755
660282507,390,534,924
660282508,568,773,1341
660282509,355,518,873
660282510,470,876,1346
660282511,561,880,1441
660282512,333,482,815
660282513,264,480,744
660282514,418,645,1063
660282515,430,687,1117
660282601,377,630,1007
660282602,365,759,1124
660282603,334,696,1030
660282604,311,527,838
660282605,325,579,904
660282606,362,664,1026
660282607,426,933,1359
660282608,482,972,1454
660282609,503,1132,1635
660282610,512,1186,1698
660282611,436,1061,1497
660282612,500,1313,1813
660282613,463,1038,1501
660282614,514,1290,1804
660282615,370,949,1319
660282616,351,899,1250
660282617,473,1167,1640
660282618,353,637,990
660282619,438,853,1291
660282620,309,776,1085
660282701,348,575,923
660282702,298,496,794
660282703,455,886,1341
660282704,502,779,1281
660282705,387,650,1037
660282706,318,573,891
660282707,283,635,918
660282708,318,670,988
660282709,374,762,1136
660282710,348,566,914
660282711,388,741,1129
660282712,413,765,1178
660282713,531,904,1435
660282714,416,738,1154
660282715,407,892,1299
660282801,323,396,719
660282802,343,358,701
660282803,382,420,802
660282804,287,375,662
660282805,401,590,991
660282806,617,917,1534
660282807,508,672,1180
660282808,498,592,1090
660282809,754,1069,1823
660282810,585,973,1558
660282811,603,708,1311
660282812,578,700,1278
660282813,638,1038,1676
660282814,363,496,859
660282815,392,450,842
660350101,63,101,164
660350102,269,420,689
660350103,287,551,838
660350104,18,25,43
660350105,169,303,472
660350106,400,727,1127
660350107,39,75,114
660350108,208,352,560
660350109,687,984,1671
660350110,405,648,1053
660350111,381,574,955
660350112,418,545,963
660350113,402,606,1008
660350114,385,696,1081
660350115,321,413,734
660350116,452,777,1229
660350117,537,994,1531
660350118,230,627,857
660350119,186,458,644
660350120,363,807,1170
660350121,239,521,760
660350122,337,613,950
660350123,434,710,1144
660350124,410,674,1084
660350201,422,932,1354
660350202,244,451,695
660350203,220,358,578
660350204,12,21,33
660350205,40,90,130
660350206,351,642,993
660350207,107,158,265
660350208,227,430,657
660350209,365,679,1044
660350210,474,816,1290
660350211,377,564,941
660350212,486,810,1296
660420101,121,117,238
660420102,41,89,130
660420103,377,506,883
660420104,564,969,1533
660420105,163,319,482
660420106,294,447,741
660420107,75,144,219
660420108,387,491,878
660420109,444,572,1016
660420110,257,435,692
660420111,407,558,965
660420201,182,288,470
660420202,262,441,703
660420203,473,880,1353
660420204,0,7,7
660420205,575,1005,1580
660420206,622,947,1569
660420207,464,734,1198
660420208,533,823,1356
660420209,393,487,880
660420210,322,486,808
660490101,25,35,60
660490102,57,128,185
660490103,124,305,429
660490104,483,867,1350
660490105,466,927,1393
660490106,404,606,1010
660490107,488,681,1169
660490201,64,273,337
660490202,28,41,69
660490203,1,9,10
660490204,27,71,98
660490205,89,201,290
660490206,33,107,140
660490207,19,14,33
660490208,26,47,73
660490209,36,73,109
660490210,12,20,32
660490211,290,513,803
660490212,285,580,865
660490213,517,863,1380
660490214,354,563,917
660490215,251,644,895
660490216,203,500,703
660490217,354,802,1156
660490301,222,379,601
660490302,223,596,819
660490303,36,67,103
660490304,251,519,770
660490305,495,813,1308
660490306,242,586,828
660490307,341,529,870
660490308,344,410,754
660490309,276,482,758
660490401,457,558,1015
660490402,319,557,876
660490403,502,958,1460
660490404,381,639,1020
660490405,406,630,1036
660490406,271,451,722
660490407,227,493,720
660490408,337,452,789
660490409,375,675,1050
660490410,542,1213,1755
660490411,361,518,879
660490412,405,580,985
660490413,444,396,840
660490414,249,429,678
660490415,297,572,869
660490416,378,671,1049
660490417,376,380,756
660490418,356,511,867
660490419,258,462,720
660490420,288,373,661
660490421,305,477,782
660490422,264,396,660
660560101,16,90,106
660560102,335,762,1097
660560103,205,490,695
660560104,16,21,37
660560105,327,746,1073
660560106,462,1003,1465
660560107,308,571,879
660560108,298,384,682
660560109,361,660,1021
660560110,343,406,749
660560111,376,418,794
660560112,627,968,1595
660560113,154,453,607
660560114,417,675,1092
660560115,282,586,868
660560116,155,326,481
660560117,261,617,878
660560118,247,684,931
660560119,376,843,1219
660560120,172,458,630
660560201,107,185,292
660560202,129,225,354
660560203,308,886,1194
660560204,411,808,1219
660560205,148,270,418
660560206,67,165,232
660560207,74,71,145
660560208,129,362,491
660560209,137,261,398
660560210,389,645,1034
660560211,304,565,869
660560212,209,504,713
660560213,440,757,1197
660560214,256,358,614
660560215,252,355,607
660560216,237,547,784
660560217,244,346,590
660560218,394,672,1066
660560301,208,607,815
660560302,199,622,821
660560303,108,257,365
660560304,93,388,481
660560305,390,908,1298
660560306,164,706,870
660560307,154,766,920
660560401,92,347,439
660560402,199,499,698
660560403,112,232,344
660560404,48,36,84
660560405,344,653,997
660560406,82,129,211
660560407,116,152,268
660560408,263,461,724
660560409,171,330,501
660560410,317,738,1055
660560411,195,351,546
660560501,21,42,63
660560502,38,51,89
660560503,52,175,227
660560504,281,512,793
660560505,197,500,697
660560601,13,36,49
660560602,71,223,294
660560603,154,359,513
660560604,28,78,106
660560605,41,162,203
660560606,31,138,169
660560607,41,67,108
660560608,220,762,982
660560609,41,118,159
660560610,22,67,89
660560611,95,437,532
660560612,164,587,751
660560613,261,740,1001
660560614,492,704,1196
660560615,354,904,1258
660560616,408,1175,1583
660560617,349,728,1077
660560618,518,906,1424
660560619,311,361,672
660560620,309,467,776
660560621,300,672,972
660560622,483,454,937
660560623,296,296,592
660560624,452,1575,2027
660560625,266,301,567
660560626,402,755,1157
660560627,192,518,710
660560628,256,564,820
660560629,251,387,638
660560630,131,254,385
660560701,505,1376,1881
660560702,334,735,1069
660560703,337,704,1041
660560704,271,487,758
660560705,309,642,951
660560706,476,764,1240
660560707,29,90,119
660560708,400,1042,1442
660560709,298,606,904
660560710,462,970,1432
660560711,384,504,888
660560712,271,299,570
660560713,427,441,868
660560714,357,562,919
660560715,406,1015,1421
660560801,264,744,1008
660560802,335,801,1136
660560803,308,528,836
660560804,350,507,857
660560805,304,261,565
660560806,306,219,525
660560807,233,179,412
660560808,233,275,508
660560809,266,271,537
660560810,332,435,767
660560811,205,224,429
660560812,386,464,850
660560813,253,505,758
660560814,280,884,1164
660560815,237,893,1130
660560901,107,93,200
660560902,300,446,746
660560903,322,380,702
660560904,385,435,820
660560905,386,613,999
660560906,322,652,974
660560907,301,796,1097
660560908,317,841,1158
660560909,570,1038,1608
660560910,148,530,678
660560911,372,827,1199
660560912,363,532,895
660560913,423,618,1041
660560914,357,442,799
660560915,577,733,1310
660560916,406,743,1149
660560917,466,1055,1521
660560918,327,649,976
660560919,229,636,865
660560920,442,592,1034
660560921,311,605,916
660560922,411,556,967
660560923,336,619,955
660560924,339,704,1043
660560925,347,722,1069
660561001,316,486,802
660561002,458,842,1300
660561003,335,728,1063
660561004,327,473,800
660561005,384,527,911
660561006,314,432,746
660561007,311,491,802
660561008,301,463,764
660561009,243,333,576
660561010,317,634,951
660561011,367,623,990
660561012,314,485,799
660561013,284,693,977
660561014,200,309,509
660561015,209,414,623
660630101,31,25,56
660630102,6,8,14
660630103,2,8,10
660630104,33,34,67
660630105,26,21,47
660630106,2,8,10
660630107,70,178,248
660630108,82,116,198
660630109,25,31,56
660630110,286,470,756
660630111,306,490,796
660630201,24,76,100
660630202,128,172,300
660630203,18,61,79
660700101,19,45,64
660700102,87,269,356
660700103,20,55,75
660700104,6,45,51
660700105,44,128,172
660700106,18,34,52
660700107,78,123,201
660700201,63,124,187
660700202,10,50,60
660700203,101,235,336
660700204,128,224,352
660700205,322,568,890
660700301,27,56,83
660700302,4,31,35
660700303,16,51,67
660700401,21,74,95
660700402,12,28,40
660700403,13,17,30
660700404,20,38,58
660700405,2,9,11
660700406,6,21,27
660700407,19,82,101
660700501,2,8,10
660700502,9,10,19
660700503,3,13,16
660700504,107,147,254
660700505,1,2,3
660700506,12,32,44
660700507,130,312,442
660700508,189,405,594
660770101,18,36,54
660770102,65,74,139
660770103,70,92,162
660770104,230,277,507
660770105,269,462,731
660770106,243,372,615
660770107,280,412,692
660770108,315,488,803
660770109,245,360,605
660770201,17,29,46
660770202,8,17,25
660770203,13,16,29
660770204,361,465,826
660770205,340,720,1060
660770301,10,16,26
660770302,7,9,16
660770303,118,148,266
660770304,34,49,83
660840101,103,203,306
660840102,161,281,442
660840103,12,19,31
660840104,17,19,36
660840105,13,25,38
660840106,317,492,809
660840107,316,463,779
660840108,239,465,704
660840109,292,503,795
660840201,31,76,107
660840202,38,67,105
660840203,54,92,146
660840204,25,24,49
660840205,222,315,537
660910101,9,38,47
660910102,42,93,135
660910103,47,73,120
660910104,3,70,73
660910105,40,73,113
660910201,26,35,61
660910202,30,44,74
660910203,15,45,60
660910204,66,135,201
660910205,182,336,518
660980101,218,396,614
660980102,69,153,222
660980103,71,82,153
660980104,31,46,77
660980105,514,819,1333
660980106,617,965,1582
660980201,19,23,42
660980202,1,4,5
660980203,86,126,212
660980204,22,35,57
660980205,140,211,351
660980206,1,9,10
660980207,35,70,105
660980208,268,458,726
660980209,327,524,851
661050101,0,0,0
661050102,0,0,0
661050103,3,2,5
661050104,93,100,193
661050201,94,71,165
661050202,180,195,375
661050203,11,87,98
661050204,18,35,53
661050205,59,45,104
661050206,7,1,8
661050207,0,2,2
661050208,34,20,54
661050209,297,762,1059
661050210,262,389,651
661050211,250,385,635
661050212,218,378,596
661050213,261,623,884
661120101,86,112,198
661120102,6,10,16
661120103,17,32,49
661120104,39,69,108
661120105,276,549,825
661120106,151,243,394
661120107,62,118,180
661120108,93,157,250
661120109,445,733,1178
661120110,134,186,320
661120201,129,243,372
661120202,30,24,54
661120203,3,8,11
661120204,48,39,87
661120205,100,150,250
661120206,101,156,257
661120207,33,52,85
661120208,155,365,520
661120209,269,466,735
661120210,188,244,432
661120211,66,68,134
661120212,390,540,930
661120213,493,797,1290
661120214,583,918,1501
661120215,401,550,951
661120301,425,659,1084
661120302,380,493,873
661120303,304,458,762
661120304,292,451,743
661120305,313,719,1032
661120306,385,604,989
661120307,299,289,588
661120308,277,249,526
661120309,362,463,825
661120310,477,813,1290
661120311,363,515,878
661120312,445,695,1140
661120313,371,486,857
661120401,538,779,1317
661120402,258,343,601
661120403,254,279,533
661120404,372,373,745
661120405,429,546,975
661120406,388,431,819
661120407,235,381,616
661120408,327,433,760
661120409,763,906,1669
661120410,307,416,723
661120411,496,486,982
661120412,519,703,1222
661120413,441,880,1321
661190101,73,148,221
661190102,590,775,1365
661190103,255,251,506
661190104,91,135,226
661190105,136,136,272
661190201,21,37,58
661190202,72,115,187
661190203,243,289,532
661190204,80,167,247
661190205,396,615,1011
661260101,24,97,121
661260102,224,934,1158
661260103,97,286,383
661260104,245,576,821
661260105,389,827,1216
661260201,84,130,214
661260202,54,128,182
661260203,147,430,577
661260204,16,59,75
661260205,217,432,649
661260206,386,1055,1441
661260207,323,541,864
661260208,398,667,1065
661260209,502,950,1452
661260210,343,750,1093
661260211,236,524,760
661260212,252,546,798
661260213,494,768,1262
661260214,238,581,819
661260215,302,691,993
661260216,297,480,777
661260217,608,1316,1924
661260218,286,616,902
661260301,36,156,192
661260302,205,423,628
661260303,320,709,1029
661260304,201,576,777
661260401,180,665,845
661260402,133,437,570
661260403,23,57,80
661260404,51,141,192
661260405,14,38,52
661260406,102,271,373
661260407,28,73,101
661260408,131,652,783
661260409,195,691,886
661260410,465,1109,1574
661260411,298,970,1268
661260412,284,1032,1316
661260413,242,991,1233
661260414,262,677,939
661260415,349,666,1015
661260416,551,734,1285
661260417,155,397,552
661260418,265,640,905
661260501,6,17,23
661260502,291,547,838
661260503,5,13,18
661260504,390,566,956
661260505,366,597,963
661260506,363,582,945
661260507,546,681,1227
661260508,479,672,1151
661260509,543,819,1362
661260510,396,711,1107
661260511,411,647,1058
661260601,188,545,733
661260602,45,87,132
661260603,244,376,620
661260604,32,38,70
661260605,64,152,216
661260606,54,68,122
661260607,46,53,99
661260608,8,7,15
661260609,400,1106,1506
661260610,493,1049,1542
661260611,382,1237,1619
661260612,280,792,1072
661260613,455,691,1146
661260614,395,891,1286
661260615,401,651,1052
661260616,288,738,1026
661260617,289,458,747
661260618,296,564,860
661260619,427,949,1376
661260620,488,819,1307
661260621,289,377,666
661260622,254,503,757
661260623,96,260,356
661260624,328,592,920
661260625,163,427,590
661260701,364,1053,1417
661260702,350,1026,1376
661260703,269,850,1119
661260704,340,588,928
661260705,291,459,750
661260706,409,577,986
661260707,446,712,1158
661260708,435,815,1250
661260709,502,1142,1644
661260710,331,423,754
661260711,326,395,721
661260712,325,344,669
661260713,370,1053,1423
661260714,338,838,1176
661260715,355,365,720
661260716,264,226,490
661260717,428,540,968
661260718,419,482,901
661260719,221,338,559
661260720,404,705,1109
661260721,476,540,1016
661260722,386,374,760
661260723,386,668,1054
661260801,500,1051,1551
661260802,381,542,923
661260803,212,212,424
661260804,262,329,591
661260805,243,357,600
661260806,276,293,569
661260807,275,349,624
661260808,273,439,712
661260809,554,1116,1670
661260810,260,495,755
661260811,278,578,856
661260812,358,1273,1631
661260813,438,1001,1439
661260814,481,975,1456
661260815,531,591,1122
661260816,450,554,1004
661260817,447,729,1176
661260818,533,1217,1750
661260819,443,793,1236
661260820,214,227,441
661260821,493,761,1254
661260822,471,705,1176
661260823,427,682,1109
661260824,597,947,1544
661330101,515,1800,2315
661330102,260,1166,1426
661330103,59,234,293
661330104,55,221,276
661330105,35,144,179
661330106,239,575,814
661330107,358,982,1340
661330108,483,981,1464
661330201,36,71,107
661330202,36,61,97
661330203,92,271,363
661330204,30,83,113
661330205,21,44,65
661330206,19,85,104
661330207,24,38,62
661330208,134,350,484
661330209,32,127,159
661330210,78,189,267
661330211,47,163,210
661330212,67,131,198
661330213,38,104,142
661330214,119,282,401
661330215,28,50,78
661330216,201,551,752
661330217,28,62,90
661330218,37,161,198
661330219,89,294,383
661330220,291,609,900
661330221,267,699,966
661330222,159,254,413
661330223,248,419,667
661330224,188,603,791
661330301,206,343,549
661330302,114,223,337
661330303,19,82,101
661330304,189,544,733
661330305,177,419,596
661330306,180,555,735
661330307,63,86,149
661330308,54,258,312
661330309,292,498,790
661330310,227,564,791
661330311,277,569,846
661330312,228,623,851
661400101,26,28,54
661400102,52,58,110
661400103,42,80,122
661400104,15,9,24
661400105,27,37,64
661400106,31,22,53
661400107,28,83,111
661400108,64,233,297
661400109,4,8,12
661400110,87,120,207
661400111,35,40,75
661400112,40,60,100
661400113,164,153,317
661400114,66,91,157
661400115,70,79,149
661400116,324,630,954
661400117,379,834,1213
661400118,330,532,862
661400119,388,643,1031
661400120,392,673,1065
661400121,677,1127,1804
661400201,17,18,35
661400202,19,32,51
661400203,61,57,118
661400204,36,74,110
661400205,62,73,135
661400301,42,33,75
661400302,28,35,63
661400303,9,7,16
661400304,96,233,329
661400305,17,15,32
661400306,18,15,33
661400307,20,41,61
661400308,10,18,28
661400309,14,28,42
661400310,131,288,419
661400311,174,231,405
661400312,210,268,478
661400401,421,502,923
661400402,413,542,955
661400403,357,455,812
661400404,327,311,638
661400405,318,636,954
661400406,286,356,642
661400407,270,291,561
661400408,335,311,646
661400409,414,778,1192
661400410,549,579,1128
661400411,452,503,955
661400412,394,428,822
661400413,312,383,695
661400414,456,656,1112
661400415,457,605,1062
661400416,258,363,621
661470101,22,93,115
661470102,23,81,104
661470103,35,72,107
661470104,49,100,149
661470105,47,71,118
661470201,23,83,106
661470202,58,95,153
661470203,33,39,72
661470204,13,35,48
661470205,41,71,112
661470301,15,70,85
661470302,44,97,141
661470303,10,12,22
661470304,10,12,22
661470305,27,44,71
661470306,157,267,424
661470307,703,1191,1894
661470308,5,15,20
661470309,24,25,49
661470310,4,15,19
661470311,451,754,1205
661470312,488,738,1226
661470313,243,380,623
661470314,222,254,476
661470315,675,972,1647
661470316,569,734,1303
661470317,482,910,1392
661470401,390,568,958
661470402,228,413,641
661470403,105,212,317
661470404,151,321,472
661470405,55,104,159
661470406,7,6,13
661470407,639,1337,1976
661470408,506,1010,1516
661470409,329,556,885
661470501,314,518,832
661470502,273,650,923
661470503,314,703,1017
661470504,428,706,1134
661470505,330,492,822
661470506,348,505,853
661470507,416,490,906
661470508,317,451,768
661470509,389,539,928
661470510,499,780,1279
661470511,498,775,1273
661470512,225,276,501
661470513,404,662,1066
661470514,445,620,1065
661470515,333,575,908
661540101,50,106,156
661540102,109,160,269
661540103,27,44,71
661540104,0,3,3
661540105,168,352,520
661540106,253,448,701
661540201,51,83,134
661540202,26,31,57
661540203,43,119,162
661540204,18,54,72
661540205,13,14,27
661540206,62,101,163
661540207,53,65,118
661540208,126,234,360
661540209,494,578,1072
661540210,446,630,1076
661540211,327,443,770
661610101,22,118,140
661610102,90,626,716
661610103,160,660,820
661610104,29,123,152
661610105,103,329,432
661610106,30,108,138
661610107,36,127,163
661610108,39,99,138
661610109,73,235,308
661610110,300,658,958
661610201,54,221,275
661610202,58,237,295
661610203,51,165,216
661610204,42,110,152
661610205,226,595,821
661610301,46,151,197
661610302,62,291,353
661610303,12,66,78
661610304,117,467,584
661610305,39,157,196
661610306,203,524,727
700070101,533,605,1138
700070102,588,621,1209
700070103,441,551,992
700070104,416,421,837
700070201,389,602,991
700070202,311,451,762
700070203,332,350,682
700070204,538,1046,1584
700070205,602,859,1461
700070206,552,594,1146
700070207,249,334,583
700070301,522,868,1390
700070302,330,395,725
700070303,166,232,398
700070304,273,401,674
700070305,81,113,194
700070306,342,572,914
700070307,415,715,1130
700070308,388,544,932
700070401,211,323,534
700070402,206,291,497
700070403,460,583,1043
700070501,58,91,149
700140101,192,202,394
700140102,171,270,441
700140103,501,639,1140
700140104,353,418,771
700140105,340,465,805
700140106,518,521,1039
700140107,704,787,1491
700140201,100,131,231
700140202,167,269,436
700140301,24,35,59
700210101,123,171,294
700210201,462,505,967
700210202,82,106,188
700210203,345,536,881
700210204,70,128,198
700210205,12,19,31
700210301,107,204,311
700210302,353,505,858
700210401,374,479,853
700210402,54,77,131
700210403,386,556,942
700210404,463,694,1157
700210405,63,101,164
700210501,68,13,81
700210601,16,13,29
700210701,153,90,243
700210702,0,1,1
700280101,489,295,784
700280102,355,201,556
700280103,342,234,576
700280104,358,276,634
700280105,182,123,305
700280106,412,282,694
700280107,203,177,380
700280108,274,171,445
700280109,216,122,338
700280110,353,228,581
700280111,289,192,481
700280112,376,261,637
700280113,214,125,339
700280114,392,239,631
700280115,213,134,347
700280116,275,229,504
700280117,203,145,348
700280118,261,138,399
700280201,382,449,831
700280202,409,522,931
700280203,559,603,1162
700280204,245,322,567
700280205,295,335,630
700280206,271,323,594
700280207,282,297,579
700280208,239,304,543
700280209,292,358,650
700280210,345,393,738
700280211,241,269,510
700280212,189,190,379
700280213,282,214,496
700280301,279,461,740
700280302,297,419,716
700280303,470,608,1078
700280304,499,610,1109
700280305,389,470,859
700280306,375,390,765
700280307,253,304,557
700280308,405,370,775
700280309,394,409,803
700280310,270,268,538
700280311,264,332,596
700280312,248,215,463
700280313,462,511,973
700280314,279,328,607
700280315,201,176,377
700280316,396,380,776
700280317,261,241,502
700280318,415,642,1057
700280319,296,261,557
700280320,226,189,415
700280321,257,205,462
700280401,156,177,333
700280402,242,274,516
700280403,348,255,603
700280404,236,209,445
700280405,528,498,1026
700280406,385,335,720
700280407,322,293,615
700280408,397,410,807
700280409,289,261,550
700280410,392,419,811
700280411,256,264,520
700280412,493,453,946
700280413,332,456,788
700280414,363,576,939
700280501,424,353,777
700280502,461,372,833
700280503,240,192,432
700280504,477,387,864
700280505,244,180,424
700280506,512,453,965
700280507,257,274,531
700280508,316,354,670
700280509,317,239,556
700280510,304,311,615
700280511,445,405,850
700280512,268,249,517
700280513,327,317,644
700280514,222,176,398
700280515,263,347,610
700280516,313,255,568
700280601,444,710,1154
700280602,353,610,963
700280603,319,305,624
700280604,342,382,724
700280605,443,445,888
700280606,247,266,513
700280607,343,362,705
700280608,478,414,892
700280609,384,376,760
700280610,274,240,514
700280611,418,406,824
700280612,367,319,686
700280613,410,384,794
700280614,298,322,620
700280615,389,400,789
700280616,226,259,485
700280617,415,579,994
700280618,340,654,994
700280619,220,178,398
700280701,436,468,904
700280702,252,275,527
700280703,404,484,888
700280704,465,446,911
700280705,389,423,812
700280706,382,341,723
700280707,390,544,934
700280708,414,474,888
700280709,426,559,985
700280710,416,451,867
700280711,415,597,1012
700280712,537,584,1121
700280713,334,342,676
700280714,431,558,989
700280715,327,360,687
700280716,200,182,382
700280801,329,440,769
700280802,274,291,565
700280803,283,336,619
700280804,278,254,532
700280805,372,364,736
700280806,444,276,720
700280807,364,343,707
700280808,312,272,584
700280809,429,402,831
700280810,426,431,857
700280811,268,254,522
700280901,486,444,930
700280902,415,368,783
700280903,259,296,555
700280904,256,230,486
700280905,347,336,683
700280906,220,190,410
700280907,327,267,594
700280908,469,562,1031
700280909,330,421,751
700280910,369,378,747
700280911,119,149,268
700280912,204,283,487
700280913,222,244,466
700280914,238,224,462
700280915,447,472,919
700280916,442,499,941
700350101,449,745,1194
700350102,381,654,1035
700350103,460,659,1119
700350104,383,577,960
700350105,507,733,1240
700350106,410,643,1053
700350107,320,557,877
700350108,453,586,1039
700350109,418,510,928
700350110,340,425,765
700350111,469,427,896
700350112,491,500,991
700350113,383,445,828
700350114,567,450,1017
700350201,298,492,790
700350202,186,265,451
700350203,318,502,820
700350204,217,350,567
700350205,217,243,460
700350301,342,596,938
700350302,344,572,916
700350401,127,256,383
700350402,336,523,859
700350403,265,513,778
700350501,110,274,384
700350502,44,144,188
700350503,137,193,330
700350601,33,43,76
700350602,72,162,234
700350701,262,491,753
700350702,730,839,1569
700350703,405,482,887
700350704,312,446,758
700350705,407,588,995
700350706,278,438,716
700350707,348,649,997
700350708,329,469,798
700350709,377,612,989
700350710,281,479,760
700350711,318,604,922
700420101,283,362,645
700420102,555,886,1441
700420103,406,477,883
700420104,1009,1199,2208
700420105,435,742,1177
700420106,621,746,1367
700420107,310,383,693
700420108,389,514,903
700420109,416,441,857
700420110,399,534,933
700420111,306,577,883
700420112,346,449,795
700420201,498,765,1263
700420202,230,572,802
700420203,461,912,1373
700420204,567,1135,1702
700420205,419,490,909
700420206,463,630,1093
700420207,721,1054,1775
700420208,311,462,773
700420209,480,814,1294
700420210,452,683,1135
700420211,316,414,730
700420212,571,886,1457
700420213,568,656,1224
700420214,442,498,940
700420215,341,444,785
700420216,547,799,1346
700420217,562,729,1291
700420301,358,629,987
700420302,462,657,1119
700420303,427,604,1031
700420304,52,79,131
700420401,378,597,975
700420402,508,1188,1696
700420403,319,449,768
700420404,445,747,1192
700420405,475,690,1165
700420406,560,1009,1569
700420407,377,736,1113
700420408,338,679,1017
700420409,369,538,907
700420410,337,521,858
700420411,361,469,830
700420412,564,691,1255
700420413,623,594,1217
700420414,549,948,1497
700420415,437,494,931
700420416,446,600,1046
700420417,701,769,1470
700420418,314,382,696
700420419,236,366,602
700420501,607,691,1298
700420502,509,641,1150
700420503,368,457,825
700420504,486,695,1181
700420505,523,852,1375
700420506,558,702,1260
700420507,486,974,1460
700420508,570,544,1114
700420509,479,625,1104
700420510,668,720,1388
700420511,326,489,815
700420512,444,517,961
700420513,416,572,988
700420514,652,867,1519
700420515,337,454,791
700490101,138,156,294
700490102,57,45,102
700490201,153,192,345
700490202,279,311,590
700490203,428,409,837
700490204,401,431,832
700490205,286,285,571
700490206,119,163,282
700490207,381,401,782
700490301,145,204,349
700490302,249,306,555
700490303,100,175,275
700490401,1478,759,2237
700560101,226,375,601
700560102,407,581,988
700560103,283,262,545
700560104,348,425,773
700560105,625,624,1249
700560106,197,207,404
700560107,137,215,352
700560108,236,295,531
700560109,292,288,580
700560201,458,498,956
700560202,441,412,853
700560203,506,460,966
700560204,223,196,419
700560205,474,386,860
700560206,441,453,894
700560207,383,338,721
700560208,489,441,930
700560209,346,390,736
700560210,92,144,236
700560211,568,495,1063
700560212,317,377,694
700560213,324,276,600
700560301,219,249,468
700560302,386,460,846
700560401,25,47,72
700560501,10,14,24
700560601,132,118,250
700560701,240,239,479
700560702,584,325,909
700630101,170,251,421
700630102,279,391,670
700630103,438,828,1266
700630104,111,145,256
700630105,36,84,120
700630106,356,654,1010
700630201,52,69,121
700630202,438,764,1202
700630203,410,591,1001
700630204,258,523,781
700630205,361,489,850
700700101,349,525,874
700700102,542,818,1360
700700103,540,829,1369
700700104,387,570,957
700700105,395,604,999
700700106,414,539,953
700700107,371,554,925
700700108,351,529,880
700700109,378,435,813
700700110,268,296,564
700700111,318,334,652
700700112,433,488,921
700700113,419,601,1020
700700114,499,880,1379
700700115,444,593,1037
700700201,115,134,249
700700202,99,286,385
700700203,381,656,1037
700700204,243,496,739
700700205,358,472,830
700700206,744,996,1740
700700207,770,1002,1772
700700301,248,363,611
700700302,317,479,796
700700303,288,485,773
700700304,360,594,954
700700305,138,243,381
700700401,46,80,126
700700501,376,768,1144
700700502,306,467,773
700700503,316,530,846
700700504,265,371,636
700700505,275,553,828
700700506,355,731,1086
700700507,336,651,987
700700508,410,568,978
700700509,418,521,939
700700510,433,709,1142
700700511,577,1011,1588
700700512,514,819,1333
700700513,536,638,1174
700700514,522,763,1285
700700515,473,649,1122
700700516,437,801,1238
700700517,424,705,1129
700700518,270,357,627
700770101,200,251,451
700770102,715,960,1675
700770103,3,10,13
700770104,394,742,1136
700770105,315,586,901
700770106,356,569,925
700770201,511,682,1193
700770202,571,738,1309
700770203,535,649,1184
700770204,571,697,1268
700770205,509,649,1158
700770206,440,711,1151
700770207,549,569,1118
700770208,628,792,1420
700770209,370,604,974
700770210,226,327,553
700770211,353,556,909
700770212,401,477,878
700770213,450,654,1104
700770301,361,472,833
700770302,376,462,838
700770303,408,496,904
700770304,505,668,1173
700770305,371,546,917
700770306,527,627,1154
700770307,533,678,1211
700770308,395,387,782
700770309,496,571,1067
700770310,513,599,1112
700770311,480,571,1051
700770312,342,396,738
700770313,353,422,775
700770401,284,345,629
700770402,233,327,560
700770403,322,399,721
700770404,349,423,772
700770405,380,418,798
700770406,469,479,948
700770407,413,536,949
700770408,386,357,743
700770409,279,352,631
700770410,507,581,1088
700770411,306,362,668
700770412,492,587,1079
700770413,294,299,593
700770414,281,383,664
700770415,306,413,719
700770416,388,384,772
700770501,395,515,910
700770502,453,712,1165
700770503,323,449,772
700770504,192,293,485
700770505,324,477,801
700770506,205,298,503
700770507,408,583,991
700770508,306,416,722
700770509,232,346,578
700770510,438,742,1180
700770511,521,713,1234
700770512,401,675,1076
700770601,400,587,987
700770602,341,538,879
700770603,207,253,460
700770701,273,480,753
700770702,226,338,564
700770703,195,293,488
700770801,239,349,588
700770802,291,414,705
700770803,523,748,1271
700770804,379,429,808
700770805,430,667,1097
700770806,554,900,1454
700770807,351,413,764
700770808,385,631,1016
700770809,537,652,1189
700770810,579,889,1468
700770811,363,654,1017
700770812,405,627,1032
700770813,594,881,1475
700770814,381,536,917
700770815,405,560,965
700770901,434,445,879
700770902,389,387,776
700770903,413,447,860
700770904,436,599,1035
700770905,495,1168,1663
700770906,464,560,1024
700770907,450,517,967
700770908,396,513,909
700770909,356,702,1058
700770910,494,656,1150
700770911,534,525,1059
700770912,400,514,914
700771001,286,317,603
700771002,596,761,1357
700771003,287,360,647
700771004,385,610,995
700771005,472,550,1022
700771006,503,485,988
700771007,510,673,1183
700771008,397,358,755
700771009,321,344,665
700771010,427,469,896
700771011,337,357,694
700771012,303,412,715
700771013,434,682,1116
700840101,21,27,48
700840102,90,120,210
700840201,357,677,1034
700840202,246,486,732
700840203,353,511,864
700840204,565,860,1425
700840205,389,470,859
700840206,340,412,752
700840207,361,426,787
700840208,481,485,966
700840209,407,387,794
700840210,485,594,1079
700840211,507,606,1113
700840212,601,577,1178
700840213,345,392,737
700840214,343,329,672
700840215,481,563,1044
700840216,416,612,1028
700840217,343,384,727
700840301,583,716,1299
700840302,415,644,1059
700840303,466,516,982
700840304,452,630,1082
700840305,660,804,1464
700840306,501,607,1108
700840307,550,716,1266
700840308,490,622,1112
700840309,530,598,1128
700840310,587,654,1241
700840311,540,634,1174
700840312,552,605,1157
700840313,380,468,848
700840314,459,497,956
700840315,424,651,1075
700840316,465,477,942
700840317,412,458,870
700840318,289,424,713
700840319,369,503,872
700840320,379,426,805
700840401,668,765,1433
700840402,354,359,713
700840403,483,423,906
700840404,330,340,670
700840405,582,697,1279
700840406,278,366,644
700840407,346,474,820
700840408,436,416,852
700840409,538,569,1107
700840410,362,449,811
700840411,296,305,601
700840412,561,696,1257
700840413,325,337,662
700840414,302,383,685
700840415,326,432,758
700840416,349,367,716
700840417,316,377,693
700840501,438,660,1098
700840502,296,485,781
700840503,518,1122,1640
700840504,690,1013,1703
700840505,291,589,880
700840506,251,513,764
700840601,518,583,1101
700840602,668,787,1455
700840603,300,469,769
700840604,479,665,1144
700840605,391,383,774
700840606,447,464,911
700840607,356,459,815
700840608,368,559,927
700840609,420,564,984
700840610,676,962,1638
700840611,420,746,1166
700840612,421,654,1075
700840613,279,333,612
700910101,305,430,735
700910102,339,493,832
700910103,141,197,338
700910104,440,657,1097
700910105,89,155,244
700910106,152,206,358
700910107,227,312,539
700910108,122,164,286
700910109,447,561,1008
700910110,89,219,308
700910111,204,315,519
700910112,556,582,1138
700910113,409,467,876
700910114,432,558,990
700910201,7,39,46
700980101,427,621,1048
700980102,336,477,813
700980103,426,457,883
700980104,431,540,971
700980105,436,492,928
700980106,626,793,1419
700980107,432,613,1045
700980108,389,465,854
700980109,567,576,1143
700980110,499,593,1092
700980111,534,512,1046
700980112,421,509,930
700980113,334,266,600
700980114,363,461,824
700980115,385,383,768
700980116,649,852,1501
700980117,291,342,633
700980118,443,512,955
700980201,397,830,1227
700980202,255,363,618
700980203,328,558,886
700980204,319,473,792
700980205,582,807,1389
700980206,547,754,1301
700980207,564,678,1242
700980301,630,734,1364
700980302,420,567,987
700980303,266,308,574
700980304,473,573,1046
700980305,462,638,1100
700980306,347,493,840
700980307,499,638,1137
700980308,419,577,996
700980401,670,572,1242
700980402,347,326,673
700980403,362,433,795
700980404,525,501,1026
700980405,317,420,737
700980406,380,385,765
700980407,212,281,493
700980408,235,248,483
700980409,347,378,725
700980410,289,265,554
700980411,335,418,753
700980412,273,262,535
701050101,118,205,323
701050102,253,331,584
701050103,133,190,323
701050104,142,238,380
701050105,195,271,466
701050106,342,533,875
701050107,474,788,1262
701050108,423,719,1142
701050201,499,1095,1594
701050202,674,1020,1694
701050203,230,479,709
701050301,444,581,1025
701050302,624,1028,1652
701050303,501,946,1447
701050304,257,551,808
701050305,304,635,939
701050306,448,633,1081
701050307,431,605,1036
701050308,339,460,799
701120101,255,312,567
701120102,521,673,1194
701120103,151,242,393
701120104,405,443,848
701120105,443,592,1035
701120201,19,17,36
701190101,189,110,299
701190102,108,211,319
701190103,26,58,84
701190201,392,608,1000
701190202,593,894,1487
701190203,59,134,193
701190204,29,75,104
701190205,130,244,374
701190206,316,436,752
701190207,290,367,657
701190301,72,146,218
701190302,71,146,217
701190303,222,406,628
701260101,509,822,1331
701260102,273,538,811
701260103,275,629,904
701260104,366,752,1118
701260105,232,481,713
701260106,313,372,685
701260107,344,633,977
701260201,477,743,1220
701260202,366,600,966
701260203,327,632,959
701260204,210,450,660
701260205,114,271,385
701260206,293,441,734
701260207,191,379,570
701260208,246,499,745
701260301,262,697,959
701260401,45,92,137
701330101,211,305,516
701330102,779,1132,1911
701330103,671,727,1398
701330104,115,116,231
701330201,25,20,45
740070101,57,58,115
740070102,90,109,199
740070201,45,136,181
740070202,63,74,137
740070203,46,84,130
740070301,16,26,42
740070302,31,42,73
740070303,55,78,133
740070304,419,811,1230
740070305,480,599,1079
740070306,59,62,121
740070307,16,23,39
740070401,143,254,397
740070402,324,627,951
740070403,207,321,528
740070404,317,491,808
740070405,359,435,794
740070406,305,359,664
740070407,285,369,654
740070408,387,420,807
740070409,230,312,542
740070410,238,480,718
740070411,66,81,147
740070412,8,19,27
740070413,346,454,800
740070414,433,532,965
740070501,25,48,73
740070502,28,47,75
740070503,16,21,37
740070504,135,200,335
740070505,71,122,193
740070506,95,135,230
740070507,442,668,1110
740070508,427,382,809
740070509,369,356,725
740070510,285,338,623
740140101,7,9,16
740140102,50,80,130
740140103,17,43,60
740140201,12,17,29
740140202,35,19,54
740140203,26,26,52
740140204,16,21,37
740140301,33,46,79
740140302,40,45,85
740140303,38,62,100
740140304,66,79,145
740140401,38,24,62
740140402,74,76,150
740140403,289,348,637
740140404,213,245,458
740140405,207,235,442
740140406,26,33,59
740140501,41,48,89
740140502,30,90,120
740140503,163,350,513
740140504,14,11,25
740140505,42,69,111
740210101,18,19,37
740210102,97,116,213
740210103,53,51,104
740210104,32,32,64
740210105,81,112,193
740210106,52,87,139
740210107,91,128,219
740210108,87,97,184
740210109,164,220,384
740210110,115,154,269
740210111,110,156,266
740210112,107,154,261
740210113,23,24,47
740210201,77,86,163
740210202,38,41,79
740210203,140,208,348
740210204,85,91,176
740210301,13,23,36
740210302,44,52,96
740210303,295,470,765
740210304,330,438,768
740210305,485,803,1288
740210306,371,461,832
740210307,465,609,1074
740210308,445,707,1152
740210309,191,382,573
740210310,43,49,92
740210311,45,39,84
740210401,110,123,233
740210402,14,16,30
740210403,34,46,80
740210404,57,69,126
740210405,358,586,944
740210406,40,49,89
740210407,35,25,60
740280101,73,59,132
740280102,360,677,1037
740280103,383,431,814
740280104,205,320,525
740280105,235,271,506
740280106,317,353,670
740280107,461,538,999
740280108,81,88,169
740280109,98,123,221
740280110,40,52,92
740280201,90,92,182
740280202,254,265,519
740280203,360,371,731
740280204,108,150,258
740280205,126,216,342
740280206,213,276,489
740280301,153,217,370
740280302,77,121,198
740280303,20,4,24
740280304,92,105,197
740280305,45,39,84
740280306,295,357,652
740280307,36,22,58
740280308,336,488,824
740280309,297,441,738
740280310,308,470,778
740280311,327,452,779
740280401,21,32,53
740280402,195,359,554
740280403,383,487,870
740280404,419,415,834
740280405,455,631,1086
740280406,219,416,635
740280407,365,451,816
740280408,256,508,764
740280409,71,88,159
740280410,57,80,137
740280411,12,30,42
740350101,9,10,19
740350102,18,16,34
740350103,108,124,232
740350104,17,31,48
740350201,17,10,27
740350202,8,14,22
740350203,33,46,79
740350204,28,17,45
740350205,16,23,39
740350301,26,36,62
740350302,50,42,92
740350303,30,29,59
740350304,95,73,168
740350305,31,18,49
740350401,34,23,57
740350402,22,39,61
740350403,44,44,88
740350404,57,114,171
740350405,13,21,34
740350406,13,15,28
740350407,168,313,481
740350501,37,33,70
740350502,32,27,59
740350601,57,136,193
740350602,96,120,216
740350603,39,35,74
740350604,17,16,33
740350605,8,10,18
740350701,27,64,91
740350702,355,489,844
740350703,348,579,927
740350704,258,414,672
740350705,271,347,618
740350706,255,447,702
740350707,328,400,728
740350708,396,541,937
740350709,289,456,745
740350710,438,617,1055
740350711,331,493,824
740350712,365,358,723
740350713,479,479,958
740350714,369,328,697
740350715,284,262,546
740350716,367,298,665
740350801,355,623,978
740350802,172,363,535
740350803,0,3,3
740350804,400,881,1281
740350805,369,948,1317
740350806,241,404,645
740350807,179,335,514
740350808,359,359,718
740350809,293,520,813
740350810,333,547,880
740350811,516,810,1326
740350812,287,361,648
740350813,252,308,560
740350814,433,411,844
740350815,363,340,703
740350816,330,359,689
740350817,416,574,990
740350818,377,561,938
740350819,390,657,1047
740350820,242,348,590
740350821,41,47,88
740350901,365,307,672
740350902,387,357,744
740350903,362,444,806
740350904,332,604,936
740350905,35,116,151
740350906,341,467,808
740350907,492,505,997
740350908,396,351,747
740350909,349,230,579
740350910,441,395,836
740350911,450,352,802
740350912,334,249,583
740350913,385,294,679
740350914,400,429,829
740350915,353,488,841
740350916,325,421,746
740350917,363,520,883
740351001,616,810,1426
740351002,247,337,584
740351003,351,285,636
740351004,357,432,789
740351005,561,747,1308
740351006,590,612,1202
740351007,417,607,1024
740351008,398,521,919
740351009,395,445,840
740351010,257,320,577
740351011,391,379,770
740351012,298,208,506
740351013,326,312,638
740351014,218,158,376
740351015,271,211,482
740351016,434,517,951
740351017,303,364,667
740351018,284,471,755
740351019,469,726,1195
740351020,67,69,136
740351101,79,105,184
740351102,287,528,815
740351103,353,440,793
740351104,309,340,649
740351105,191,253,444
740351106,308,229,537
740351107,247,173,420
740351108,199,181,380
740351109,217,166,383
740351110,441,417,858
740351111,454,677,1131
740351112,413,922,1335
740351113,214,483,697
740351114,418,602,1020
740351201,373,360,733
740351202,360,461,821
740351203,261,348,609
740351204,267,372,639
740351205,388,354,742
740351206,301,479,780
740351207,318,445,763
740351208,336,601,937
740351209,438,591,1029
740351210,393,516,909
740351211,193,163,356
740351212,230,167,397
740351213,166,355,521
740351214,375,776,1151
740351215,272,635,907
740351216,292,539,831
740351217,217,369,586
740351218,154,214,368
740351301,316,410,726
740351302,2,3,5
740351303,375,603,978
740351304,406,594,1000
740351305,446,534,980
740351306,289,370,659
740351307,34,72,106
740351308,364,542,906
740351309,381,622,1003
740351310,317,501,818
740351311,329,497,826
740351401,558,697,1255
740351402,16,33,49
740351403,427,537,964
740351404,384,473,857
740351405,300,445,745
740351406,446,689,1135
740351407,408,660,1068
740351408,437,804,1241
740351409,367,628,995
740351410,420,561,981
740351501,15,15,30
740351502,182,193,375
740351503,48,94,142
740351504,114,120,234
740351505,34,6,40
740351506,8,7,15
740351507,38,27,65
740351601,247,390,637
740351602,255,297,552
740351603,287,228,515
740351604,310,331,641
740351605,246,349,595
740351606,290,609,899
740351607,275,394,669
740351608,320,358,678
740351609,351,376,727
740351610,483,735,1218
740351611,354,476,830
740351612,343,483,826
740351701,75,125,200
740351702,77,67,144
740351703,29,29,58
740351704,53,105,158
740351705,48,80,128
740351801,42,64,106
740351802,52,52,104
740351803,29,52,81
740351804,9,16,25
740351805,27,51,78
740351806,18,32,50
740420101,15,29,44
740420102,45,121,166
740420103,40,45,85
740420201,35,39,74
740420202,119,185,304
740420203,23,16,39
740420204,132,265,397
740420205,94,113,207
740420206,108,146,254
740420207,378,747,1125
740420208,400,702,1102
740420301,6,5,11
740420302,68,124,192
740420303,26,19,45
740420304,238,471,709
740420305,33,35,68
740420306,430,731,1161
740420307,39,63,102
740420308,178,359,537
740420401,12,35,47
740420402,63,85,148
740420403,297,511,808
740420404,375,632,1007
740420405,85,153,238
740420406,20,22,42
740420501,28,16,44
740420502,9,5,14
740420601,16,11,27
740420602,33,34,67
740420603,296,560,856
740490101,35,47,82
740490102,63,81,144
740490103,150,226,376
740490104,95,115,210
740490105,58,80,138
740490106,70,105,175
740490107,8,13,21
740490201,83,113,196
740490202,87,121,208
740490203,73,52,125
740490204,367,381,748
740490205,277,262,539
740490206,307,493,800
740490207,269,358,627
740490208,275,242,517
740490209,303,368,671
740490210,230,324,554
740490211,177,244,421
740490212,62,52,114
740490213,104,96,200
740490301,128,176,304
740490302,69,38,107
740490303,519,644,1163
740490304,336,404,740
740490305,297,302,599
740490306,288,364,652
740490401,509,690,1199
740490402,446,405,851
740490403,272,276,548
740490404,207,283,490
740490405,583,763,1346
740490406,557,590,1147
740490407,312,281,593
740490408,249,186,435
740490409,291,286,577
740490410,424,307,731
740490411,447,422,869
740490412,382,294,676
740490413,698,475,1173
740490414,310,359,669
740490415,557,909,1466
740490416,365,402,767
740490417,264,389,653
740490418,273,291,564
740490419,279,238,517
740560101,35,54,89
740560102,25,27,52
740560103,48,73,121
740560104,80,146,226
740560105,196,318,514
740560201,67,70,137
740560202,106,138,244
740560203,106,166,272
740560204,574,752,1326
740560205,189,231,420
740560206,341,736,1077
740560301,1,19,20
740560302,216,262,478
740560303,140,244,384
740560304,227,443,670
740560305,224,380,604
740560306,367,574,941
740560307,320,423,743
740560308,295,445,740
740560309,0,0,0
740560310,403,557,960
740560311,389,614,1003
740560312,371,518,889
740560313,360,703,1063
740560314,315,503,818
740560315,289,432,721
740560316,375,676,1051
740560317,0,0,0
740560318,5,11,16
740560401,97,121,218
740560402,117,104,221
740560403,225,250,475
740560404,220,195,415
740560405,199,173,372
740560406,424,525,949
740560407,295,336,631
740560408,65,92,157
740560501,219,285,504
740560502,421,532,953
740560503,135,171,306
740560504,264,240,504
740560505,239,266,505
740560506,367,571,938
740560507,439,321,760
740560508,453,461,914
740560509,522,641,1163
740560510,358,429,787
740560511,159,118,277
740560512,568,661,1229
740560513,453,593,1046
740560514,380,495,875
740560515,28,78,106
740560601,5,5,10
740560602,65,121,186
740560603,382,431,813
740560604,373,402,775
740560605,386,666,1052
740560606,537,739,1276
740560607,301,377,678
740560608,202,234,436
740560609,426,409,835
740560610,432,694,1126
740560611,438,582,1020
740560612,362,539,901
740560613,381,454,835
740560614,318,370,688
740560615,488,641,1129
740560616,333,328,661
740560617,465,551,1016
740560701,342,599,941
740560702,515,735,1250
740560703,29,51,80
740560704,585,1101,1686
740560705,636,1156,1792
740560706,738,1067,1805
740560707,197,295,492
740560708,574,544,1118
740560709,433,413,846
740560710,568,622,1190
740560711,201,240,441
740560712,451,584,1035
740560713,545,930,1475
740560714,391,549,940
740560715,393,515,908
740560716,489,485,974
740560717,498,681,1179
740560718,266,311,577
740560719,387,487,874
740560720,392,465,857
740560721,506,580,1086
740560722,327,390,717
740560723,241,245,486
740560724,258,390,648
740560725,301,390,691
740560726,484,524,1008
740560801,304,746,1050
740560802,404,951,1355
740560803,295,377,672
740560804,322,406,728
740560805,281,466,747
740560806,126,206,332
740560807,293,505,798
740560808,328,531,859
740560809,302,406,708
740560810,375,552,927
740560811,190,303,493
740560812,333,538,871
740560813,320,437,757
740560814,302,407,709
740560815,293,354,647
740560901,336,437,773
740560902,337,634,971
740560903,325,531,856
740560904,205,275,480
740560905,250,485,735
740560906,303,516,819
740560907,305,605,910
740560908,376,664,1040
740560909,283,470,753
740560910,374,634,1008
740560911,285,410,695
740560912,197,313,510
740560913,108,86,194
740560914,324,376,700
740560915,362,442,804
740560916,217,214,431
740561001,329,441,770
740561002,250,308,558
740561003,459,474,933
740561004,331,459,790
740561005,492,633,1125
740561006,493,551,1044
740561007,437,650,1087
740561008,274,400,674
740561009,170,286,456
740561010,430,480,910
740561011,557,612,1169
740561012,528,704,1232
740561013,408,387,795
740561014,373,343,716
740561015,454,359,813
740561016,394,342,736
740561017,398,376,774
740561018,395,408,803
740561101,332,494,826
740561102,494,601,1095
740561103,418,564,982
740561104,283,392,675
740561105,227,335,562
740561106,158,344,502
740561107,353,410,763
740561108,279,253,532
740561109,196,267,463
740561110,211,230,441
740561111,208,194,402
740561112,291,237,528
740561113,265,241,506
740561114,212,141,353
740561115,176,159,335
740561116,195,140,335
740561117,273,243,516
740561118,469,640,1109
740561119,258,447,705
740561120,292,432,724
740561121,350,340,690
740561122,429,564,993
740561201,550,1196,1746
740561202,367,768,1135
740561203,590,954,1544
740561204,642,851,1493
740561205,328,479,807
740561206,303,505,808
740561207,326,318,644
740561208,284,216,500
740561209,273,359,632
740561210,220,360,580
740561211,272,289,561
740561212,315,385,700
740561213,386,645,1031
740561214,412,568,980
740561215,542,837,1379
740561216,569,850,1419
740561217,179,302,481
740561218,46,72,118
740561219,276,359,635
740561220,323,499,822
740561301,232,217,449
740561302,221,234,455
740561303,280,256,536
740561304,283,228,511
740561305,299,241,540
740561306,178,173,351
740561307,391,329,720
740561308,376,414,790
740561309,418,365,783
740561310,284,296,580
740561311,446,494,940
740561312,327,374,701
740561401,199,224,423
740561402,227,205,432
740561403,392,406,798
740561404,456,360,816
740561405,527,414,941
740561406,524,512,1036
740561407,224,392,616
740561408,353,500,853
740561409,382,398,780
740561410,210,220,430
740561411,265,220,485
740561412,311,306,617
740561413,399,351,750
740561414,355,706,1061
740561415,487,576,1063
740561416,404,692,1096
740561417,489,680,1169
740561418,381,794,1175
740561501,398,786,1184
740561502,298,585,883
740561503,445,758,1203
740561504,176,247,423
740561505,339,505,844
740561506,385,652,1037
740561507,446,723,1169
740561508,520,673,1193
740561509,330,528,858
740561510,331,557,888
740561511,400,616,1016
740561512,424,633,1057
740561513,447,711,1158
740561514,394,632,1026
740561515,130,280,410
740561601,116,160,276
740561602,76,70,146
740561603,41,64,105
740561701,41,49,90
740561702,5,3,8
740561703,9,10,19
740561704,13,54,67
740561705,21,45,66
740561706,4,7,11
740561707,244,559,803
740561801,4,6,10
740561802,70,113,183
740561803,8,28,36
740561804,10,16,26
740561805,4,9,13
740561901,43,49,92
740561902,62,78,140
740561903,5,11,16
740561904,7,2,9
740630101,103,105,208
740630102,284,342,626
740630201,121,134,255
740630202,207,213,420
740630301,191,243,434
740630302,73,91,164
740630303,91,144,235
740630304,81,84,165
740630305,81,128,209
740630401,141,145,286
740630402,148,229,377
740630501,57,48,105
740630502,17,31,48
740630503,161,216,377
740630504,114,183,297
780070101,15,18,33
780070201,19,30,49
780070301,10,4,14
780070302,8,11,19
780070401,53,67,120
780070501,433,476,909
780070502,609,688,1297
780070503,518,668,1186
780070504,222,195,417
780070505,683,970,1653
780070601,320,311,631
780070602,699,804,1503
780070603,382,445,827
780070604,366,504,870
780140101,29,27,56
780140102,82,61,143
780140103,565,737,1302
780140104,479,983,1462
780140105,329,516,845
780140106,673,1279,1952
780140107,400,680,1080
780140108,509,876,1385
780140109,815,1206,2021
780140201,256,197,453
780140202,364,663,1027
780140203,648,1016,1664
780140204,538,817,1355
780140205,412,747,1159
780140206,480,841,1321
780140207,391,549,940
780140208,508,1086,1594
780140209,204,291,495
780140210,477,763,1240
780140211,504,1115,1619
780140212,522,1233,1755
780140213,504,846,1350
780140214,365,471,836
780140215,44,38,82
780140216,454,1082,1536
780140217,318,477,795
780140218,424,714,1138
780140219,447,854,1301
780140220,438,542,980
780140221,442,961,1403
780140222,388,902,1290
780140301,13,18,31
780140302,21,16,37
780140303,83,109,192
780140304,346,736,1082
780140305,564,1111,1675
780140401,14,24,38
780140402,138,131,269
780140403,189,180,369
780140501,31,20,51
780140502,44,74,118
780140503,14,38,52
780140504,302,404,706
780140505,668,1091,1759
780140506,303,676,979
780140507,454,741,1195
780140601,18,16,34
780140701,33,14,47
780140801,243,261,504
780140802,521,570,1091
780140803,503,622,1125
780140804,492,591,1083
780140805,483,640,1123
780140901,652,1126,1778
780140902,542,737,1279
780140903,344,430,774
780140904,290,348,638
780140905,416,448,864
780140906,532,759,1291
780140907,343,356,699
780140908,564,826,1390
780140909,415,551,966
780140910,386,697,1083
780140911,432,609,1041
780140912,435,844,1279
780140913,407,655,1062
780140914,368,509,877
780141001,313,454,767
780141101,606,729,1335
780141102,395,421,816
780141103,185,194,379
780141104,394,386,780
780141105,196,186,382
780141106,272,248,520
780141107,334,247,581
780141108,538,653,1191
780141109,401,333,734
780141110,302,385,687
780141111,498,792,1290
780141112,440,545,985
780141113,447,475,922
780141114,401,526,927
780141115,478,552,1030
780141116,311,399,710
780141117,342,380,722
780141118,210,187,397
780141119,255,283,538
780141120,579,799,1378
780141121,347,379,726
780141122,313,405,718
780141123,309,340,649
780141124,270,255,525
780141125,250,337,587
780141201,338,474,812
780141202,440,464,904
780141203,597,788,1385
780141204,347,466,813
780141205,268,317,585
780141206,460,507,967
780141207,495,513,1008
780141208,383,518,901
780210101,141,135,276
780210102,16,15,31
780210201,28,52,80
780210301,47,45,92
780210401,201,180,381
780210402,58,56,114
780210403,54,54,108
780210404,45,37,82
780210405,440,653,1093
780210406,40,70,110
780210501,30,29,59
780210601,66,81,147
780210701,147,117,264
780210702,82,179,261
780210703,30,22,52
780210704,304,275,579
780210705,4,20,24
780210706,56,126,182
780210801,402,632,1034
780210802,805,1139,1944
780210803,145,196,341
780210804,349,369,718
780210805,439,469,908
780210806,486,633,1119
780210807,546,1155,1701
780210901,607,824,1431
780210902,744,1104,1848
780210903,685,1173,1858
780211001,309,370,679
780211002,478,670,1148
780211003,249,318,567
780211004,265,261,526
780211005,226,198,424
780211006,222,270,492
780211007,167,207,374
780211008,397,441,838
780211009,189,272,461
780211010,345,808,1153
780211011,401,564,965
780211012,365,487,852
780211013,240,295,535
780211014,412,474,886
780211015,217,197,414
780211016,286,297,583
780211101,322,278,600
780211102,279,237,516
780211103,495,462,957
780211104,180,159,339
780211105,524,658,1182
780211106,361,271,632
780211107,307,208,515
780211108,205,198,403
780211109,427,354,781
780211110,250,214,464
780211111,249,319,568
780211112,330,555,885
780211113,322,490,812
780211114,381,392,773
780211115,415,420,835
780211116,237,233,470
780211117,212,193,405
780211118,293,437,730
780211119,147,131,278
780211120,390,359,749
780211121,248,352,600
780211122,344,601,945
780211123,345,554,899
780211201,487,471,958
780211202,258,275,533
780211203,258,329,587
780211204,353,475,828
780211205,549,538,1087
780211206,209,214,423
780211207,469,616,1085
780211208,433,635,1068
780211209,458,498,956
780211210,330,581,911
780211211,334,339,673
780211212,545,590,1135
780211213,269,357,626
780211214,291,425,716
780211215,290,351,641
780211216,302,481,783
780211217,301,406,707
780211218,278,292,570
780211219,281,403,684
780211220,479,684,1163
780211221,751,1245,1996
780211301,394,523,917
780211302,262,340,602
780211303,189,437,626
780211304,556,597,1153
780211305,492,929,1421
780211306,615,1246,1861
780211307,566,1150,1716
780211308,510,1062,1572
780211309,379,717,1096
780211310,421,598,1019
780211311,282,686,968
780211312,637,1436,2073
780211313,194,283,477
780211314,297,577,874
780211315,410,1114,1524
780211316,72,63,135
780211317,585,981,1566
780211318,234,219,453
780211319,196,299,495
780211320,615,1136,1751
780211321,363,635,998
780211322,375,820,1195
780211401,439,819,1258
780211402,428,524,952
780211403,359,496,855
780211404,278,420,698
780211405,276,360,636
780211406,424,531,955
780211407,470,622,1092
780211408,403,545,948
780211409,374,468,842
780211410,393,643,1036
780211411,307,422,729
780211412,285,376,661
780211413,154,256,410
780211414,546,669,1215
780211415,365,418,783
780280101,20,13,33
780280102,47,23,70
780280103,855,617,1472
780280201,7,4,11
780280301,7,5,12
780280401,26,36,62
780280402,122,128,250
780280501,30,25,55
780280502,10,9,19
780280503,642,572,1214
780280504,943,1263,2206
780280505,144,178,322
780280506,398,174,572
780280507,4,3,7
780280508,36,33,69
780280509,37,68,105
780280510,663,394,1057
780280511,13,19,32
780280512,98,47,145
780280513,749,941,1690
780280514,473,698,1171
780280601,9,7,16
780280701,552,308,860
780280702,416,412,828
780280703,544,588,1132
780280704,672,591,1263
780280705,374,360,734
780280706,572,403,975
780350101,7,10,17
780350102,10,9,19
780350201,294,154,448
780350301,79,66,145
780350401,22,22,44
780350402,272,334,606
780350403,522,670,1192
780350404,411,688,1099
780350501,47,27,74
780350601,240,317,557
780350602,554,635,1189
780350603,524,703,1227
780350604,333,415,748
780350605,99,155,254
780420101,26,39,65
780420201,282,258,540
780420202,165,389,554
780420203,139,326,465
780420301,388,437,825
780420302,470,430,900
780420303,151,134,285
780420304,338,357,695
780420305,462,635,1097
780420306,657,824,1481
780420307,429,566,995
780490101,54,64,118
780490102,14,17,31
780490103,95,133,228
780490201,30,10,40
780490301,97,58,155
780490401,4,11,15
780490501,565,1017,1582
780490502,707,795,1502
780490503,370,392,762
820070101,115,79,194
820070102,171,175,346
820070103,591,523,1114
820070104,94,111,205
820070201,480,366,846
820070202,494,500,994
820070203,445,322,767
820070204,600,627,1227
820070205,437,577,1014
820070206,351,327,678
820070207,370,281,651
820070208,712,788,1500
820070209,123,129,252
820070210,415,467,882
820070211,544,641,1185
820070212,144,131,275
820070213,376,256,632
820070214,322,257,579
820070215,315,218,533
820070216,452,661,1113
820070217,353,315,668
820070301,461,309,770
820070302,597,461,1058
820070303,542,371,913
820070304,521,354,875
820070305,552,578,1130
820070306,500,569,1069
820070307,173,118,291
820070308,322,336,658
820070309,144,90,234
820070310,785,561,1346
820070311,458,350,808
820070312,643,421,1064
820070313,380,334,714
820070314,368,312,680
820070315,459,433,892
820070401,337,362,699
820070402,290,201,491
820070403,476,298,774
820070404,339,277,616
820070405,391,283,674
820070406,424,383,807
820070407,445,492,937
820070408,471,497,968
820070409,667,790,1457
820070410,351,285,636
820070411,345,219,564
820070412,589,608,1197
820070413,373,574,947
820070414,459,394,853
820140101,561,588,1149
820140102,634,536,1170
820140103,434,325,759
820140104,365,217,582
820140105,438,299,737
820140106,602,341,943
820140107,477,449,926
820140108,377,390,767
820140109,666,452,1118
820140110,662,475,1137
820140111,500,450,950
820140112,599,455,1054
820140113,479,382,861
820140114,557,415,972
820140115,703,507,1210
820140116,376,347,723
820140117,411,320,731
820140118,9,9,18
820140119,31,33,64
820140120,53,47,100
820140121,69,51,120
820140122,32,18,50
820140123,10,7,17
820140124,37,25,62
820140125,29,15,44
820140126,66,57,123
820140127,49,30,79
820140128,98,75,173
820140129,57,77,134
820140130,430,249,679
820140201,75,56,131
820140202,59,46,105
820140203,454,324,778
820140204,714,716,1430
820140205,448,309,757
820140206,503,384,887
820140207,510,394,904
820140208,398,269,667
820140209,359,219,578
820140210,442,300,742
820140211,371,228,599
820140212,296,191,487
820140213,289,181,470
820140214,290,214,504
820140215,255,138,393
820140216,328,212,540
820140217,335,237,572
820140218,617,588,1205
820140219,372,383,755
820140301,351,186,537
820140302,389,250,639
820140303,543,393,936
820140304,338,166,504
820140305,439,293,732
820140306,123,146,269
820140307,728,744,1472
820140308,333,438,771
820140309,376,347,723
820140310,379,358,737
820140311,355,396,751
820140312,51,45,96
820140401,429,385,814
820140402,537,312,849
820140403,507,395,902
820140404,524,347,871
820140405,446,338,784
820140406,503,561,1064
820140407,432,367,799
820140408,520,538,1058
820140409,366,194,560
820140410,470,410,880
820140411,500,320,820
820140412,510,455,965
820140413,25,18,43
820140414,5,6,11
820140415,127,142,269
820140416,119,145,264
820140417,85,87,172
820140418,144,82,226
820140419,546,348,894
820140420,423,252,675
820140501,23,11,34
820140502,56,62,118
820140503,575,509,1084
820140504,576,349,925
820140505,123,93,216
820140506,551,411,962
820140507,480,281,761
820140508,511,283,794
820140509,324,266,590
820140510,587,330,917
820140511,520,377,897
820140512,28,17,45
820140513,307,284,591
820140514,491,416,907
820140515,36,20,56
820140516,39,23,62
820140517,527,457,984
820140518,266,273,539
820140519,413,302,715
820140520,14,14,28
820140521,5,7,12
820140522,11,12,23
820140523,332,295,627
820140524,222,252,474
820140601,941,1447,2388
820140602,728,525,1253
820140603,293,218,511
820140604,525,436,961
820140605,597,787,1384
820140606,382,389,771
820140607,615,512,1127
820140608,504,438,942
820140609,494,683,1177
820140610,20,15,35
820140611,45,21,66
820149001,51,22,73
820210101,76,64,140
820210102,34,29,63
820210103,591,690,1281
820210104,429,385,814
820210105,332,275,607
820210106,447,366,813
820210107,396,328,724
820210108,165,199,364
820210109,58,51,109
820210110,570,473,1043
820210111,141,150,291
820210112,247,233,480
820210113,83,77,160
820210114,82,64,146
820210115,303,249,552
820210116,164,163,327
820210117,122,139,261
820210118,298,371,669
820210119,730,672,1402
820210120,130,133,263
820210121,92,76,168
820210122,76,94,170
820210123,151,108,259
820210124,552,581,1133
820210125,18,48,66
820210126,85,95,180
820210127,64,63,127
820210128,190,169,359
820210129,64,74,138
820210130,93,91,184
820210131,102,105,207
820210132,133,137,270
820210133,466,485,951
820210134,439,531,970
820210201,671,467,1138
820210202,554,398,952
820210203,586,351,937
820210204,622,462,1084
820210205,598,675,1273
820210206,499,381,880
820210207,549,559,1108
820210208,486,357,843
820210209,613,450,1063
820210210,507,388,895
820210211,443,388,831
820210212,612,593,1205
820210213,318,179,497
820210214,467,383,850
820210215,867,787,1654
820210216,507,426,933
820210217,646,915,1561
820210218,580,575,1155
820210301,31,16,47
820210302,772,742,1514
820210303,95,121,216
820210304,151,147,298
820210305,663,586,1249
820210306,90,140,230
820210307,93,100,193
820210308,121,124,245
820210309,16,12,28
820210310,215,235,450
820210311,293,265,558
820210312,55,44,99
820210313,466,413,879
820210314,148,144,292
820210315,110,92,202
820210316,38,50,88
820210317,568,418,986
820210318,498,433,931
820210319,96,129,225
820210320,158,104,262
820210321,627,474,1101
820210322,139,149,288
820210323,77,64,141
820210324,45,66,111
820210325,51,43,94
820210326,65,59,124
820210327,272,290,562
820210328,74,72,146
820210329,81,99,180
820210330,76,71,147
820210331,99,60,159
820210332,130,105,235
820210333,209,219,428
820210401,712,741,1453
820210402,380,390,770
820210403,330,229,559
820210404,474,421,895
820210405,321,276,597
820210406,574,655,1229
820210407,218,201,419
820210408,470,390,860
820210409,465,395,860
820210410,217,161,378
820210411,449,293,742
820210412,349,230,579
820210413,393,262,655
820210414,441,283,724
820210415,483,372,855
820210416,1272,1796,3068
820210417,558,884,1442
820210418,620,807,1427
820210419,499,791,1290
820210420,328,379,707
820210421,290,274,564
820210422,1307,2139,3446
820210501,446,628,1074
820210502,510,641,1151
820210503,553,565,1118
820210504,364,393,757
820210505,727,696,1423
820210506,438,448,886
820210507,328,259,587
820210508,542,332,874
820210509,403,205,608
820210510,317,171,488
820210511,407,245,652
820210512,520,757,1277
820210513,761,923,1684
820210514,609,764,1373
820210601,571,540,1111
820210602,509,309,818
820210603,400,255,655
820210604,382,305,687
820210605,552,411,963
820210606,415,319,734
820210607,609,451,1060
820210608,549,496,1045
820210609,597,617,1214
820210610,512,559,1071
820210611,549,694,1243
820210612,578,524,1102
820210613,436,368,804
820210614,535,496,1031
820210615,215,190,405
820210616,1373,1272,2645
820210617,416,322,738
820210618,593,602,1195
820210619,632,718,1350
820210620,616,619,1235
820210701,341,272,613
820210702,615,1169,1784
820210703,63,46,109
820210704,85,86,171
820210705,44,52,96
820210706,319,276,595
820210707,370,380,750
820210708,5,11,16
820210709,48,69,117
820210710,412,303,715
820210711,67,55,122
820210712,503,365,868
820210713,349,277,626
820210714,84,83,167
820210715,38,45,83
820210716,44,49,93
820210717,522,731,1253
820210718,463,669,1132
820210719,341,488,829
820210720,318,437,755
820210721,321,480,801
820210722,735,1001,1736
820210723,12,7,19
820210724,328,460,788
820210725,266,360,626
820210726,350,586,936
820210801,254,192,446
820210802,442,311,753
820210803,399,272,671
820210804,438,275,713
820210805,428,320,748
820210806,294,232,526
820210807,563,701,1264
820210808,389,425,814
820210809,442,441,883
820210810,505,490,995
820210811,517,374,891
820210812,265,207,472
820210813,386,552,938
820210814,580,534,1114
820210815,408,491,899
820210901,621,392,1013
820210902,530,368,898
820210903,496,422,918
820210904,761,756,1517
820210905,342,305,647
820210906,382,264,646
820210907,483,357,840
820210908,108,74,182
820210909,416,248,664
820210910,274,214,488
820210911,508,546,1054
820210912,645,553,1198
820210913,349,320,669
820210914,419,333,752
820211001,79,135,214
820211002,310,236,546
820211003,114,97,211
820211004,57,63,120
820211005,77,71,148
820211006,615,523,1138
820211007,617,378,995
820211008,773,494,1267
820211009,599,458,1057
820211010,22,21,43
820211011,75,64,139
820211012,101,134,235
820211013,692,695,1387
820211014,473,483,956
820211015,583,397,980
820211016,389,247,636
820211017,555,343,898
820211018,459,306,765
820280101,771,628,1399
820280102,364,222,586
820280103,333,216,549
820280104,691,559,1250
820280105,818,820,1638
820280106,32,18,50
820280107,214,193,407
820280108,403,341,744
820280109,367,195,562
820280110,123,122,245
820280111,71,54,125
820280112,522,403,925
820280113,592,327,919
820280114,409,389,798
820280115,20,10,30
820280116,23,16,39
820280117,484,356,840
820280118,31,25,56
820280119,55,41,96
820280120,268,155,423
820280121,355,231,586
820280122,419,277,696
820280123,303,186,489
820280124,353,288,641
820280201,893,779,1672
820280202,91,48,139
820280203,187,162,349
820280204,490,296,786
820280205,629,689,1318
820280206,55,41,96
820280207,434,301,735
820280208,121,127,248
820280209,171,141,312
820280210,25,27,52
820280211,514,415,929
820280212,338,388,726
820280213,16,17,33
820280214,337,246,583
820280215,33,27,60
820280216,353,214,567
820280217,45,37,82
820280218,15,18,33
820280219,18,16,34
820280220,380,265,645
820280221,418,262,680
820280301,671,1185,1856
820280302,481,439,920
820280303,509,522,1031
820280304,446,378,824
820280305,413,310,723
820280306,554,708,1262
820280307,554,457,1011
820280308,486,382,868
820280309,985,1353,2338
820280310,73,75,148
820280311,408,371,779
820280312,145,238,383
820280313,241,199,440
820280314,245,194,439
820280315,116,66,182
820280316,334,245,579
820280317,64,41,105
820280318,471,479,950
820280319,207,185,392
820280320,322,322,644
820280321,326,264,590
820280322,202,378,580
820280323,82,58,140
820280324,346,501,847
820280325,57,39,96
820280326,753,784,1537
820280327,133,143,276
820280401,461,537,998
820280402,384,365,749
820280403,491,510,1001
820280404,485,559,1044
820280405,424,602,1026
820280406,394,270,664
820280407,461,369,830
820280408,380,303,683
820280409,463,343,806
820280410,718,682,1400
820280411,413,358,771
820280412,516,457,973
820280413,587,514,1101
820280414,606,596,1202
820280415,458,454,912
820280501,334,606,940
820280502,323,264,587
820280503,355,398,753
820280504,435,377,812
820280505,581,737,1318
820280506,729,950,1679
820280507,461,433,894
820280508,591,675,1266
820280509,484,641,1125
820280510,291,326,617
820280511,661,605,1266
820280512,684,1023,1707
820280513,526,793,1319
820280514,527,613,1140
820280515,460,815,1275
820280516,364,348,712
820280517,653,858,1511
820289201,79,58,137
820350101,172,156,328
820350102,330,476,806
820350103,70,98,168
820350104,10,14,24
820350105,27,12,39
820350106,318,513,831
820350107,25,28,53
820350108,132,195,327
820350109,128,107,235
820350110,235,247,482
820350111,578,567,1145
820350112,333,602,935
820350113,463,599,1062
820350114,589,511,1100
820350115,22,36,58
820350116,214,283,497
820350117,416,408,824
820350201,8,3,11
820350202,751,1015,1766
820350203,41,48,89
820350204,19,28,47
820350205,78,57,135
820350206,166,238,404
820350207,380,524,904
820350208,106,168,274
820350209,341,637,978
820350210,566,463,1029
820350211,730,884,1614
820350212,534,601,1135
820350213,422,505,927
820420101,52,32,84
820420102,311,274,585
820420103,393,340,733
820420104,158,158,316
820420105,44,29,73
820420106,86,79,165
820420107,457,472,929
820420108,646,556,1202
820420109,617,462,1079
820420110,230,225,455
820420111,470,447,917
820420112,465,333,798
820420113,82,76,158
820420115,388,260,648
820420116,156,127,283
820420117,160,198,358
820420118,78,99,177
820420119,160,155,315
820420120,68,51,119
820420121,94,160,254
820420122,427,422,849
820420123,318,380,698
820420124,142,155,297
820420201,97,106,203
820420202,184,255,439
820420203,70,83,153
820420204,106,87,193
820420205,466,467,933
820420206,411,586,997
820420207,336,260,596
820420208,273,319,592
820420209,69,26,95
820420210,237,276,513
820420211,161,145,306
820420212,353,385,738
820420213,423,300,723
820420214,543,631,1174
820420215,596,582,1178
820420216,151,125,276
820420217,143,115,258
820420218,177,176,353
820420219,545,523,1068
820420220,492,389,881
820420221,621,462,1083
820420222,498,373,871
820420301,89,74,163
820420302,207,214,421
820420303,91,66,157
820420304,111,79,190
820420305,145,155,300
820420306,108,89,197
820420307,70,50,120
820420308,237,275,512
820420309,187,206,393
820420310,347,286,633
820420311,379,348,727
820420312,474,538,1012
820420313,728,708,1436
820420314,377,514,891
820420315,341,442,783
820420316,592,521,1113
820420317,363,262,625
820420318,468,567,1035
820420319,238,232,470
820420320,46,23,69
820420321,41,55,96
820420322,32,31,63
820420323,321,447,768
820420324,314,249,563
820420401,626,410,1036
820420402,741,893,1634
820420403,626,807,1433
820420404,647,562,1209
820420405,333,231,564
820420406,467,301,768
820420407,328,212,540
820420408,677,472,1149
820420409,428,243,671
820420410,303,181,484
820420411,281,152,433
820420412,297,224,521
820420413,532,521,1053
820420414,436,260,696
820420415,481,444,925
820420416,289,208,497
820420417,716,505,1221
820420418,485,312,797
820420419,332,501,833
820420420,67,43,110
820420421,615,430,1045
820420501,654,502,1156
820420502,570,368,938
820420503,704,608,1312
820420504,274,197,471
820420505,403,245,648
820420506,505,425,930
820420507,494,306,800
820420508,622,610,1232
820420509,279,209,488
820420601,395,410,805
820420602,379,403,782
820420603,491,486,977
820420604,527,492,1019
820420605,445,414,859
820420606,550,517,1067
820420607,518,301,819
820420608,491,297,788
820420609,160,131,291
820420610,574,476,1050
820420611,542,277,819
820420612,488,277,765
820420613,448,313,761
820420614,393,257,650
820420615,143,94,237
820420616,359,300,659
820420617,324,359,683
820420618,357,375,732
820420619,370,537,907
820420620,482,417,899
820420621,352,290,642
820420622,368,217,585
820420701,396,436,832
820420702,310,452,762
820420703,271,345,616
820420704,492,678,1170
820420705,585,670,1255
820420706,487,490,977
820420707,503,414,917
820420708,335,249,584
820420709,346,267,613
820420710,459,330,789
820420711,464,440,904
820420712,459,341,800
820420713,367,178,545
820420714,552,360,912
820420715,584,772,1356
820420716,612,645,1257
820420717,565,686,1251
820420718,356,307,663
820420719,288,241,529
820420720,277,375,652
820420721,303,349,652
820420801,386,358,744
820420802,496,346,842
820420803,294,183,477
820420804,332,225,557
820420805,541,342,883
820420806,481,359,840
820420807,416,219,635
820420808,387,250,637
820420809,454,324,778
820420810,442,364,806
820420811,415,459,874
820420901,564,725,1289
820420902,400,452,852
820420903,701,695,1396
820420904,331,259,590
820420905,477,473,950
820420906,705,955,1660
820420907,503,454,957
820420908,352,247,599
820420909,616,385,1001
820420910,256,135,391
820420911,383,248,631
820420912,339,269,608
820420913,316,285,601
820420914,404,285,689
820420915,288,242,530
820420916,692,717,1409
820420917,444,629,1073
820420918,398,253,651
820420919,512,608,1120
820420920,386,526,912
820420921,606,736,1342
820420922,567,823,1390
820420923,639,795,1434
820420924,315,247,562
820420925,384,311,695
820420926,313,321,634
820421001,368,354,722
820421002,575,672,1247
820421003,437,374,811
820421004,478,469,947
820421005,338,481,819
820421006,299,395,694
820421007,424,450,874
820421008,557,703,1260
820421009,281,399,680
820421010,567,740,1307
820421011,918,1307,2225
820421012,409,534,943
820421013,376,433,809
820421014,281,306,587
820421015,476,564,1040
820421016,623,853,1476
820421102,16,30,46
820421103,152,173,325
820421104,27,34,61
820421105,447,359,806
820421106,518,422,940
820421107,44,39,83
820421108,365,285,650
820421109,459,283,742
820421110,292,268,560
820421111,287,235,522
820421112,330,252,582
820421113,379,269,648
820421114,407,244,651
820421115,505,283,788
820421116,501,448,949
820421117,137,105,242
820421118,441,366,807
820421119,365,286,651
820421120,412,322,734
820421121,309,294,603
820421201,138,103,241
820421202,100,88,188
820421203,624,691,1315
820421204,470,400,870
820421205,435,317,752
820421206,401,240,641
820421207,372,316,688
820421208,568,491,1059
820421209,173,121,294
820421210,660,693,1353
820421211,500,332,832
820421212,625,437,1062
820421213,430,388,818
820421214,595,442,1037
820421215,44,34,78
820421216,477,374,851
820429101,28,9,37
820490101,447,1117,1564
820490102,800,1355,2155
820490103,173,339,512
820490104,10,4,14
820490105,97,197,294
820490106,31,62,93
820490107,287,447,734
820490108,638,665,1303
820490109,475,706,1181
820490110,251,480,731
820490111,76,123,199
820490112,572,855,1427
820490113,54,92,146
820490114,116,229,345
820490115,64,83,147
820490116,937,1734,2671
820490117,530,606,1136
820490118,477,662,1139
820490119,390,494,884
820490120,21,21,42
820490121,889,1300,2189
820490122,60,152,212
820490123,714,1402,2116
820490124,557,515,1072
820490125,446,560,1006
820490126,86,96,182
820490127,257,398,655
820490128,535,663,1198
820490201,278,493,771
820490202,310,493,803
820490203,42,45,87
820490204,4,11,15
820490205,31,73,104
820490206,9,18,27
820490207,10,8,18
820490208,14,12,26
820490209,32,48,80
820490210,55,107,162
820490211,9,15,24
820490212,28,15,43
820490213,280,502,782
820490301,396,636,1032
820490302,531,586,1117
820490303,462,385,847
820490304,440,376,816
820490305,651,735,1386
820490306,429,513,942
820490307,141,208,349
820490308,864,1437,2301
820490309,17,14,31
820490310,109,185,294
820490311,224,394,618
820490312,54,73,127
820490313,126,210,336
820490314,35,50,85
820490315,141,209,350
820490316,16,24,40
820490317,31,51,82
820490318,34,32,66
820490319,86,83,169
820490320,12,18,30
820490321,32,48,80
820490322,14,34,48
820490323,116,153,269
820490324,179,297,476
820490325,48,75,123
820490326,793,1254,2047
820490327,106,122,228
820490328,141,177,318
820490329,453,518,971
820490330,461,362,823
820490331,467,354,821
820490332,504,400,904
820490333,471,611,1082
820490334,417,562,979
820490401,62,65,127
820490402,111,183,294
820490403,215,236,451
820490404,174,191,365
820490405,75,103,178
820490406,330,318,648
820490407,37,69,106
820490408,361,593,954
820490409,128,141,269
820490410,172,168,340
820490411,153,274,427
820490412,155,286,441
820490413,125,157,282
820490414,9,21,30
820490415,79,111,190
820490416,239,439,678
820490417,12,11,23
820490418,108,234,342
820490419,2,12,14
820490501,23,48,71
820490502,80,189,269
820490503,51,83,134
820490504,157,312,469
820490505,91,147,238
820490506,94,172,266
820490507,120,163,283
820490508,60,112,172
820490509,401,474,875
820490510,1012,1949,2961
820490511,443,524,967
820490512,472,595,1067
820490513,543,431,974
820490514,749,1343,2092
820490515,392,484,876
820490516,575,669,1244
820490517,362,393,755
820490518,412,511,923
820490519,1,5,6
820490520,0,6,6
820490521,304,272,576
820490522,495,516,1011
820490523,770,1551,2321
820490524,601,763,1364
820490525,457,418,875
820490526,430,413,843
820490527,715,910,1625
820490601,314,335,649
820490602,383,418,801
820490603,626,698,1324
820490604,606,607,1213
820490605,538,530,1068
820490606,411,405,816
820490607,377,612,989
820490608,675,1470,2145
820490609,169,171,340
820490610,535,407,942
820490611,432,301,733
820490612,309,201,510
820490613,473,329,802
820490614,296,191,487
820490615,320,269,589
820490616,471,341,812
820490701,399,565,964
820490702,382,431,813
820490703,272,313,585
820490704,357,349,706
820490705,373,509,882
820490706,622,612,1234
820490707,627,861,1488
820490708,635,664,1299
820490709,592,478,1070
820490710,385,309,694
820490711,337,293,630
820490712,644,465,1109
820490713,277,203,480
820490714,354,285,639
820490715,644,754,1398
820490716,571,920,1491
820490717,620,858,1478
820490718,876,1554,2430
820490719,511,1416,1927
820490801,188,241,429
820490802,41,189,230
820490803,139,247,386
820490804,1,11,12
820490805,12,13,25
820490806,110,104,214
820490807,105,154,259
820490808,95,162,257
820490809,99,237,336
820490810,305,627,932
820490811,25,14,39
820490812,79,95,174
820490813,12,17,29
820490814,94,160,254
820490815,55,70,125
820490816,19,39,58
820490817,68,101,169
820490818,141,293,434
820490819,117,146,263
820490901,155,131,286
820490902,51,49,100
820490903,157,221,378
820490904,164,142,306
820490905,168,166,334
820490906,760,846,1606
820490907,394,249,643
820490908,427,413,840
820490909,125,103,228
820490910,178,158,336
820490911,126,203,329
820490912,74,152,226
820490913,245,484,729
820490914,476,452,928
820490915,477,523,1000
820490916,484,287,771
820491001,362,415,777
820491002,355,406,761
820491003,430,553,983
820491004,484,700,1184
820491005,590,768,1358
820491006,420,776,1196
820491007,920,1679,2599
820491008,505,738,1243
820491009,477,617,1094
820491010,455,609,1064
820491011,558,906,1464
820491012,430,631,1061
820491013,367,496,863
820491014,844,1194,2038
820491015,578,973,1551
820491016,542,1075,1617
820491017,617,1100,1717
820491018,545,633,1178
820491019,656,1269,1925
820560101,492,431,923
820560102,94,78,172
820560103,503,464,967
820560104,348,229,577
820560105,510,524,1034
820560106,154,131,285
820560107,124,80,204
820560108,468,415,883
820560109,458,253,711
820560110,153,182,335
820560111,385,354,739
820560112,202,178,380
820560113,204,159,363
820560114,114,77,191
820560115,388,397,785
820560116,329,211,540
820560117,453,393,846
820560118,187,242,429
820560201,246,288,534
820560202,471,429,900
820560203,340,244,584
820560204,513,471,984
820560205,553,436,989
820560206,504,485,989
820560207,231,321,552
820560208,298,226,524
820560209,146,179,325
820560210,463,387,850
820560211,118,88,206
820560212,155,162,317
820560213,145,151,296
820560214,195,240,435
820560215,679,687,1366
820560216,333,280,613
820560217,369,287,656
820560218,459,438,897
820560219,406,387,793
820560301,500,498,998
820560302,229,166,395
820560303,771,788,1559
820560304,333,238,571
820560305,648,528,1176
820560306,365,294,659
820560307,466,279,745
820560308,308,337,645
820560309,359,325,684
820560310,297,198,495
820560311,821,596,1417
820560312,163,136,299
820560313,178,103,281
820560314,137,124,261
820560401,586,605,1191
820560402,635,476,1111
820560403,523,378,901
820560404,432,267,699
820560405,625,385,1010
820560406,458,261,719
820560407,228,169,397
820560408,423,261,684
820560409,508,306,814
820560410,370,264,634
820560411,445,315,760
820560412,325,245,570
820560413,273,128,401
820560414,772,715,1487
820560415,353,368,721
820560501,237,168,405
820560502,819,581,1400
820560503,481,378,859
820560504,434,276,710
820560505,591,399,990
820560506,359,290,649
820560507,662,838,1500
820560508,261,210,471
820560509,569,678,1247
820560510,404,508,912
820560511,582,715,1297
820560512,448,456,904
820560513,381,370,751
820560514,476,358,834
820560515,340,275,615
820560516,390,373,763
820630101,350,281,631
820630102,21,27,48
820630103,515,455,970
820630104,427,406,833
820630105,551,417,968
820630106,153,160,313
820630107,438,347,785
820630108,124,133,257
820630109,409,480,889
820630110,462,753,1215
820630111,158,307,465
820630112,115,118,233
820630113,72,64,136
820630114,158,139,297
820630115,71,68,139
820630116,38,36,74
820630117,42,58,100
820630118,387,446,833
820630119,580,527,1107
820630120,450,430,880
820630121,328,290,618
820630122,559,516,1075
820630123,376,335,711
820630124,373,394,767
820630125,435,545,980
820630126,747,705,1452
820630127,452,376,828
820630128,365,947,1312
820630129,770,953,1723
820630201,113,147,260
820630202,44,56,100
820630203,19,39,58
820630204,490,513,1003
820630205,401,405,806
820630206,470,384,854
820630207,561,462,1023
820630208,647,928,1575
820630209,406,301,707
820630210,418,298,716
820630211,395,334,729
820630212,581,514,1095
820630213,608,737,1345
820630214,103,119,222
820630215,122,110,232
820630216,350,326,676
820630217,31,34,65
820630218,63,87,150
820630219,49,54,103
820630220,363,628,991
820630221,689,694,1383
820630222,572,716,1288
820630223,167,282,449
820630224,158,235,393
820630225,304,424,728
820630226,111,125,236
820630227,118,127,245
820630228,136,126,262
820630229,44,25,69
820630230,40,30,70
820630231,415,506,921
820630232,558,595,1153
820630301,236,260,496
820630302,320,327,647
820630303,230,229,459
820630304,0,2,2
820630305,309,252,561
820630306,318,196,514
820630307,558,532,1090
820630308,349,461,810
820630309,474,405,879
820630310,618,718,1336
820630311,532,764,1296
820630312,572,804,1376
820630313,318,335,653
820630314,601,516,1117
820630315,291,508,799
820630316,489,666,1155
820630317,285,583,868
820630318,8,23,31
820630319,597,755,1352
820630320,2,0,2
820630321,0,0,0
820630322,451,535,986
820630323,320,370,690
820630324,608,534,1142
820630325,499,522,1021
820630326,459,385,844
820630327,310,233,543
820630401,14,45,59
820630402,604,588,1192
820630403,201,196,397
820630404,548,588,1136
820630405,116,214,330
820630406,6,3,9
820630407,435,671,1106
820630408,476,477,953
820630409,947,1830,2777
820630410,1280,1977,3257
820630411,375,598,973
820630412,823,927,1750
820630501,546,1237,1783
820630502,534,944,1478
820630503,568,754,1322
820630504,484,536,1020
820630505,332,627,959
820630506,620,1343,1963
820630507,381,808,1189
820630508,426,831,1257
820630509,593,1200,1793
820630510,497,832,1329
820630511,472,744,1216
820630512,305,356,661
820630513,486,610,1096
820630601,543,772,1315
820630602,513,496,1009
820630603,627,506,1133
820630604,512,612,1124
820630605,337,387,724
820630606,326,402,728
820630607,319,288,607
820630608,332,267,599
820630609,676,620,1296
820630610,326,289,615
820630611,429,384,813
820630612,379,404,783
820630613,406,344,750
820630614,472,450,922
820630615,455,337,792
820630616,425,406,831
820630617,405,396,801
820630618,368,245,613
820630701,319,558,877
820630702,338,319,657
820630703,306,239,545
820630704,616,489,1105
820630705,623,493,1116
820630706,653,566,1219
820630707,439,313,752
820630708,357,288,645
820630709,353,277,630
820630710,376,319,695
820630711,382,297,679
820630712,370,304,674
820630713,492,496,988
820630714,303,271,574
820630801,324,279,603
820630802,461,360,821
820630803,356,285,641
820630804,418,320,738
820630805,359,266,625
820630806,364,322,686
820630807,314,268,582
820630808,415,311,726
820630809,376,295,671
820630810,427,349,776
820630811,377,379,756
820630812,475,361,836
820630813,275,221,496
820630814,324,309,633
820630901,620,535,1155
820630902,370,313,683
820630903,571,466,1037
820630904,350,228,578
820630905,330,306,636
820630906,453,461,914
820630907,349,306,655
820630908,524,418,942
820630909,429,296,725
820630910,514,384,898
820631001,448,444,892
820631002,557,475,1032
820631003,381,317,698
820631004,301,350,651
820631005,345,329,674
820631006,338,356,694
820631007,646,688,1334
820631008,770,769,1539
820631009,489,617,1106
820631010,542,529,1071
820631011,532,549,1081
820631012,291,301,592
820631013,561,715,1276
820631101,436,870,1306
820631102,671,839,1510
820631103,493,805,1298
820631104,387,345,732
820631105,509,602,1111
820631106,866,924,1790
820631107,775,1480,2255
820631108,324,379,703
820631109,382,386,768
820631110,725,894,1619
820631111,542,762,1304
820631112,313,428,741
820631113,418,847,1265
820631114,287,652,939
820631115,481,906,1387
820631116,359,503,862
820631117,418,394,812
820631118,298,646,944
820631119,303,368,671
820631201,522,448,970
820631202,296,314,610
820631203,248,265,513
820631204,486,689,1175
820631205,326,373,699
820631206,197,271,468
820631207,588,536,1124
820631208,536,643,1179
820631209,583,509,1092
820631210,313,587,900
820631211,424,395,819
820631212,413,361,774
820631213,550,542,1092
820631214,372,493,865
820631215,341,510,851
820631301,372,396,768
820631302,510,413,923
820631303,259,195,454
820631304,403,330,733
820631305,411,301,712
820631306,337,325,662
820631307,391,365,756
820631308,329,409,738
820631309,599,901,1500
820631310,331,337,668
820631311,374,272,646
820631312,425,367,792
820631313,529,406,935
820631314,406,296,702
820631315,537,392,929
820631316,558,448,1006
820631317,533,433,966
820631318,369,320,689
820631319,332,258,590
820631320,323,283,606
820631401,381,338,719
820631402,551,483,1034
820631403,526,403,929
820631404,515,385,900
820631405,413,325,738
820631406,371,323,694
820631407,292,330,622
820631408,438,332,770
820631409,422,397,819
820631410,469,404,873
820631411,388,362,750
820631501,524,437,961
820631502,416,339,755
820631503,422,364,786
820631504,316,256,572
820631505,413,354,767
820631506,279,189,468
820631507,420,343,763
820631508,362,270,632
820631509,372,302,674
820631510,510,377,887
820631511,465,520,985
820631512,440,415,855
820631513,337,283,620
820631601,411,346,757
820631602,471,369,840
820631603,546,469,1015
820631604,342,261,603
820631605,324,266,590
820631606,352,244,596
820631607,271,244,515
820631608,555,581,1136
820631609,309,306,615
820631610,734,554,1288
820631611,391,339,730
820631612,380,302,682
820631701,506,374,880
820631702,630,631,1261
820631703,338,415,753
820631704,217,210,427
820631705,467,382,849
820631706,419,378,797
820631707,327,224,551
820631708,392,377,769
820631709,391,285,676
820631710,418,305,723
820631711,400,382,782
820631712,327,294,621
820631713,413,336,749
820631714,406,336,742
820631801,331,399,730
820631802,420,471,891
820631803,293,384,677
820631804,305,358,663
820631805,106,93,199
820631806,264,273,537
820631807,505,480,985
820631808,390,349,739
820631809,205,191,396
820631810,246,238,484
820631811,275,385,660
820631812,158,251,409
820631813,200,157,357
820631901,458,513,971
820631902,357,295,652
820631903,551,516,1067
820631904,285,214,499
820631905,333,274,607
820631906,188,192,380
820631907,478,486,964
820631908,215,373,588
820631909,529,595,1124
820631910,542,771,1313
820631911,342,408,750
820631912,317,339,656
820631913,606,1452,2058
820632001,417,318,735
820632002,175,145,320
820632003,244,269,513
820632004,77,85,162
820632005,230,162,392
820632006,302,254,556
820632007,249,199,448
820632008,434,384,818
820632009,323,386,709
820632010,464,408,872
820632011,390,303,693
820632012,402,388,790
820632101,379,288,667
820632102,407,369,776
820632103,372,267,639
820632104,533,470,1003
820632105,420,348,768
820632106,388,283,671
820632107,416,377,793
820632108,319,299,618
820632109,445,341,786
820632110,142,96,238
820632111,532,387,919
820632112,390,319,709
820632113,260,198,458
820632114,365,313,678
820632115,354,259,613
820632201,266,213,479
820632202,288,267,555
820632203,178,217,395
820632204,131,136,267
820632205,143,115,258
820632206,119,136,255
820632207,347,293,640
820632208,410,304,714
820632209,242,255,497
820632210,219,215,434
820632211,195,157,352
820632212,227,276,503
820632213,249,234,483
820632214,246,252,498
820632301,396,276,672
820632302,368,355,723
820632303,358,289,647
820632304,468,296,764
820632305,340,249,589
820632306,578,493,1071
820632307,194,159,353
820632308,466,366,832
820632309,295,309,604
820632310,456,411,867
820632311,209,202,411
820632312,357,354,711
820632313,185,128,313
820632314,384,305,689
820632401,339,247,586
820632402,286,220,506
820632403,286,313,599
820632404,258,237,495
820632405,204,178,382
820632406,200,135,335
820632407,168,155,323
820632408,271,193,464
820632409,305,233,538
820632410,315,233,548
820632411,328,235,563
820632412,359,298,657
820632413,215,172,387
820632414,312,236,548
820632415,296,234,530
820632416,298,307,605
820632417,257,171,428
820632418,154,126,280
820632501,293,351,644
820632502,529,472,1001
820632503,508,461,969
820632504,263,218,481
820632505,277,233,510
820632506,327,461,788
820632507,252,211,463
820632508,275,215,490
820632509,483,350,833
820632510,396,326,722
820632511,350,318,668
820632512,179,154,333
820632513,340,266,606
820632601,595,1257,1852
820632602,386,658,1044
820632603,396,572,968
820632604,421,531,952
820632605,437,817,1254
820632606,395,460,855
820632607,612,527,1139
820632608,491,427,918
820632609,565,521,1086
820632610,381,349,730
820632611,361,333,694
820632612,462,531,993
820632613,733,1326,2059
820632614,445,484,929
820632615,379,440,819
820632616,372,657,1029
820632617,608,772,1380
820632701,326,411,737
820632702,420,410,830
820632703,379,358,737
820632704,476,359,835
820632705,483,269,752
820632706,574,400,974
820632707,459,295,754
820632708,392,271,663
820632709,719,845,1564
820632710,642,690,1332
820632711,532,648,1180
820632712,558,771,1329
820632713,468,1073,1541
820632714,643,799,1442
820632715,553,632,1185
820632716,167,202,369
820632801,448,424,872
820632802,543,551,1094
820632803,551,794,1345
820632804,26,18,44
820632805,733,845,1578
820632806,740,1129,1869
820632807,645,678,1323
820632808,459,556,1015
820632809,623,682,1305
820632810,647,765,1412
820632811,884,1338,2222
820632812,5,7,12
820632813,96,48,144
820632814,645,826,1471
820632815,208,297,505
820632816,174,250,424
820632817,336,280,616
820632818,341,524,865
820632819,509,523,1032
820632820,4,8,12
820632821,49,130,179
820632822,65,96,161
820632823,313,370,683
820632824,1,1,2
820632825,250,189,439
820632826,287,232,519
820632827,93,87,180
820632828,347,290,637
820632829,414,453,867
820632901,760,861,1621
820632902,326,445,771
820632903,396,364,760
820632904,603,565,1168
820632905,618,827,1445
820632906,547,648,1195
820632907,359,472,831
820632908,434,473,907
820632909,453,645,1098
820632910,403,440,843
820632911,337,313,650
820632912,356,277,633
820632913,470,330,800
820632914,325,233,558
820632915,473,451,924
820633001,497,349,846
820633002,579,381,960
820633003,327,239,566
820633004,289,223,512
820633005,344,288,632
820633006,411,339,750
820633007,604,535,1139
820633008,716,621,1337
820633009,689,654,1343
820633010,614,596,1210
820633011,511,448,959
820633012,379,342,721
820633013,537,629,1166
820633101,815,912,1727
820633102,256,316,572
820633103,535,504,1039
820633104,902,1219,2121
820633105,37,61,98
820633106,549,560,1109
820633107,575,604,1179
820633108,333,401,734
820633109,924,1102,2026
820633110,496,766,1262
820633111,411,611,1022
820633112,491,737,1228
820633113,549,546,1095
820633114,538,626,1164
820633115,582,905,1487
820633201,544,599,1143
820633202,473,483,956
820633203,623,849,1472
820633204,324,436,760
820633205,456,673,1129
820633206,392,421,813
820633207,790,852,1642
820633208,517,597,1114
820633209,674,690,1364
820633210,517,388,905
820633211,567,677,1244
820633212,785,1071,1856
820633213,774,683,1457
820633214,399,408,807
820633215,268,259,527
820633216,446,445,891
820633301,414,800,1214
820633302,346,530,876
820633303,360,677,1037
820633304,382,568,950
820633305,338,388,726
820633306,475,444,919
820633307,429,444,873
820633308,560,640,1200
820633309,260,475,735
820633310,353,516,869
820633401,862,1510,2372
820633402,511,775,1286
820633403,633,786,1419
820633404,329,528,857
820633405,2087,2780,4867
820633406,789,1023,1812
820633407,341,423,764
820633408,354,309,663
820633409,357,465,822
820633410,340,375,715
820633411,401,457,858
820633412,639,750,1389
820633413,1225,1549,2774
820633501,308,468,776
820633502,320,409,729
820633503,291,446,737
820633504,294,310,604
820633505,304,261,565
820633506,504,328,832
820633507,383,294,677
820633508,361,309,670
820633509,359,326,685
820700101,431,342,773
820700102,131,124,255
820700103,63,26,89
820700104,464,421,885
820700105,154,146,300
820700106,36,31,67
820700107,105,82,187
820700108,318,284,602
820700109,93,98,191
820700110,311,210,521
820700111,681,637,1318
820700112,117,120,237
820700113,55,34,89
820700114,59,30,89
820700115,135,99,234
820700116,87,60,147
820700117,329,186,515
820700201,570,451,1021
820700202,241,227,468
820700203,147,114,261
820700204,536,364,900
820700205,192,178,370
820700206,134,105,239
820700207,283,213,496
820700208,183,160,343
820700209,459,301,760
820700210,229,213,442
820700211,223,156,379
820700212,180,158,338
820700213,602,360,962
820700214,264,241,505
820700215,61,66,127
820700216,96,69,165
820700217,124,77,201
820700218,566,444,1010
820700219,836,501,1337
820700220,258,229,487
820700221,592,399,991
820700222,530,355,885
820700301,258,291,549
820700302,179,128,307
820700303,576,631,1207
820700304,218,281,499
820700305,515,395,910
820700306,359,265,624
820700307,369,369,738
820700308,423,379,802
820700309,390,332,722
820700310,675,588,1263
820700311,599,729,1328
820700312,337,280,617
820700313,424,371,795
820700314,494,411,905
820700315,681,797,1478
820700316,440,390,830
820700317,407,369,776
820700318,682,932,1614
820700319,550,537,1087
820700320,459,438,897
820700401,882,1210,2092
820700402,777,694,1471
820700403,480,556,1036
820700404,533,389,922
820700405,355,333,688
820700406,422,462,884
820700407,313,263,576
820700408,261,212,473
820700409,363,271,634
820700410,535,760,1295
820700411,412,330,742
820700412,389,326,715
820700413,501,380,881
820700414,405,466,871
820700415,621,743,1364
820700416,685,486,1171
820700417,888,991,1879
820700418,272,231,503
820700419,378,408,786
820700420,261,273,534
820700501,529,652,1181
820700502,261,266,527
820700503,547,531,1078
820700504,290,230,520
820700505,391,278,669
820700506,101,52,153
820700507,110,96,206
820700508,750,509,1259
820700509,474,215,689
820700510,562,366,928
820700511,966,605,1571
820700512,496,300,796
820700513,77,48,125
820700514,57,51,108
820700515,174,139,313
820700516,98,69,167
820700517,525,240,765
820700518,200,140,340
820700519,178,152,330
820700520,118,88,206
820700521,279,180,459
820700522,427,229,656
820700523,771,530,1301
820700524,640,584,1224
820700525,684,571,1255
820700601,782,619,1401
820700602,163,154,317
820700603,370,293,663
820700604,90,87,177
820700605,386,354,740
820700606,107,106,213
820700607,315,243,558
820700608,172,161,333
820700609,90,109,199
820700610,68,89,157
820700611,475,355,830
820700612,701,696,1397
820700613,296,259,555
820700701,380,260,640
820700702,457,290,747
820700703,459,279,738
820700704,353,242,595
820700705,445,362,807
820700706,353,215,568
820700707,444,370,814
820700708,818,638,1456
820700709,164,131,295
820700710,350,310,660
820700711,88,91,179
820700712,527,397,924
820700713,474,310,784
820700714,91,78,169
820700715,593,455,1048
820700716,458,295,753
820700717,440,320,760
820700718,473,305,778
820770101,116,215,331
820770102,92,152,244
820770103,396,725,1121
820770104,132,197,329
820770105,97,209,306
820770106,243,589,832
820770107,229,564,793
820770201,190,347,537
820770202,231,385,616
820770203,387,567,954
820770204,211,280,491
820770205,78,92,170
820770206,506,836,1342
820770207,491,765,1256
820770301,169,201,370
820770302,329,504,833
820770303,451,732,1183
820770304,587,943,1530
820770305,482,882,1364
820770306,424,571,995
820770307,516,411,927
820770308,396,941,1337
820770309,284,412,696
820770310,93,150,243
820770311,110,116,226
820770312,327,308,635
820770313,455,598,1053
820770314,353,295,648
820770315,326,198,524
820770316,399,619,1018
820770317,358,390,748
820770401,87,104,191
820770402,265,293,558
820770403,43,92,135
820770404,71,71,142
820770405,2,9,11
820770406,24,24,48
820770407,43,69,112
820770408,39,83,122
820770409,5,6,11
820840101,234,295,529
820840102,621,752,1373
820840103,845,1012,1857
820840201,235,443,678
820840202,459,581,1040
820840203,506,623,1129
820840204,593,743,1336
820840205,419,383,802
820840206,793,1153,1946
820840207,377,336,713
820840208,667,704,1371
820840209,634,709,1343
820840210,711,893,1604
820840211,464,524,988
820840212,427,605,1032
820840213,15,25,40
820840214,595,695,1290
820840301,93,282,375
820840302,522,790,1312
820840303,461,536,997
820840304,462,632,1094
820840305,656,654,1310
820840306,717,716,1433
820840307,957,965,1922
820840308,446,889,1335
820840309,478,477,955
820840310,463,440,903
820840311,575,954,1529
820840401,234,261,495
820840402,366,317,683
820840403,478,451,929
820840404,420,600,1020
820840405,563,454,1017
820840406,476,437,913
820840407,308,279,587
820840408,410,350,760
820840409,589,479,1068
820840410,367,268,635
820840411,465,331,796
820840412,455,454,909
820840413,430,596,1026
820840414,378,324,702
820840415,325,275,600
820840416,174,124,298
820840417,139,112,251
820840418,231,159,390
820840419,105,74,179
820840420,581,487,1068
820840421,654,886,1540
820840422,353,321,674
820840501,622,470,1092
820840502,1166,1113,2279
820840503,551,439,990
820840504,216,149,365
820840505,859,779,1638
820840506,489,409,898
820840507,493,364,857
820840508,429,381,810
820840509,484,358,842
820840510,438,258,696
820840511,480,347,827
820840512,264,217,481
820840513,342,250,592
820840514,507,397,904
820840515,337,258,595
820840516,459,386,845
820840517,498,400,898
820840518,595,474,1069
820840519,597,385,982
820840601,339,286,625
820840602,480,354,834
820840603,388,306,694
820840604,568,886,1454
820840605,512,1051,1563
820840606,563,561,1124
820840607,360,313,673
820840608,403,309,712
820840609,388,308,696
820840610,551,493,1044
820840611,547,432,979
820840612,518,441,959
820840613,616,464,1080
820840614,666,709,1375
820840615,390,456,846
820840616,870,1052,1922
820840617,421,433,854
820840618,400,372,772
820840619,298,393,691
820840620,427,411,838
820840621,406,412,818
820840622,519,461,980
820840623,437,622,1059
820840624,152,285,437
820840701,376,422,798
820840702,398,589,987
820840703,633,720,1353
820840704,643,704,1347
820840705,828,892,1720
820840706,890,1280,2170
820840707,419,558,977
820840708,355,415,770
820840709,770,685,1455
820840710,309,248,557
820840711,339,325,664
820840712,393,277,670
820840713,306,244,550
820840714,392,348,740
820840715,423,323,746
820840716,321,270,591
820840717,486,501,987
820840718,515,575,1090
820840719,381,277,658
820840720,474,361,835
820840721,514,971,1485
820840722,256,306,562
820840723,421,402,823
820840724,329,535,864
820840801,377,263,640
820840802,438,313,751
820840803,510,348,858
820840804,390,338,728
820840805,456,375,831
820840806,462,362,824
820840807,488,475,963
820840808,484,371,855
820840809,416,330,746
820840810,389,315,704
820840811,349,1107,1456
820840901,380,317,697
820840902,490,381,871
820840903,336,242,578
820840904,417,250,667
820840905,460,332,792
820840906,439,281,720
820840907,970,1047,2017
820840908,460,378,838
820840909,270,210,480
820840910,286,203,489
820840911,299,204,503
820841001,450,812,1262
820841002,565,918,1483
820841003,340,326,666
820841004,594,948,1542
820841005,361,673,1034
820841006,624,874,1498
820841007,792,1362,2154
820841008,671,671,1342
820841009,645,800,1445
820841010,617,878,1495
820841011,705,1067,1772
820841012,657,888,1545
820841013,484,500,984
820841014,545,577,1122
820841015,342,341,683
820841016,204,224,428
820841017,533,635,1168
820841018,748,880,1628
820841019,1713,2257,3970
820841020,276,613,889
820841101,432,289,721
820841102,319,237,556
820841103,470,401,871
820841104,323,287,610
820841105,422,500,922
820841106,435,534,969
820841107,693,773,1466
820841108,424,353,777
820841109,30,20,50
820841110,699,817,1516
820841111,599,497,1096
820841112,471,397,868
820841113,250,328,578
820841114,435,500,935
820841115,368,234,602
820841116,439,322,761
820841117,491,421,912
820841118,492,386,878
820841119,456,385,841
820841201,615,650,1265
820841202,412,617,1029
820841203,469,473,942
820841204,540,706,1246
820841205,428,477,905
820841206,581,771,1352
820841207,364,320,684
820841208,338,314,652
820841209,326,722,1048
820841210,351,484,835
820841211,430,744,1174
820841212,436,368,804
820841213,364,516,880
820841214,501,371,872
820841215,472,377,849
820841216,389,290,679
820841217,406,368,774
820841218,491,677,1168
820841219,334,518,852
820841220,285,535,820
820841221,498,594,1092
820841301,486,360,846
820841302,773,858,1631
820841303,568,759,1327
820841304,654,979,1633
820841305,403,315,718
820841306,464,482,946
820841307,310,293,603
820841308,424,409,833
820841309,303,261,564
820841310,521,386,907
820841311,405,349,754
820841312,343,253,596
820841313,623,632,1255
820841314,395,443,838
820841401,421,337,758
820841402,277,223,500
820841403,394,296,690
820841404,470,390,860
820841405,386,324,710
820841406,499,379,878
820841407,407,338,745
820841408,457,358,815
820841409,359,242,601
820841410,481,441,922
820841411,256,204,460
820841501,362,304,666
820841502,366,371,737
820841503,379,269,648
820841504,413,301,714
820841505,395,266,661
820841506,394,279,673
820841507,255,250,505
820841508,353,319,672
820841509,397,327,724
820841601,367,347,714
820841602,442,403,845
820841603,469,382,851
820841604,408,328,736
820841605,471,384,855
820841606,343,342,685
820841607,350,485,835
820841608,233,220,453
820841609,437,383,820
820841610,288,250,538
820841611,266,220,486
820841612,265,223,488
820841701,209,185,394
820841702,252,283,535
820841703,262,254,516
820841704,302,302,604
820841705,304,254,558
820841706,376,331,707
820841707,318,236,554
820841708,162,162,324
820841709,335,340,675
820841710,281,290,571
820841711,378,372,750
820841712,304,296,600
820841713,304,327,631
820841714,286,366,652
820841715,354,373,727
820841716,202,187,389
820841717,262,188,450
820841718,232,280,512
820841719,297,241,538
820841801,526,418,944
820841802,148,174,322
820841803,144,152,296
820841804,549,364,913
820841805,308,232,540
820841806,289,209,498
820841807,463,375,838
820841808,283,200,483
820841809,274,265,539
820841810,315,236,551
820841811,432,342,774
820841812,259,182,441
820841813,423,296,719
820841814,260,183,443
820841815,213,258,471
820841816,180,136,316
820841817,193,159,352
820841818,434,327,761
820841901,334,229,563
820841902,306,205,511
820841903,426,258,684
820841904,212,180,392
820841905,217,201,418
820841906,233,183,416
820841907,221,179,400
820841908,306,273,579
820841909,424,357,781
820841910,376,344,720
820841911,272,241,513
820841912,268,274,542
820841913,144,155,299
820841914,184,158,342
820841915,268,196,464
820841916,243,195,438
820841917,408,269,677
820841918,338,314,652
820841919,181,121,302
820841920,218,141,359
820841921,184,109,293
820841922,108,97,205
820841923,142,156,298
820841924,289,251,540
820842001,310,189,499
820842002,301,202,503
820842003,370,324,694
820842004,208,167,375
820842005,179,165,344
820842006,246,168,414
820842007,297,245,542
820842008,184,178,362
820842009,318,264,582
820842010,176,155,331
820842011,270,190,460
820842012,299,231,530
820842013,357,224,581
820842014,247,253,500
820842015,143,121,264
820842016,223,145,368
820842017,132,117,249
820842101,371,241,612
820842102,456,276,732
820842103,307,256,563
820842104,423,333,756
820842105,211,127,338
820842106,56,28,84
820842107,302,261,563
820842108,303,212,515
820842109,273,180,453
820842110,310,190,500
820842111,270,258,528
820842112,164,114,278
820842113,96,24,120
820842114,405,267,672
820842115,207,169,376
820842116,324,250,574
820842117,187,127,314
820842201,272,215,487
820842202,272,189,461
820842203,265,232,497
820842204,15,5,20
820842205,452,242,694
820842206,371,257,628
820842207,394,292,686
820842208,447,333,780
820842209,248,225,473
820842210,401,387,788
820842211,437,284,721
820842212,436,283,719
820842213,218,160,378
820842301,334,251,585
820842302,255,198,453
820842303,438,242,680
820842304,248,174,422
820842305,364,239,603
820842306,326,233,559
820842307,309,263,572
820842308,351,289,640
820842309,353,296,649
820842310,197,204,401
820842311,391,346,737
820842312,322,293,615
820842313,346,321,667
820842314,288,229,517
820842315,269,229,498
820842316,295,186,481
820842317,222,165,387
820842318,248,216,464
820842319,240,198,438
820842320,271,179,450
820842321,169,118,287
820842322,246,170,416
820842323,295,205,500
820842324,219,174,393
820842401,211,173,384
820842402,271,297,568
820842403,208,174,382
820842404,379,292,671
820842405,359,298,657
820842406,223,246,469
820842407,304,244,548
820842408,261,206,467
820842409,336,317,653
820842410,223,186,409
820842411,232,157,389
820842412,361,258,619
820842413,368,332,700
820842414,214,151,365
820842415,229,179,408
820842416,289,218,507
820842417,143,116,259
820842418,229,224,453
820842419,242,197,439
820842501,348,184,532
820842502,253,199,452
820842503,219,164,383
820842504,185,246,431
820842505,282,211,493
820842506,382,278,660
820842507,298,247,545
820842508,327,320,647
820842509,351,312,663
820842510,162,158,320
820842511,301,243,544
820842512,558,495,1053
820842513,357,348,705
820842514,63,88,151
820842515,158,175,333
820842516,133,89,222
820842601,302,269,571
820842602,338,230,568
820842603,280,324,604
820842604,355,328,683
820842605,198,166,364
820842606,217,174,391
820842607,255,242,497
820842608,250,280,530
820842609,151,119,270
820842610,322,312,634
820842611,200,184,384
820842612,167,128,295
820842613,372,381,753
820842614,322,281,603
820842615,306,238,544
820842616,431,333,764
820842617,215,181,396
820842618,203,170,373
820842619,165,144,309
820842620,189,193,382
820842621,385,321,706
820842622,117,177,294
820842623,242,210,452
820842701,471,373,844
820842702,288,254,542
820842703,256,141,397
820842704,230,118,348
820842705,192,156,348
820842706,208,139,347
820842707,280,242,522
820842708,257,283,540
820842709,152,120,272
820842710,305,254,559
820842711,224,214,438
820842712,400,343,743
820842713,239,222,461
820842714,294,252,546
820842715,394,262,656
820842716,326,228,554
820842717,151,139,290
820842718,211,159,370
820842719,244,169,413
820842720,183,223,406
820842721,230,267,497
820842722,199,174,373
820842801,208,164,372
820842802,400,389,789
820842803,176,161,337
820842804,232,274,506
820842805,142,106,248
820842806,37,20,57
820842807,393,348,741
820842808,195,200,395
820842809,388,265,653
820842810,418,390,808
820842811,437,359,796
820842812,233,169,402
820842813,272,188,460
820842814,181,137,318
820842815,275,336,611
820842816,320,299,619
820842817,326,262,588
820842818,211,217,428
820842819,251,235,486
820842820,348,275,623
820842821,221,197,418
820842822,222,161,383
820842823,160,151,311
820842824,295,269,564
820842825,197,200,397
820842901,439,566,1005
820842902,305,354,659
820842903,363,319,682
820842904,346,310,656
820842905,398,354,752
820842906,192,179,371
820842907,312,323,635
820842908,336,353,689
820842909,240,240,480
820842910,408,364,772
820842911,453,329,782
820842912,373,271,644
820842913,247,279,526
820842914,336,359,695
820842915,353,280,633
820842916,238,197,435
820842917,405,405,810
820842918,352,311,663
820842919,337,256,593
820842920,256,250,506
820842921,156,159,315
820842922,202,155,357
820842923,188,164,352
820842924,352,268,620
820843001,393,342,735
820843002,396,421,817
820843003,853,828,1681
820843004,638,522,1160
820843005,449,427,876
820843006,329,429,758
820843007,634,722,1356
820843008,444,414,858
820843009,527,541,1068
820843010,577,529,1106
820843011,328,368,696
820843012,433,435,868
820843013,330,364,694
820843014,479,535,1014
820843101,560,471,1031
820843102,442,327,769
820843103,419,343,762
820843104,433,336,769
820843105,223,217,440
820843106,476,336,812
820843107,290,205,495
820843108,430,313,743
820843109,258,251,509
820843110,449,404,853
820843111,469,407,876
820843112,463,365,828
820843113,460,349,809
820843114,486,376,862
820843115,404,262,666
820843116,466,376,842
820843117,378,293,671
820843118,391,309,700
820843119,422,293,715
820843120,342,321,663
820843121,448,358,806
820843201,594,571,1165
820843202,484,468,952
820843203,509,379,888
820843204,477,395,872
820843205,468,435,903
820843206,509,604,1113
820843207,438,523,961
820843208,676,899,1575
820843209,356,353,709
820843210,450,579,1029
820843211,504,415,919
820843212,658,739,1397
820843213,618,651,1269
820843214,372,317,689
820843215,441,535,976
820843301,435,431,866
820843302,487,577,1064
820843303,654,823,1477
820843304,481,580,1061
820843305,609,746,1355
820843306,518,522,1040
820843307,377,511,888
820843308,416,329,745
820843309,713,710,1423
820843310,619,729,1348
820843311,637,663,1300
820843312,556,568,1124
820843313,374,457,831
820843314,393,456,849
820843315,616,1035,1651
820843316,465,632,1097
820843317,431,808,1239
820843318,449,586,1035
820843319,451,433,884
820843401,383,494,877
820843402,461,722,1183
820843403,210,183,393
820843404,486,759,1245
820843405,520,349,869
820843406,476,393,869
820843407,464,332,796
820843408,530,449,979
820843409,579,588,1167
820843410,430,350,780
820843411,289,200,489
820843412,368,230,598
820843413,255,222,477
820843414,403,354,757
820843415,410,467,877
820843416,499,762,1261
820843417,356,301,657
820843418,203,195,398
820843419,194,328,522
820843501,441,551,992
820843502,177,207,384
820843503,332,319,651
820843504,476,440,916
820843505,454,435,889
820843506,378,297,675
820843507,307,205,512
820843508,346,359,705
820843509,583,543,1126
820843510,486,668,1154
820843511,523,653,1176
820843512,601,783,1384
820843513,393,469,862
820843514,472,673,1145
820843515,606,654,1260
820843516,264,635,899
820843517,631,1576,2207
820843601,328,275,603
820843602,341,306,647
820843603,387,284,671
820843604,391,382,773
820843605,213,206,419
820843606,200,164,364
820843607,457,283,740
820843608,501,347,848
820843609,463,375,838
820843610,461,392,853
820843611,397,376,773
820843612,883,784,1667
820843613,444,329,773
820843614,362,243,605
820843615,311,266,577
820843616,607,555,1162
820843617,348,205,553
820843618,272,267,539
820843619,279,186,465
820843701,451,357,808
820843702,575,410,985
820843703,352,271,623
820843704,355,182,537
820843705,289,260,549
820843706,431,281,712
820843707,273,297,570
820843708,430,368,798
820843709,246,196,442
820843710,376,340,716
820843711,282,195,477
820843712,424,425,849
820843713,430,343,773
820843714,427,333,760
820843715,283,288,571
820843716,261,243,504
820843801,423,417,840
820843802,408,315,723
820843803,372,315,687
820843804,432,363,795
820843805,389,306,695
820843806,356,324,680
820843807,333,281,614
820843808,233,220,453
820843809,316,211,527
820843810,406,376,782
820843811,489,425,914
820843812,285,375,660
820843813,499,425,924
820843814,447,372,819
820843815,313,268,581
820843901,247,202,449
820843902,260,239,499
820843903,374,284,658
820843904,276,241,517
820843905,459,421,880
820843906,377,346,723
820843907,426,378,804
820843908,491,372,863
820843909,246,209,455
820843910,202,188,390
820843911,294,293,587
820843912,451,369,820
820843913,403,339,742
820843914,161,167,328
820843915,262,180,442
820843916,153,181,334
820843917,210,173,383
820843918,611,520,1131
820843919,237,206,443
820843920,255,276,531
820844001,386,387,773
820844002,345,315,660
820844003,447,330,777
820844004,390,521,911
820844005,429,756,1185
820844006,301,280,581
820844007,345,249,594
820844008,223,220,443
820844009,332,377,709
820844010,368,349,717
820844011,154,172,326
820844012,104,94,198
820844013,269,297,566
820844014,462,373,835
820844015,291,252,543
820844101,394,353,747
820844102,401,323,724
820844103,344,370,714
820844104,434,424,858
820844105,0,0,0
820844106,415,353,768
820844107,525,435,960
820844108,449,466,915
820844109,432,540,972
820844110,545,762,1307
820844111,428,430,858
820844112,395,494,889
820844201,242,167,409
820844202,232,334,566
820844203,141,146,287
820844204,328,329,657
820844205,288,330,618
820844206,131,192,323
820844207,537,642,1179
820844208,378,545,923
820844209,502,525,1027
820844210,572,425,997
820844211,324,472,796
820844212,431,458,889
820844213,599,724,1323
820844214,226,250,476
820844301,354,289,643
820844302,318,257,575
820844303,343,273,616
820844304,375,289,664
820844305,325,311,636
820844306,344,262,606
820844307,438,395,833
820844308,209,186,395
820844309,362,257,619
820844310,310,300,610
820844311,353,441,794
820844312,485,511,996
820844313,465,449,914
820844314,571,492,1063
820844401,492,440,932
820844402,227,149,376
820844403,450,543,993
820844404,316,560,876
820844405,279,225,504
820844406,416,265,681
820844407,378,348,726
820844408,319,356,675
820844409,411,354,765
820844410,382,301,683
820844411,336,227,563
820844412,376,296,672
820844413,451,305,756
820844414,352,296,648
820844415,430,257,687
820844416,439,435,874
820844417,405,304,709
820844418,412,348,760
820844501,344,372,716
820844502,258,197,455
820844503,515,496,1011
820844504,422,341,763
820844505,277,268,545
820844506,220,215,435
820844507,339,355,694
820844508,377,269,646
820844509,520,440,960
820844510,594,316,910
820844511,555,461,1016
820844512,493,405,898
820844513,193,157,350
820844514,548,423,971
820844515,342,350,692
820844516,372,613,985
820844517,489,450,939
820844518,520,542,1062
820844519,452,386,838
820844520,340,482,822
820844521,301,249,550
820844522,326,333,659
820844523,538,454,992
820844524,417,350,767
820844601,452,417,869
820844602,466,372,838
820844603,481,427,908
820844604,492,349,841
820844605,251,181,432
820844606,515,492,1007
820844607,607,626,1233
820844608,431,387,818
820844609,653,1078,1731
820844610,417,521,938
820844611,487,736,1223
820844612,289,333,622
820844613,573,639,1212
820844614,584,667,1251
820844615,250,422,672
820844701,378,533,911
820844702,381,360,741
820844703,324,564,888
820844704,681,943,1624
820844705,560,546,1106
820844706,398,468,866
820844707,326,350,676
820844708,373,399,772
820844709,382,281,663
820844710,564,737,1301
820844711,320,326,646
820844712,364,385,749
820844713,364,366,730
820844714,338,417,755
820844715,344,455,799
820844716,724,905,1629
820844801,719,919,1638
820844802,555,660,1215
820844803,519,480,999
820844804,404,441,845
820844805,431,437,868
820844806,695,551,1246
820844807,706,1154,1860
820844808,349,387,736
820844809,315,318,633
820844810,489,508,997
820844811,667,720,1387
820844812,466,382,848
820844813,523,802,1325
820844814,442,599,1041
820844815,393,355,748
820844816,482,680,1162
820844817,661,720,1381
820844818,356,565,921
820844819,430,482,912
820844820,493,621,1114
820844821,654,833,1487
820844822,527,763,1290
820844901,138,269,407
820844902,374,528,902
820844903,426,539,965
820844904,494,492,986
820844905,395,450,845
820844906,266,319,585
820844907,573,1021,1594
820844908,764,1129,1893
820844909,450,640,1090
820844910,371,597,968
820844911,568,1501,2069
820844912,393,792,1185
820844913,471,684,1155
820844914,311,1022,1333
820844915,299,601,900
820845001,509,343,852
820845002,573,448,1021
820845003,462,391,853
820845004,585,555,1140
820845005,516,431,947
820845006,576,525,1101
820845007,565,650,1215
820845008,566,551,1117
820845009,321,225,546
820845010,315,261,576
820845011,541,477,1018
820845012,633,675,1308
820845013,496,451,947
820845101,531,476,1007
820845102,447,402,849
820845103,404,374,778
820845104,490,313,803
820845105,463,320,783
820845106,570,474,1044
820845107,534,558,1092
820845108,571,418,989
820845109,485,392,877
820845110,375,327,702
820845111,491,398,889
820845112,361,373,734
820845113,345,241,586
820845114,299,436,735
820845201,755,783,1538
820845202,442,545,987
820845203,528,546,1074
820845204,500,645,1145
820845205,454,725,1179
820845206,477,729,1206
820845207,428,893,1321
820845208,481,794,1275
820845209,469,474,943
820845210,402,575,977
820845211,503,771,1274
820845212,339,588,927
820845213,507,522,1029
820845214,623,686,1309
820845301,353,278,631
820845302,453,350,803
820845303,544,443,987
820845304,434,606,1040
820845305,273,331,604
820845306,480,521,1001
820845307,510,545,1055
820845308,693,626,1319
820845309,493,606,1099
820845310,559,510,1069
820845311,298,268,566
820845312,456,352,808
820845313,269,228,497
820845314,264,267,531
820845315,413,472,885
820845316,406,385,791
820845317,293,210,503
820845318,698,744,1442
820845319,408,359,767
820845320,280,294,574
820845321,229,305,534
820845322,87,62,149
820845323,710,1014,1724
820845401,178,182,360
820845402,332,299,631
820845403,280,275,555
820845404,497,325,822
820845405,365,285,650
820845406,107,226,333
820845407,240,325,565
820845408,337,492,829
820845409,415,386,801
820845410,233,248,481
820845411,570,436,1006
820845412,488,425,913
820845413,332,222,554
820845414,543,423,966
820845415,555,406,961
820845416,425,333,758
820845417,390,344,734
820845418,415,311,726
820845419,250,190,440
820845501,566,472,1038
820845502,519,572,1091
820845503,373,364,737
820845504,459,468,927
820845505,562,476,1038
820845506,375,282,657
820845507,471,454,925
820845508,647,798,1445
820845509,405,383,788
820845510,542,691,1233
820845511,416,500,916
820845512,498,573,1071
820845513,675,771,1446
820845514,647,602,1249
820845515,291,502,793
820845516,305,463,768
820845517,326,455,781
820845518,368,637,1005
820845519,281,277,558
820845520,639,652,1291
820845521,398,425,823
820845522,402,928,1330
820845523,339,374,713
820845601,36,15,51
820845602,7,4,11
820845603,27,31,58
820845701,87,77,164
820845702,347,367,714
820845703,439,396,835
820845704,410,260,670
820845705,528,399,927
820845706,170,152,322
820845707,316,261,577
820845708,578,494,1072
820845709,192,180,372
820845710,534,581,1115
820845711,525,446,971
820845712,369,338,707
820845713,451,340,791
820845714,43,34,77
820845715,18,32,50
820845801,26,44,70
820845802,560,597,1157
820845803,527,495,1022
820845804,39,44,83
820845805,603,752,1355
820845806,9,14,23
820845807,503,467,970
820845901,18,26,44
820845902,35,34,69
820845903,18,31,49
820845904,740,987,1727
820845905,499,1010,1509
820845906,277,355,632
820845907,788,1146,1934
820845908,374,449,823
820845909,544,680,1224
820845910,878,912,1790
820845911,556,687,1243
820845912,612,414,1026
820845913,426,256,682
820845914,475,364,839
820845915,265,210,475
820845916,286,178,464
820845917,780,842,1622
820845918,625,658,1283
820845919,6,12,18
820845920,397,404,801
820845921,626,884,1510
820845922,514,865,1379
820845923,617,973,1590
820845924,441,509,950
820846001,61,103,164
820846002,210,218,428
820846003,16,17,33
820846004,606,503,1109
820846005,553,510,1063
820846101,274,374,648
820846102,341,353,694
820846103,348,456,804
820846104,485,607,1092
820846105,365,303,668
820846106,363,392,755
820846107,566,698,1264
820846108,434,824,1258
820846109,598,932,1530
820846110,606,612,1218
820846111,699,514,1213
820846112,504,626,1130
820846113,405,396,801
820846114,400,758,1158
820846115,620,1276,1896
820846201,272,421,693
820846202,239,292,531
820846203,290,322,612
820846204,416,430,846
820846205,524,735,1259
820846206,551,784,1335
820846207,650,776,1426
820846208,531,592,1123
820846209,420,862,1282
820846210,476,725,1201
820846211,379,574,953
820846212,445,581,1026
820846213,670,679,1349
820846214,325,331,656
820846215,365,320,685
820846216,522,624,1146
820846217,644,954,1598
820846218,633,879,1512
820846219,453,288,741
820846220,342,392,734
820846221,416,529,945
820846301,477,804,1281
820846302,571,799,1370
820846303,505,837,1342
820846304,329,539,868
820846305,308,405,713
820846306,577,607,1184
820846307,582,496,1078
820846308,509,672,1181
820846309,469,626,1095
820846310,543,779,1322
820846311,764,1109,1873
820846312,248,568,816
820846313,505,890,1395
820846401,186,202,388
820846402,425,429,854
820846403,286,442,728
820846404,548,528,1076
820846405,95,155,250
820846406,259,334,593
820846501,569,745,1314
820846502,425,467,892
820846503,780,924,1704
820846504,341,313,654
820846505,874,782,1656
820846601,391,572,963
820846602,1208,1294,2502
820846701,180,166,346
820846702,16,36,52
820846703,28,28,56
820846704,477,288,765
820846801,236,325,561
820846802,480,569,1049
820846901,71,117,188
820846902,538,417,955
820846903,478,467,945
820846904,774,1049,1823
820846905,271,292,563
820846906,581,406,987
820847001,12,15,27
820847002,249,200,449
820847101,10,9,19
820847102,163,104,267
820847201,82,70,152
820847202,712,503,1215
820847203,546,547,1093
820847204,329,205,534
820847205,117,126,243
820847206,375,364,739
820847207,560,385,945
820847301,210,269,479
820847302,197,127,324
820847401,138,119,257
820847402,431,310,741
820847501,19,13,32
820847502,18,15,33
820847503,191,170,361
820847504,218,223,441
820847601,48,21,69
820847602,117,116,233
820847701,68,88,156
820847702,86,109,195
820847703,158,140,298
820847704,264,481,745
820847705,455,495,950
820847706,23,25,48
820847707,4,4,8
820847708,480,505,985
820847709,451,437,888
820847710,480,463,943
820847711,503,681,1184
820847712,519,490,1009
820847713,566,529,1095
820847714,317,264,581
820847715,292,217,509
820847716,383,429,812
820847717,327,350,677
820847718,463,1124,1587
820847719,441,478,919
820847720,583,457,1040
820847721,575,497,1072
820847722,407,397,804
820847723,731,609,1340
820847724,415,336,751
820847725,393,384,777
820847801,11,9,20
820847802,108,203,311
820847803,402,406,808
820847804,468,479,947
820847805,153,341,494
820847806,444,528,972
820847807,461,490,951
820847901,11,8,19
820847902,103,77,180
820847903,35,66,101
820847904,5,3,8
820847905,448,340,788
820847906,512,409,921
820848001,462,393,855
820848002,465,406,871
820848003,402,387,789
820848004,282,419,701
820848005,348,324,672
820848006,297,254,551
820848007,308,248,556
820848008,497,478,975
820848009,432,362,794
820848010,332,240,572
820848011,251,189,440
820848012,274,142,416
820848013,425,302,727
820848014,382,232,614
820848015,346,235,581
820848016,386,334,720
820848017,391,313,704
820848018,334,248,582
820848019,366,268,634
820848020,477,324,801
820848021,308,288,596
820848022,215,405,620
820848101,477,425,902
820848102,361,264,625
820848103,325,229,554
820848104,311,263,574
820848105,377,225,602
820848106,357,224,581
820848107,386,278,664
820848108,330,267,597
820848109,453,387,840
820848110,437,384,821
820848111,298,231,529
820848112,376,363,739
820848113,333,216,549
820848114,324,218,542
820848115,170,129,299
820848116,506,395,901
820848117,405,269,674
820848118,407,347,754
820848119,407,391,798
820848120,382,346,728
820848121,294,256,550
820848201,709,787,1496
820848202,583,691,1274
820848203,484,731,1215
820848204,563,745,1308
820848205,474,479,953
820848206,476,469,945
820848207,546,571,1117
820848208,627,821,1448
820848209,651,1182,1833
820848210,600,1053,1653
820848211,622,682,1304
820848212,541,720,1261
820848213,773,900,1673
820848214,591,620,1211
820848215,382,569,951
820848216,658,539,1197
820848301,500,469,969
820848302,560,501,1061
820848303,398,321,719
820848304,526,441,967
820848305,484,317,801
820848306,452,326,778
820848307,445,297,742
820848308,518,418,936
820848309,291,212,503
820848310,290,222,512
820848311,470,374,844
820848312,377,261,638
820848313,352,360,712
820848314,538,488,1026
820848315,417,380,797
820848401,321,767,1088
820848402,479,558,1037
820848403,718,741,1459
820848404,767,850,1617
820848405,408,333,741
820848406,396,413,809
820848407,212,328,540
820848408,443,510,953
820848409,813,835,1648
820848410,761,920,1681
820848411,762,760,1522
820848412,839,1014,1853
820848413,537,964,1501
820848414,352,786,1138
820848415,325,457,782
820848416,46,213,259
820848501,593,1256,1849
820848502,547,847,1394
820848503,474,530,1004
820848504,399,460,859
820848505,365,310,675
820848506,326,262,588
820848507,422,373,795
820848508,419,307,726
820848509,389,512,901
820848510,668,660,1328
820848511,400,389,789
820848512,558,726,1284
820848513,489,657,1146
820848514,522,864,1386
820848515,399,492,891
820848516,374,380,754
820848601,390,443,833
820848602,653,591,1244
820848603,482,500,982
820848604,477,450,927
820848605,529,634,1163
820848606,706,766,1472
820848607,749,939,1688
820848608,513,445,958
820848609,460,678,1138
820848610,795,1266,2061
820848611,424,644,1068
820848701,151,128,279
820848702,389,315,704
820848703,390,317,707
820848704,492,468,960
820848705,421,402,823
820848706,663,842,1505
820848707,593,619,1212
820848708,640,587,1227
820848709,448,524,972
820848710,543,575,1118
820848711,313,348,661
820848712,348,383,731
820848713,417,428,845
820848714,351,314,665
820848715,311,290,601
820848801,520,719,1239
820848802,431,599,1030
820848803,395,326,721
820848804,461,340,801
820848805,435,483,918
820848806,486,803,1289
820848807,577,984,1561
820848808,506,415,921
820848809,385,405,790
820848810,505,417,922
820848811,656,582,1238
820848812,517,685,1202
820848813,455,610,1065
820848814,381,358,739
820848815,362,490,852
820848816,542,605,1147
820848817,339,490,829
820848901,409,321,730
820848902,559,803,1362
820848903,673,1071,1744
820848904,415,654,1069
820848905,597,655,1252
820848906,316,311,627
820848907,370,393,763
820848908,177,299,476
820848909,520,821,1341
820848910,799,1012,1811
820848911,1111,1645,2756
820848912,947,1397,2344
820849001,260,254,514
820849002,692,986,1678
820849003,668,738,1406
820849004,425,386,811
820849005,285,266,551
820849006,148,139,287
820849007,721,843,1564
820849008,440,321,761
820849009,216,166,382
820849010,453,420,873
820849011,494,510,1004
820849012,461,385,846
820849013,314,309,623
820849501,4,5,9
820910101,202,347,549
820910102,524,460,984
820910103,448,372,820
820910104,188,219,407
820910105,176,180,356
820910106,120,144,264
820910107,364,320,684
820910108,175,166,341
820910109,88,109,197
820910110,70,74,144
820910111,124,150,274
820910112,335,454,789
820910113,463,444,907
820910201,67,106,173
820910202,109,104,213
820910203,164,226,390
820910204,97,82,179
820910205,8,20,28
820910206,165,165,330
820910207,94,341,435
820910208,30,31,61
820910209,132,135,267
820910210,69,96,165
820910211,255,307,562
820910212,41,38,79
820910213,43,95,138
820910214,391,547,938
820910216,38,35,73
820910217,147,210,357
820910218,67,55,122
820910301,116,128,244
820910302,422,368,790
820910303,205,272,477
820910304,721,735,1456
820910305,330,311,641
820910306,520,604,1124
820910307,151,185,336
820910308,440,299,739
820910309,297,229,526
820910310,549,420,969
820910311,284,196,480
820910312,653,749,1402
820910313,479,380,859
820910314,447,588,1035
820910315,239,248,487
820910316,7,7,14
820910317,689,682,1371
820910318,537,469,1006
820910319,397,303,700
820910320,309,375,684
820910321,526,421,947
820910322,566,615,1181
820910323,300,234,534
820910401,211,204,415
820910402,104,112,216
820910403,173,292,465
820910404,145,152,297
820910405,32,56,88
820910406,42,68,110
820910407,52,42,94
820910408,437,407,844
820910409,209,160,369
820910410,331,484,815
820910411,121,118,239
820910412,40,74,114
820910413,41,59,100
820910414,68,60,128
820910415,127,111,238
820910501,377,385,762
820910502,489,426,915
820910503,343,461,804
820910504,531,381,912
820910505,857,881,1738
820910506,512,328,840
820910507,988,1190,2178
820910508,717,791,1508
820910509,601,874,1475
820910510,117,123,240
820910511,147,266,413
820910512,217,371,588
820910513,488,406,894
820910601,625,821,1446
820910602,392,419,811
820910603,466,369,835
820910604,343,261,604
820910605,366,246,612
820910606,342,218,560
820910607,279,195,474
820910608,568,806,1374
820910609,419,513,932
820910610,557,623,1180
820910611,448,436,884
820910612,693,719,1412
820910613,244,322,566
820910614,313,257,570
820910615,230,252,482
820910616,253,155,408
820980101,39,28,67
820980102,27,15,42
820980103,15,8,23
820980104,32,37,69
820980105,64,33,97
820980106,30,27,57
820980107,15,29,44
820980108,153,151,304
820980109,12,19,31
820980110,54,33,87
820980111,53,56,109
820980112,61,65,126
820980113,429,295,724
820980114,537,588,1125
820980115,38,36,74
820980116,54,106,160
820980117,78,85,163
820980118,590,506,1096
820980119,343,552,895
820980120,349,291,640
820980121,526,736,1262
820980122,325,740,1065
820980201,100,121,221
820980202,62,36,98
820980203,270,401,671
820980204,29,19,48
820980205,187,233,420
820980206,282,548,830
820980207,485,745,1230
820980301,23,19,42
820980302,166,306,472
820980303,14,6,20
820980304,143,235,378
820980305,70,114,184
820980306,63,79,142
820980307,17,25,42
820980308,64,89,153
820980309,33,82,115
820980310,206,326,532
820980311,680,866,1546
820980312,172,215,387
820980313,65,80,145
820980314,54,78,132
820980315,123,170,293
820980316,924,1813,2737
820980401,455,553,1008
820980402,461,519,980
820980403,358,245,603
820980404,236,395,631
820980405,358,400,758
820980406,344,300,644
820980407,456,481,937
820980408,389,281,670
820980409,292,267,559
820980410,392,527,919
821050101,143,210,353
821050102,257,285,542
821050103,354,453,807
821050104,66,61,127
821050105,462,321,783
821050106,46,26,72
821050107,210,230,440
821050108,294,449,743
821050109,227,331,558
821050110,305,386,691
821050111,321,283,604
821050112,363,479,842
821050113,41,52,93
821050114,354,370,724
821050115,390,457,847
821050116,410,404,814
821050117,417,293,710
821050118,358,315,673
821050119,387,384,771
821050120,467,514,981
821050121,285,329,614
821050201,86,87,173
821050202,44,37,81
821050203,36,38,74
821050204,125,93,218
821050205,77,67,144
821050206,99,85,184
821050207,24,38,62
821050208,50,50,100
821050209,95,126,221
821050210,109,90,199
821050211,100,121,221
821050212,389,367,756
821050213,711,553,1264
821050214,637,554,1191
821050215,114,76,190
821050216,36,32,68
821050217,413,341,754
821050218,409,452,861
821050219,63,78,141
821050220,338,259,597
821050221,550,547,1097
821050222,492,566,1058
821050223,352,244,596
821050224,436,476,912
821050225,195,128,323
821050226,288,250,538
821050227,349,312,661
821050228,507,670,1177
821050229,322,226,548
821050230,371,263,634
821050231,389,460,849
821050301,783,1153,1936
821050302,510,529,1039
821050303,489,354,843
821050304,367,231,598
821050305,437,263,700
821050306,616,579,1195
821050307,364,264,628
821050308,615,499,1114
821050309,390,649,1039
821050310,683,801,1484
821050311,343,282,625
821050312,392,288,680
821050313,319,260,579
821050314,345,343,688
821050315,157,241,398
821050316,442,495,937
821050401,506,579,1085
821050402,411,316,727
821050403,417,278,695
821050404,420,219,639
821050405,346,264,610
821050406,433,191,624
821050407,580,469,1049
821050408,385,188,573
821050409,536,293,829
821050410,652,514,1166
821050411,386,231,617
821050412,595,429,1024
821050413,434,593,1027
821050414,637,647,1284
821050415,372,447,819
821050416,468,522,990
821050417,344,343,687
821050418,378,227,605
821050419,821,524,1345
821050420,398,296,694
821050501,57,84,141
821050502,491,471,962
821050503,188,361,549
821050504,222,215,437
821050505,396,378,774
821050506,429,452,881
821050507,120,255,375
821050508,393,504,897
821050509,295,298,593
821050510,57,37,94
821050511,375,516,891
821050512,368,324,692
821050513,614,499,1113
821050514,582,534,1116
821050515,346,249,595
821050516,349,308,657
821050517,207,404,611
821120101,167,329,496
821120102,66,80,146
821120103,364,517,881
821120104,221,315,536
821120105,356,467,823
821120106,61,84,145
821120107,72,93,165
821120108,348,305,653
821120201,16,31,47
821120202,61,57,118
821120203,368,491,859
821120204,141,315,456
821120205,207,283,490
821120206,122,188,310
821120207,231,257,488
821120208,306,313,619
821120209,659,674,1333
821120210,500,414,914
821120211,70,67,137
821120212,69,34,103
821120213,67,71,138
821120214,34,22,56
821120215,31,22,53
821120216,156,168,324
821120217,304,518,822
821120218,500,550,1050
821120219,440,296,736
821120301,75,66,141
821120302,64,65,129
821120303,242,258,500
821120304,17,39,56
821120305,43,49,92
821120306,62,65,127
821120307,120,93,213
821120308,26,13,39
821120309,29,41,70
821120310,125,169,294
821120311,438,234,672
821120312,118,167,285
821120313,111,108,219
821120314,591,579,1170
821120315,35,12,47
821120316,423,414,837
821120401,684,796,1480
821120402,370,273,643
821120403,294,211,505
821120404,510,350,860
821120405,571,892,1463
821120406,517,713,1230
821120407,478,427,905
821120408,467,337,804
821120409,433,234,667
821120410,579,318,897
821120411,354,206,560
821120412,621,614,1235
821120413,750,1136,1886
821120414,418,309,727
821120415,697,501,1198
821120416,416,367,783
821120417,328,172,500
821120418,325,400,725
821120419,551,589,1140
821190101,227,282,509
821190102,820,1018,1838
821190103,53,73,126
821190104,388,355,743
821190105,658,718,1376
821190106,562,513,1075
821190107,254,243,497
821190108,389,368,757
821190109,292,232,524
821190110,589,630,1219
821190111,376,369,745
821190112,71,76,147
821190113,15,19,34
821190114,0,2,2
821190115,57,65,122
821190116,71,50,121
821190117,600,714,1314
821190118,370,409,779
821190119,483,568,1051
821190120,1392,1832,3224
821190121,810,1011,1821
821190122,408,492,900
821190201,532,534,1066
821190202,595,697,1292
821190203,640,617,1257
821190204,469,425,894
821190205,630,403,1033
821190206,549,425,974
821190207,315,182,497
821190208,363,233,596
821190209,355,249,604
821190301,91,114,205
821190302,700,862,1562
821190303,403,328,731
821190304,727,584,1311
821190305,361,288,649
821190306,456,490,946
821190307,311,265,576
821190308,871,1165,2036
821190309,416,336,752
821190310,259,281,540
821190311,379,391,770
821190312,418,485,903
821190313,360,424,784
821190314,486,427,913
821190315,69,47,116
821190401,28,104,132
821190402,398,536,934
821190403,522,525,1047
821190404,479,412,891
821190405,98,107,205
821190406,404,531,935
821190407,469,704,1173
821190408,543,542,1085
821190409,713,699,1412
821190410,550,430,980
821190411,146,135,281
821190412,367,532,899
821190413,523,709,1232
821190414,731,1020,1751
821190415,570,716,1286
821190416,434,458,892
821190417,656,800,1456
821190418,347,255,602
821190419,529,390,919
821190420,434,448,882
821190422,522,410,932
821190423,344,397,741
821190424,429,477,906
821190425,398,343,741
821190426,363,700,1063
821190501,78,51,129
821190502,561,564,1125
821190503,675,604,1279
821190504,117,97,214
821190505,1,1,2
821190506,119,89,208
821190507,622,817,1439
821190508,410,483,893
821190509,375,312,687
821190510,592,714,1306
821190511,521,468,989
821190512,345,284,629
821190513,413,353,766
821190514,580,513,1093
821190515,728,900,1628
821190516,187,136,323
821190517,311,239,550
821190518,301,288,589
821190519,547,565,1112
821190601,149,145,294
821190602,419,293,712
821190603,785,646,1431
821190604,446,335,781
821190605,36,26,62
821190606,334,283,617
821190607,21,19,40
821190608,747,651,1398
821190609,625,501,1126
821190610,73,64,137
821190611,517,356,873
821190612,566,456,1022
821190613,26,26,52
821190614,514,415,929
821190701,606,570,1176
821190702,600,692,1292
821190703,513,647,1160
821190704,466,464,930
821190705,628,646,1274
821190706,519,343,862
821190707,301,201,502
821190708,469,327,796
821190709,454,384,838
821190710,478,327,805
821190711,316,222,538
821190712,434,339,773
821190713,161,121,282
821190714,395,325,720
821190715,768,849,1617
821190716,533,599,1132
821190801,460,549,1009
821190802,724,598,1322
821190803,566,385,951
821190804,441,390,831
821190805,724,972,1696
821190806,301,237,538
821190807,529,500,1029
821190808,548,486,1034
821190809,428,315,743
821190810,487,363,850
821190811,336,327,663
821190812,250,225,475
821190813,501,425,926
821190814,533,642,1175
821190815,544,555,1099
821190816,413,446,859
821190817,54,108,162
821190818,388,270,658
821190901,33,46,79
821190902,258,525,783
821190903,381,456,837
821190904,420,310,730
821190905,305,337,642
821190906,665,801,1466
821190907,409,357,766
821190908,325,299,624
821190909,383,314,697
821190910,265,184,449
821190911,287,213,500
821190912,339,281,620
821190913,710,872,1582
821190914,64,55,119
821191001,334,276,610
821191002,357,249,606
821191003,322,251,573
821191004,374,425,799
821191005,393,319,712
821191006,329,490,819
821191007,573,699,1272
821191008,432,297,729
821191009,388,255,643
821191010,278,201,479
821191011,416,323,739
821191012,455,440,895
821191013,464,356,820
821191014,280,215,495
821199301,29,30,59
821199401,4,5,9
821199402,2,7,9
821199403,6,1,7
821199601,2,3,5
821199701,1,4,5
821260101,301,245,546
821260102,81,136,217
821260103,184,188,372
821260104,433,382,815
821260105,158,207,365
821260106,640,424,1064
821260107,485,442,927
821260108,578,413,991
821260109,391,163,554
821260110,391,260,651
821260111,65,76,141
821260112,143,128,271
821260113,90,142,232
821260114,346,223,569
821260201,583,460,1043
821260202,493,327,820
821260203,29,30,59
821260204,150,135,285
821260205,48,93,141
821260206,282,346,628
821260207,656,494,1150
821260208,701,529,1230
821260209,545,293,838
821260210,619,623,1242
821260211,55,58,113
821260212,74,90,164
821260213,98,84,182
821260214,57,44,101
821260215,166,159,325
821260216,59,67,126
821260217,577,460,1037
821260301,134,122,256
821260302,579,338,917
821260303,542,392,934
821260304,492,549,1041
821260305,172,190,362
821260306,132,123,255
821260307,503,520,1023
821260308,225,338,563
821260309,483,522,1005
821260310,367,250,617
821260311,529,376,905
821260312,355,232,587
821260313,642,669,1311
821260314,554,407,961
821260315,412,281,693
821260316,283,173,456
821260317,625,599,1224
821260318,358,250,608
821260319,536,494,1030
821260401,624,534,1158
821260402,110,100,210
821260403,111,64,175
821260404,633,425,1058
821260405,445,461,906
821260406,612,431,1043
821260407,291,333,624
821260408,434,303,737
821260409,775,666,1441
821260410,400,251,651
821260411,706,591,1297
821260501,325,267,592
821260502,385,457,842
821260503,595,500,1095
821260504,438,296,734
821260505,449,327,776
821260506,671,951,1622
821260507,429,290,719
821260508,408,253,661
821260509,479,505,984
821260510,469,412,881
821260511,596,371,967
821260512,570,462,1032
821260513,391,330,721
821260514,375,479,854
821260515,474,494,968
821260516,520,485,1005
821260517,629,545,1174
821330101,32,34,66
821330102,39,52,91
821330103,11,10,21
821330104,15,29,44
821330105,28,40,68
821330106,1,5,6
821330107,50,133,183
821330108,28,48,76
821330109,0,2,2
821330110,0,0,0
821330201,316,573,889
821330202,26,28,54
821330203,10,6,16
821330204,185,257,442
821330205,5,11,16
821330206,94,181,275
821330207,40,62,102
821330208,6,9,15
821330209,101,175,276
821330210,6,14,20
821330211,58,104,162
821330212,535,843,1378
821330213,347,549,896
821330214,31,83,114
821330215,56,110,166
821330216,36,65,101
821330217,14,22,36
821330218,39,48,87
821330219,312,537,849
821330220,7,3,10
821330301,7,11,18
821330302,0,0,0
821330303,58,108,166
821330304,11,23,34
821330305,17,20,37
821330306,0,1,1
821330307,36,31,67
821330308,71,81,152
821330309,13,27,40
821330310,58,75,133
821330311,131,258,389
821330312,82,138,220
821330313,612,1049,1661
821330314,64,126,190
821330315,10,43,53
821330316,20,50,70
821330317,24,29,53
821330318,57,63,120
821330401,392,916,1308
821330402,434,563,997
821330403,291,464,755
821330404,552,547,1099
821330405,545,355,900
821330406,391,482,873
821330407,343,253,596
821330408,275,152,427
821330409,426,403,829
821330410,559,650,1209
821330411,402,277,679
821330412,504,470,974
821330413,380,605,985
821330414,387,431,818
821330415,579,1260,1839
821330416,288,641,929
821330417,535,601,1136
821330501,61,89,150
821330502,24,48,72
821330503,19,7,26
821330504,115,211,326
821330505,59,168,227
821330506,0,9,9
821330507,7,2,9
821330508,9,11,20
821330509,69,97,166
821330510,42,54,96
821330511,75,149,224
821330512,29,27,56
821330513,9,7,16
821330514,46,55,101
821330515,24,27,51
821330516,12,18,30
821330517,147,205,352
821330518,68,87,155
821330519,0,0,0
821330520,16,18,34
821330521,0,0,0
821330522,40,60,100
821330523,38,46,84
821330524,36,36,72
821330525,45,39,84
821330526,8,17,25
821330527,23,32,55
821330528,50,115,165
821330529,8,11,19
821330530,19,18,37
821330531,17,17,34
821330532,10,22,32
821330533,542,501,1043
821330534,334,363,697
821330601,7,26,33
821330602,92,168,260
821330603,139,203,342
821330604,668,694,1362
821330605,504,720,1224
821330606,11,17,28
821330607,12,4,16
821330608,135,177,312
821330609,15,13,28
821330610,34,38,72
821330611,8,7,15
821330612,12,20,32
821330613,22,20,42
821330614,49,59,108
821330615,12,15,27
821330616,8,7,15
821330617,262,593,855
821330618,373,595,968
821330619,902,866,1768
821330620,514,1059,1573
821330621,412,284,696
821330622,32,40,72
821330623,29,31,60
821330624,24,17,41
821330625,7,18,25
821330626,19,24,43
821330627,21,24,45
821330628,11,12,23
821330629,513,1036,1549
821330630,350,372,722
821330631,289,439,728
860070101,43,84,127
860070102,116,156,272
860070103,96,330,426
860070104,127,277,404
860070105,255,364,619
860070106,444,716,1160
860070107,367,812,1179
860070108,291,587,878
860070201,9,13,22
860070202,19,62,81
860070203,29,93,122
860070204,6,6,12
860070205,5,11,16
860070206,334,555,889
860070301,7,13,20
860070302,19,33,52
860070303,29,30,59
860070304,34,58,92
860140101,224,687,911
860140102,104,159,263
860140103,139,257,396
860140201,60,121,181
860140202,192,368,560
860140203,47,110,157
860140301,66,110,176
860140302,10,14,24
860140401,15,48,63
860140402,110,125,235
860140501,29,74,103
860140502,212,629,841
860140503,263,494,757
860140504,263,628,891
860140601,14,59,73
860140602,44,187,231
860140603,164,303,467
860140701,1,5,6
860140702,246,737,983
860140703,443,814,1257
860140704,383,1006,1389
860140705,395,743,1138
860140706,381,899,1280
860140801,69,151,220
860140802,42,91,133
860140901,223,432,655
860140902,132,124,256
860140903,79,144,223
860210101,38,71,109
860210102,75,140,215
860210103,164,323,487
860210104,154,228,382
860210105,42,64,106
860210201,383,894,1277
860210202,348,930,1278
860210203,38,82,120
860210204,212,499,711
860210205,98,214,312
860210206,185,301,486
860210207,269,596,865
860210208,371,596,967
860210209,290,647,937
860210301,82,114,196
860210302,74,71,145
860210303,22,31,53
860210304,48,71,119
860210305,10,25,35
860210306,34,58,92
860280101,140,247,387
860280102,110,217,327
860280103,88,123,211
860280104,113,83,196
860280201,79,105,184
860280202,36,91,127
860280203,135,273,408
860280204,47,117,164
860280205,120,132,252
860280206,229,498,727
860280207,366,651,1017
860280301,253,390,643
860280302,157,353,510
860280303,95,152,247
860280304,312,574,886
860280305,259,447,706
860280401,118,252,370
860280402,54,168,222
860280403,225,495,720
860280404,139,288,427
860280405,100,301,401
860280406,322,590,912
860280407,260,520,780
860280408,487,907,1394
860280409,490,795,1285
860280410,302,580,882
860280501,181,386,567
860280502,162,335,497
860280503,112,270,382
860280504,328,847,1175
860350101,80,158,238
860350102,84,186,270
860350201,92,92,184
860350202,57,68,125
860350203,128,459,587
860350301,47,69,116
860350302,31,20,51
860350303,60,79,139
860350401,210,272,482
860350402,184,281,465
860350501,151,303,454
860350502,110,257,367
860350503,53,194,247
860350601,269,684,953
860350602,200,468,668
860350701,94,219,313
860350702,160,323,483
860350703,161,229,390
860350704,262,753,1015
860350705,108,152,260
860350706,154,195,349
860350707,318,600,918
860350801,120,170,290
860350802,42,138,180
860350803,330,479,809
860350804,366,586,952
860350805,563,773,1336
860350806,361,475,836
860350807,545,1006,1551
860350808,396,489,885
860350809,380,607,987
860350810,635,1059,1694
860350901,217,352,569
860350902,129,218,347
860351001,585,876,1461
860351002,264,487,751
860351003,77,96,173
860351004,265,361,626
860351005,220,214,434
860351101,441,628,1069
860351102,293,418,711
860351103,93,129,222
860351104,112,176,288
860351105,54,95,149
860351106,203,297,500
860351107,649,1280,1929
860351108,649,853,1502
860351109,578,1045,1623
860351110,1,0,1
860351111,113,151,264
860351112,377,554,931
860351113,519,745,1264
860351114,417,577,994
860351201,142,194,336
860351202,237,352,589
860351203,277,487,764
860351204,166,376,542
860351205,511,856,1367
860351206,304,508,812
860351207,639,978,1617
860351208,532,587,1119
860351209,405,426,831
860351210,405,397,802
860351211,449,531,980
860351213,435,687,1122
860351214,611,851,1462
860351215,429,582,1011
860351216,295,439,734
860351217,339,547,886
860351218,313,452,765
860351219,708,1004,1712
860351220,423,530,953
860351221,52,47,99
860351301,436,768,1204
860351302,451,725,1176
860351303,610,910,1520
860351304,361,380,741
860351305,265,303,568
860351306,359,428,787
860351307,606,935,1541
860351308,653,1025,1678
860351309,410,520,930
860351310,390,628,1018
860351311,333,604,937
860351312,390,644,1034
860351313,423,723,1146
860351314,420,656,1076
860351315,387,864,1251
860351316,357,856,1213
860351317,373,446,819
860351318,444,617,1061
860351319,464,818,1282
860351401,620,1125,1745
860351402,308,723,1031
860351403,574,1015,1589
860351404,470,698,1168
860351405,537,897,1434
860351406,438,510,948
860351407,280,583,863
860351408,473,626,1099
860351409,407,522,929
860351410,402,456,858
860351411,388,296,684
860351412,486,533,1019
860351413,374,423,797
860351414,632,996,1628
860351415,415,557,972
860351416,348,495,843
860351501,394,359,753
860351502,446,521,967
860351503,372,496,868
860351504,594,743,1337
860351505,391,518,909
860351506,581,826,1407
860351507,486,457,943
860351508,232,193,425
860351509,418,346,764
860351510,564,705,1269
860351511,545,902,1447
860351512,284,504,788
860351513,443,735,1178
860351514,453,656,1109
860351515,451,609,1060
860351516,470,678,1148
860351517,332,626,958
860351601,260,285,545
860351602,343,267,610
860351603,459,404,863
860351604,619,594,1213
860351605,401,441,842
860351606,258,381,639
860351607,514,555,1069
860351608,389,463,852
860351609,600,695,1295
860351610,572,677,1249
860351611,378,582,960
860351612,502,1050,1552
860351613,376,580,956
860420101,107,135,242
860420102,23,17,40
860420103,25,23,48
860420201,12,19,31
860420202,348,600,948
860420203,26,32,58
860420204,6,14,20
860420205,291,482,773
860420206,500,874,1374
860420207,441,778,1219
860420208,448,603,1051
860420209,430,730,1160
860420301,157,153,310
860420302,25,14,39
860420303,46,39,85
860420304,21,31,52
860420305,121,285,406
860490101,247,422,669
860490102,228,345,573
860490103,84,168,252
860490201,568,673,1241
860490202,809,1054,1863
860490301,19,27,46
860490302,14,21,35
860490303,478,810,1288
860490304,373,540,913
860490305,419,827,1246
860490306,449,888,1337
860490307,421,665,1086
860490308,293,612,905
860490309,352,741,1093
860490310,256,469,725
860490311,344,594,938
860490312,278,433,711
860490313,175,236,411
860490314,440,721,1161
860490401,76,186,262
860490402,185,310,495
860490403,75,88,163
860490404,63,65,128
860490501,1178,1420,2598
860490502,731,1268,1999
860490503,324,669,993
860490504,463,681,1144
860490505,256,419,675
860490506,463,719,1182
860490507,301,679,980
860490508,404,666,1070
860490509,589,903,1492
860490510,149,298,447
860490511,384,609,993
860490512,495,704,1199
860490513,435,614,1049
860490514,498,969,1467
860490515,361,581,942
860490516,634,751,1385
860490517,318,465,783
860490518,385,615,1000
860490519,466,642,1108
860490520,425,507,932
860490521,239,387,626
860490522,388,795,1183
860490523,169,147,316
860490601,120,206,326
860490602,103,88,191
860490801,475,642,1117
860490802,348,495,843
860490803,284,321,605
860490804,347,447,794
860490805,323,272,595
860490806,256,180,436
860490807,288,330,618
860490808,266,280,546
860490809,374,415,789
860490810,489,411,900
860490811,314,288,602
860490812,576,722,1298
860490813,413,481,894
860490814,275,471,746
860490815,387,525,912
860490816,364,445,809
860490817,581,771,1352
860490818,296,472,768
860490819,424,397,821
860490901,383,632,1015
860490902,384,393,777
860490903,363,312,675
860490904,461,426,887
860490905,393,345,738
860490906,324,254,578
860490907,259,191,450
860490908,266,174,440
860490909,396,260,656
860490910,185,125,310
860490911,200,177,377
860490912,225,192,417
860490913,295,264,559
860490914,323,243,566
860490915,449,319,768
860490916,358,371,729
860490917,433,441,874
860490918,446,473,919
860490919,356,377,733
860490920,173,149,322
860490921,300,253,553
860490922,253,174,427
860491001,592,656,1248
860491002,272,543,815
860491003,552,1404,1956
860491004,306,826,1132
860491005,425,587,1012
860491006,429,1043,1472
860491007,534,853,1387
860491008,371,722,1093
860491009,388,449,837
860491010,284,285,569
860491011,326,257,583
860491012,415,458,873
860491013,250,228,478
860491014,262,288,550
860491015,379,433,812
860491016,412,462,874
860491017,575,907,1482
860491018,429,719,1148
860491019,460,817,1277
860491020,441,582,1023
860491101,565,737,1302
860491102,496,587,1083
860491103,485,772,1257
860491104,394,416,810
860491105,407,457,864
860491106,535,763,1298
860491107,405,440,845
860491108,416,537,953
860491109,580,636,1216
860491110,433,410,843
860491111,557,476,1033
860491112,576,670,1246
860491113,529,853,1382
860491114,541,647,1188
860491115,428,640,1068
860491201,387,448,835
860491202,370,349,719
860491203,438,428,866
860491204,409,433,842
860491205,316,414,730
860491206,426,506,932
860491207,317,428,745
860491208,501,590,1091
860491209,327,451,778
860491210,573,644,1217
860491211,307,297,604
860491212,305,339,644
860491213,429,474,903
860491214,387,375,762
860491215,414,504,918
860491216,376,620,996
860491217,429,607,1036
860491218,328,459,787
860491219,332,451,783
860491220,320,415,735
860491301,481,403,884
860491302,370,277,647
860491303,385,302,687
860491304,483,449,932
860491305,498,427,925
860491306,477,379,856
860491307,336,516,852
860491308,403,605,1008
860491309,522,556,1078
860491310,487,408,895
860491311,413,364,777
860491312,322,255,577
860491313,216,164,380
860491314,243,271,514
860491401,274,314,588
860491402,409,485,894
860491403,511,582,1093
860491404,372,450,822
860491405,472,420,892
860491406,407,572,979
860491407,358,450,808
860491408,314,403,717
860491409,239,307,546
860491410,456,450,906
860491411,407,443,850
860491412,517,646,1163
860491413,395,422,817
860491414,335,411,746
860491415,548,564,1112
860491501,427,564,991
860491502,378,506,884
860491503,504,586,1090
860491504,405,514,919
860491505,304,376,680
860491506,511,756,1267
860491507,319,578,897
860491508,605,945,1550
860491509,443,582,1025
860491510,451,559,1010
860491511,342,513,855
860491512,425,760,1185
860491513,290,290,580
860491514,460,943,1403
860491515,338,464,802
860491601,551,797,1348
860491602,543,816,1359
860491603,450,635,1085
860491604,524,650,1174
860491605,588,730,1318
860491606,367,542,909
860491607,399,880,1279
860491608,428,416,844
860491609,416,410,826
860491610,414,805,1219
860491611,349,288,637
860491612,466,490,956
860491613,507,667,1174
860491614,257,504,761
860491615,434,774,1208
860491616,275,619,894
860491701,265,358,623
860491702,328,427,755
860491703,414,485,899
860491704,470,583,1053
860491705,409,616,1025
860491706,394,690,1084
860491707,459,779,1238
860491708,286,567,853
860491709,510,845,1355
860491710,526,695,1221
860491711,434,636,1070
860491712,688,976,1664
860491713,448,707,1155
860491714,455,708,1163
860491715,448,701,1149
860491716,366,657,1023
860491717,373,653,1026
860491718,421,684,1105
860491801,345,680,1025
860491802,502,771,1273
860491803,424,771,1195
860491804,511,790,1301
860491805,477,760,1237
860491806,301,422,723
860491807,448,602,1050
860491808,366,610,976
860491809,412,693,1105
860491810,378,727,1105
860491811,278,514,792
860491812,109,192,301
860491813,269,403,672
860491814,283,500,783
860491815,401,807,1208
860491816,398,645,1043
860491817,454,727,1181
860491901,296,395,691
860491902,510,734,1244
860491903,478,810,1288
860491904,439,668,1107
860491905,384,677,1061
860491906,441,759,1200
860491907,324,481,805
860491908,463,624,1087
860491909,325,538,863
860491910,65,110,175
860491911,317,644,961
860491912,351,668,1019
860491913,201,313,514
860491914,382,582,964
860491915,228,338,566
860491916,432,629,1061
860560101,207,433,640
860560102,384,804,1188
860560103,278,555,833
860560104,460,663,1123
860560201,46,133,179
860560202,146,357,503
860560203,205,397,602
860560204,124,179,303
860560205,128,272,400
860560206,78,119,197
860560301,62,87,149
860560302,65,141,206
860560303,116,363,479
860560304,97,225,322
860560305,74,168,242
860560306,384,1042,1426
860560307,396,872,1268
860560308,292,758,1050
860560309,171,669,840
860560310,245,517,762
860560311,300,595,895
860560312,551,1113,1664
860560313,268,316,584
860560314,196,541,737
860560315,260,696,956
860560401,45,158,203
860560402,84,282,366
860560403,50,177,227
860560404,164,408,572
860560405,304,938,1242
860560501,882,806,1688
860560502,223,642,865
860560503,265,603,868
860560504,226,683,909
860560505,246,676,922
860630101,8,26,34
860630102,236,266,502
860630103,247,389,636
860630104,167,175,342
860630105,43,84,127
860630106,291,378,669
860630201,173,251,424
860630202,78,136,214
860630203,132,140,272
860630204,50,45,95
860630205,325,685,1010
860630301,130,173,303
860630302,61,69,130
860630303,311,555,866
860630401,44,49,93
860630402,39,84,123
860630403,205,367,572
860630501,65,143,208
860630502,38,72,110
860630601,184,453,637
860630602,425,553,978
860630603,210,257,467
860630604,245,428,673
860630605,442,603,1045
860630606,276,536,812
860630607,369,376,745
860630608,424,292,716
860630609,405,438,843
860630610,450,410,860
860630611,437,460,897
860630612,404,424,828
860630613,340,520,860
860630614,401,379,780
860630615,341,260,601
860630701,0,0,0
860630702,0,0,0
860630703,0,0,0
860630801,457,736,1193
860630802,405,341,746
860630803,253,186,439
860630804,329,279,608
860630805,302,327,629
860630806,376,431,807
860630807,335,542,877
860630808,324,397,721
860630809,222,186,408
860630810,501,367,868
860630811,419,455,874
860630812,260,394,654
860630813,442,518,960
860630814,256,370,626
860630815,419,664,1083
860700101,198,302,500
860700102,142,342,484
860700103,166,388,554
860700104,204,378,582
860700201,300,704,1004
860700202,375,1126,1501
860700203,213,480,693
860700301,49,72,121
860700302,227,285,512
860700401,741,1591,2332
860700402,323,680,1003
860700403,209,424,633
860700501,218,308,526
860700502,213,290,503
860700503,233,574,807
860700504,38,113,151
860700505,168,294,462
860700601,98,191,289
860700602,99,197,296
860700603,471,922,1393
860770101,379,750,1129
860770102,247,477,724
860770103,307,651,958
860770201,108,301,409
860770202,453,1294,1747
860770203,194,573,767
860770204,126,226,352
860770205,450,705,1155
860770206,268,625,893
860770207,271,461,732
860770301,204,537,741
860770302,221,424,645
860770303,78,116,194
860770401,60,122,182
860770402,192,344,536
860770403,206,313,519
860770404,48,89,137
860770405,314,523,837
860770501,259,533,792
860770502,422,679,1101
860770503,234,464,698
860770504,286,512,798
860770505,387,840,1227
860770506,268,511,779
860770507,243,475,718
860770508,435,581,1016
860770509,316,289,605
860770510,215,329,544
860770511,229,425,654
860770512,294,458,752
860770601,226,409,635
860770602,304,318,622
860770603,299,318,617
860770604,319,289,608
860770605,284,373,657
860770606,238,349,587
860770607,195,384,579
860770608,381,841,1222
860770609,297,418,715
860770610,309,589,898
860770611,346,478,824
860770612,295,552,847
860840101,67,72,139
860840102,200,205,405
860840103,39,49,88
860840201,157,250,407
860840202,72,106,178
860840301,351,413,764
860840302,76,119,195
860840303,144,203,347
860840304,118,195,313
860840305,126,147,273
860840401,56,132,188
860840402,28,26,54
860840403,58,30,88
860840404,33,35,68
860840405,74,180,254
860840406,222,385,607
860840407,348,458,806
860840408,337,414,751
860840409,238,374,612
860910101,170,261,431
860910102,33,91,124
860910103,189,309,498
860910104,74,203,277
860910105,412,813,1225
860910106,174,423,597
860910107,125,196,321
860910108,22,27,49
860910109,337,772,1109
860910201,67,118,185
860910202,16,31,47
860910203,209,101,310
860910204,7,14,21
860910301,79,115,194
860910302,18,56,74
860910401,70,68,138
860910402,77,112,189
860910403,158,281,439
860910404,187,313,500
860910405,241,332,573
860910406,439,811,1250
860910407,242,392,634
860910408,46,99,145
860910409,43,59,102
860910410,386,782,1168
860910411,379,676,1055
860980101,120,137,257
860980102,25,22,47
860980103,142,284,426
860980104,49,54,103
860980105,41,85,126
860980106,40,48,88
860980107,11,18,29
860980108,411,986,1397
860980109,625,1143,1768
860980110,426,726,1152
860980111,282,745,1027
860980112,242,489,731
860980201,103,357,460
860980202,8,18,26
860980203,31,104,135
860980204,43,94,137
860980205,252,669,921
860980301,46,180,226
860980302,53,94,147
860980303,7,17,24
860980304,21,21,42
860980305,312,1032,1344
860980401,178,599,777
860980402,169,338,507
860980403,195,261,456
860980501,72,143,215
860980502,184,519,703
860980503,296,605,901
860980601,27,42,69
860980602,43,152,195
860980603,10,49,59
860980701,61,67,128
860980702,27,28,55
860980703,12,14,26
861050101,697,1279,1976
861050102,93,131,224
861050201,391,673,1064
861050202,80,102,182
861050203,572,739,1311
861050204,666,823,1489
861050205,415,532,947
861050206,416,594,1010
861050207,527,654,1181
861050208,514,516,1030
861050209,510,707,1217
861050210,531,753,1284
861050211,370,642,1012
861050212,421,682,1103
861050301,425,663,1088
861050302,221,298,519
861050303,132,206,338
861120101,72,59,131
861120102,56,167,223
861120103,55,69,124
861120104,36,81,117
861120105,38,91,129
861120201,69,112,181
861120202,30,41,71
861120203,173,270,443
861120302,35,109,144
861190101,509,959,1468
861190102,517,1199,1716
861190103,340,864,1204
861190104,508,1221,1729
861190201,93,280,373
861190202,36,54,90
861190203,78,111,189
861190301,204,269,473
861190302,83,128,211
861190303,116,237,353
861190304,27,86,113
861190401,127,232,359
861190402,19,53,72
861190403,45,92,137
861190404,377,747,1124
861190405,149,339,488
861190406,700,952,1652
861190407,466,588,1054
861190408,591,839,1430
861190409,606,645,1251
861190410,470,846,1316
861190411,355,553,908
861190412,450,843,1293
861190413,590,1116,1706
861190414,464,651,1115
861190415,340,641,981
861190501,337,711,1048
861190502,508,907,1415
861190503,202,274,476
861260101,49,47,96
861260102,13,6,19
861260201,244,330,574
861260202,74,46,120
861260203,195,202,397
861260204,122,205,327
861260301,282,378,660
861260302,108,191,299
861260303,74,160,234
861260304,29,45,74
861260305,84,110,194
861260306,28,59,87
861260307,330,628,958
861260308,353,709,1062
861260309,563,883,1446
861260310,583,925,1508
861260311,433,444,877
861260312,443,635,1078
861260313,398,599,997
861260401,105,132,237
861260402,125,142,267
861260403,190,235,425
861260404,43,31,74
861330101,89,102,191
861330102,91,206,297
861330103,172,293,465
861330201,142,329,471
861330202,86,155,241
861330203,180,588,768
861330204,172,359,531
861330205,404,786,1190
861330301,154,317,471
861330302,83,192,275
861330303,133,330,463
861330304,31,52,83
861330305,41,94,135
861330401,108,139,247
861330402,54,104,158
861330403,282,780,1062
861330404,282,824,1106
861330405,38,114,152
861330406,199,335,534
861330407,255,321,576
861330408,230,435,665
861330409,278,471,749
861330410,528,1071,1599
861330501,10,32,42
861330502,21,39,60
861330503,38,86,124
861330504,111,285,396
861330505,296,767,1063
861330601,58,156,214
861330602,61,140,201
861330603,84,166,250
861330701,185,568,753
861330702,118,286,404
861330801,35,210,245
861330802,236,555,791
861400101,157,170,327
861400102,62,91,153
861400103,297,376,673
861400104,155,94,249
861400105,176,207,383
861400201,161,201,362
861400202,100,123,223
861400203,116,88,204
861400204,172,242,414
861400205,245,297,542
861400206,436,691,1127
861400207,271,439,710
861400208,251,421,672
861400209,277,675,952
861400210,298,453,751
861400301,170,284,454
861400302,71,166,237
861400303,142,322,464
861470101,153,277,430
861470102,301,657,958
861470103,352,834,1186
861470104,131,420,551
861470201,216,443,659
861470202,334,1072,1406
861470301,940,2205,3145
861470302,174,346,520
861470401,673,1487,2160
861470402,193,242,435
861470403,198,478,676
861470501,274,389,663
861470502,328,669,997
861470503,149,306,455
861470504,156,314,470
861470601,145,351,496
861470602,180,228,408
861470603,145,356,501
861470701,66,74,140
861470702,109,147,256
861470703,250,440,690
861470704,190,526,716
861470705,104,212,316
861470706,145,344,489
861470801,431,721,1152
861470802,422,636,1058
861470803,482,536,1018
861470804,286,299,585
861470805,287,335,622
861470806,380,562,942
861470807,453,774,1227
861470808,473,605,1078
861470809,336,577,913
861470810,244,389,633
861470811,370,586,956
861470812,364,509,873
861470813,255,525,780
861470814,403,564,967
861470815,181,193,374
861470816,305,354,659
861470817,261,352,613
861470901,296,447,743
861470902,469,779,1248
861470903,310,516,826
861470904,187,529,716
861470905,291,627,918
861470906,266,336,602
861470907,181,133,314
861470908,243,238,481
861470909,318,412,730
861470910,215,262,477
861470911,125,93,218
861470912,425,507,932
861470913,233,394,627
861470914,185,650,835
861470915,325,415,740
861470916,211,586,797
861470917,290,373,663
861470918,178,369,547
861470919,260,513,773
861540101,45,38,83
861540102,89,121,210
861540103,27,26,53
861540104,72,84,156
861540105,29,73,102
861540106,432,489,921
861540107,354,654,1008
861540108,309,235,544
861540201,39,56,95
861540202,67,121,188
861540203,217,262,479
861540204,11,20,31
861540301,24,42,66
861540302,76,87,163
861540303,102,110,212
861610101,268,328,596
861610102,359,435,794
861610103,202,349,551
861610104,132,296,428
861610105,494,666,1160
861610106,279,473,752
861610107,337,482,819
861610108,319,630,949
861610109,449,667,1116
861610110,406,830,1236
861610111,267,682,949
861610112,275,798,1073
861610201,68,160,228
861610202,51,39,90
861610203,383,743,1126
861610204,242,540,782
861610205,212,419,631
861610206,262,549,811
861610301,478,831,1309
861610302,366,652,1018
861610303,53,88,141
861610304,83,216,299
861610305,343,630,973
861610306,263,303,566
861610307,46,95,141
861610308,607,1004,1611
861610309,392,635,1027
861610310,363,453,816
861610311,294,383,677
861610312,413,407,820
861610313,273,323,596
861610314,380,428,808
861610315,275,639,914
861610316,422,747,1169
861610317,294,434,728
861610318,451,606,1057
861610319,302,439,741
861610401,67,179,246
861610402,103,217,320
861610403,138,287,425
861610404,281,429,710
861610405,137,219,356
861610406,172,239,411
861610407,68,137,205
861610408,64,134,198
861610409,432,632,1064
861610410,465,640,1105
861610411,273,455,728
861610412,373,675,1048
861610413,230,434,664
861680101,126,231,357
861680102,114,295,409
861680103,194,330,524
861680104,124,151,275
861680105,169,266,435
861680201,172,398,570
861680202,275,428,703
861680203,178,297,475
861680204,137,310,447
861680205,276,414,690
861680206,465,733,1198
861680207,368,616,984
861680301,271,513,784
861680302,251,408,659
861680303,78,177,255
861680304,146,295,441
861750101,473,758,1231
861750102,75,130,205
861750103,177,225,402
861750201,57,232,289
861750202,118,143,261
861750203,128,310,438
861750204,323,655,978
861750301,246,513,759
861750302,67,115,182
861750303,264,338,602
861750304,318,452,770
861750305,150,364,514
861750306,231,359,590
861750307,247,602,849
861820101,8,36,44
861820102,24,76,100
861820103,130,191,321
861820201,80,127,207
861820202,9,120,129
861820203,87,181,268
861820204,44,82,126
861820205,336,614,950
861820206,395,805,1200
861820301,93,157,250
861820302,74,134,208
861890101,452,657,1109
861890102,201,282,483
861890103,384,602,986
861890201,317,579,896
861890202,277,299,576
861890203,15,10,25
861890301,238,343,581
861890302,442,578,1020
861890303,383,542,925
900070101,16,26,42
900070102,24,35,59
900070103,55,81,136
900070104,102,183,285
900070105,102,133,235
900070201,34,54,88
900070202,37,55,92
900070203,18,33,51
900070204,102,241,343
900070205,202,272,474
900070206,95,195,290
900070301,30,55,85
900070302,23,36,59
900070303,19,54,73
900070304,18,22,40
900070305,42,50,92
900070306,153,274,427
900070401,78,176,254
900070402,61,127,188
900070403,145,257,402
900070404,87,144,231
900070405,311,553,864
900070406,14,12,26
900070407,76,240,316
900070408,507,749,1256
900070409,420,686,1106
900070410,377,747,1124
900070501,116,133,249
900070502,86,85,171
900070503,130,160,290
900070504,89,133,222
900070505,136,171,307
900070506,127,191,318
900070507,86,128,214
900070508,110,168,278
900070509,180,228,408
900070601,186,265,451
900070602,143,186,329
900070603,62,78,140
900070604,240,310,550
900070605,98,175,273
900070606,213,212,425
900070607,241,423,664
900070608,102,134,236
900070609,195,270,465
900070610,127,235,362
900070611,353,512,865
900070701,199,221,420
900070702,160,219,379
900070703,221,297,518
900070704,234,335,569
900070705,81,130,211
900070706,25,18,43
900070707,70,163,233
900070708,116,143,259
900070709,99,116,215
900070710,540,795,1335
900070711,189,317,506
900070712,722,828,1550
900070801,138,272,410
900070802,51,61,112
900070803,123,161,284
900070804,51,55,106
900070805,234,363,597
900070806,98,138,236
900070807,411,666,1077
900070808,280,379,659
900070809,90,120,210
900070901,27,27,54
900070902,141,174,315
900070903,194,289,483
900070904,296,490,786
900070905,74,150,224
900071001,180,291,471
900071002,99,105,204
900071003,75,127,202
900071004,51,82,133
900071005,276,499,775
900071006,50,111,161
900071007,350,761,1111
900140101,135,231,366
900140102,354,642,996
900140103,615,931,1546
900140104,269,370,639
900140105,311,446,757
900140106,228,400,628
900140107,423,552,975
900140108,352,420,772
900140109,794,976,1770
900140110,552,825,1377
900140111,198,292,490
900140112,860,1445,2305
900140113,645,889,1534
900140114,732,1096,1828
900140115,617,920,1537
900140116,621,1023,1644
900140117,278,465,743
900140118,396,669,1065
900140119,395,668,1063
900140120,380,508,888
900140121,651,799,1450
900140122,651,987,1638
900140123,528,680,1208
900140124,433,591,1024
900140125,307,661,968
900140126,773,1156,1929
900140127,667,931,1598
900140128,461,538,999
900140129,532,685,1217
900140130,681,1195,1876
900140131,604,1000,1604
900140201,82,139,221
900140202,218,306,524
900140203,46,69,115
900140204,208,292,500
900140205,266,434,700
900140206,58,81,139
900140207,578,703,1281
900140208,521,702,1223
900140209,352,468,820
900140210,336,478,814
900140211,354,602,956
900140301,374,452,826
900140302,79,118,197
900140303,46,50,96
900140304,99,145,244
900140401,45,82,127
900140402,59,90,149
900140403,293,402,695
900140404,369,445,814
900140501,34,64,98
900140502,125,216,341
900140503,154,288,442
900140504,76,127,203
900140505,117,162,279
900140506,123,185,308
900140601,169,265,434
900140602,16,35,51
900140603,10,15,25
900140604,31,45,76
900140605,8,8,16
900140606,190,240,430
900140607,90,103,193
900140608,252,338,590
900140609,479,571,1050
900140610,665,711,1376
900140611,387,556,943
900140612,483,700,1183
900140613,467,703,1170
900140614,394,472,866
900140701,211,235,446
900140702,13,32,45
900140703,327,447,774
900140704,336,454,790
900140705,78,123,201
900140706,237,337,574
900140707,72,67,139
900140708,350,446,796
900140709,82,135,217
900140710,572,664,1236
900140711,417,702,1119
900140712,413,534,947
900140713,693,787,1480
900140714,390,625,1015
900140801,120,165,285
900140802,116,135,251
900140803,158,207,365
900140804,62,79,141
900140805,273,318,591
900140806,114,114,228
900140901,336,451,787
900140902,216,260,476
900140903,220,344,564
900140904,119,164,283
900140905,217,287,504
900140906,217,234,451
900141001,253,275,528
900141002,179,171,350
900141003,261,315,576
900141101,98,134,232
900141102,408,525,933
900141103,67,102,169
900141104,232,322,554
900141105,529,784,1313
900141106,577,797,1374
900141201,405,548,953
900141202,266,382,648
900141203,98,163,261
900141204,617,927,1544
900141205,406,797,1203
900141206,401,596,997
900141207,490,752,1242
900141208,407,563,970
900141209,580,703,1283
900141210,686,877,1563
900141211,408,684,1092
900141212,418,460,878
900141213,554,654,1208
900141214,628,765,1393
900141215,326,386,712
900141216,374,481,855
900141217,567,743,1310
900141218,444,546,990
900141219,443,648,1091
900141220,40,49,89
900141221,255,314,569
900141222,624,886,1510
900141223,403,612,1015
900141224,286,445,731
900141225,319,452,771
900141301,541,784,1325
900141302,471,570,1041
900141303,707,777,1484
900141304,309,405,714
900141305,363,594,957
900141306,659,994,1653
900141307,433,664,1097
900141308,395,471,866
900141309,384,442,826
900141310,753,1031,1784
900141311,543,871,1414
900141312,611,785,1396
900141313,389,568,957
900141314,238,483,721
900141401,15,15,30
900141402,11,5,16
900141403,35,57,92
900141404,68,107,175
900141405,467,545,1012
900141406,424,577,1001
900141407,482,730,1212
900141408,762,1163,1925
900141409,576,830,1406
900141410,411,549,960
900141501,376,634,1010
900141502,389,549,938
900141503,27,73,100
900141504,655,1056,1711
900141505,116,151,267
900141506,637,809,1446
900141507,775,892,1667
900141601,230,375,605
900141602,602,700,1302
900141603,404,486,890
900141604,336,363,699
900141605,441,568,1009
900141606,376,437,813
900141607,393,479,872
900141608,457,475,932
900141609,466,454,920
900141610,313,387,700
900141611,402,413,815
900141612,355,390,745
900141613,579,819,1398
900141614,463,737,1200
900141615,497,784,1281
900141616,816,1103,1919
900141617,437,473,910
900141618,513,662,1175
900210101,0,1,1
900210102,155,229,384
900210103,0,0,0
900210104,404,746,1150
900210105,199,281,480
900210106,207,302,509
900210107,109,114,223
900210108,241,410,651
900210109,298,485,783
900210110,302,352,654
900210111,178,235,413
900210201,91,119,210
900210202,99,160,259
900210203,173,240,413
900210204,256,397,653
900210205,688,1068,1756
900210206,267,404,671
900210207,211,357,568
900210208,174,295,469
900210209,130,391,521
900210301,158,276,434
900210302,200,299,499
900210303,176,334,510
900210304,183,268,451
900210401,221,185,406
900210402,98,112,210
900210403,229,273,502
900210404,99,162,261
900210405,46,42,88
900210406,314,343,657
900210407,443,611,1054
900210408,313,412,725
900210409,582,671,1253
900210410,399,398,797
900210411,458,544,1002
900210501,221,304,525
900210502,416,672,1088
900210503,280,327,607
900210504,196,374,570
900210505,33,39,72
900210506,299,424,723
900210507,504,783,1287
900210601,48,53,101
900210602,733,1143,1876
900210603,516,831,1347
900210604,545,764,1309
900210605,523,638,1161
900210606,607,667,1274
900210607,423,636,1059
900210608,563,711,1274
900210609,269,321,590
900210610,604,765,1369
900210611,623,584,1207
900210612,485,574,1059
900210613,343,355,698
900210614,557,669,1226
900210615,388,482,870
900210616,408,540,948
900210617,286,394,680
900210618,431,586,1017
900210619,266,434,700
900210620,253,303,556
900210701,588,903,1491
900210702,534,790,1324
900210703,459,513,972
900210704,267,357,624
900210705,331,412,743
900210706,596,641,1237
900210707,486,475,961
900210708,306,226,532
900210709,393,636,1029
900210710,504,590,1094
900210711,235,204,439
900210712,383,373,756
900210713,286,298,584
900210714,457,492,949
900210715,467,469,936
900210716,424,476,900
900210717,454,697,1151
900210718,337,524,861
900210719,664,1051,1715
900210720,530,589,1119
900210721,333,527,860
900210722,336,720,1056
900210723,326,450,776
900210724,411,518,929
900210725,517,800,1317
900210726,268,732,1000
900280101,595,835,1430
900280102,540,827,1367
900280103,559,805,1364
900280104,431,636,1067
900280105,470,587,1057
900280106,418,379,797
900280107,402,534,936
900280108,481,680,1161
900280109,300,428,728
900280110,357,407,764
900280111,534,659,1193
900280112,774,945,1719
900280113,377,581,958
900280201,8,15,23
900280202,51,74,125
900280203,67,111,178
900280204,87,91,178
900280205,146,258,404
900280206,775,1137,1912
900280207,346,638,984
900280208,369,425,794
900280301,9,7,16
900280302,83,134,217
900280303,29,87,116
900280304,166,236,402
900280305,305,614,919
900280306,314,494,808
900280307,385,643,1028
900280308,6,12,18
900280309,116,114,230
900280310,140,209,349
900280311,85,110,195
900280312,168,285,453
900280313,9,11,20
900280314,22,15,37
900280315,3,6,9
900280316,416,546,962
900280317,414,689,1103
900280318,515,750,1265
900280319,443,813,1256
900280320,302,497,799
900350101,368,450,818
900350102,61,45,106
900350103,58,51,109
900350104,14,12,26
900350105,28,36,64
900350106,60,81,141
900350107,36,40,76
900350108,20,23,43
900350109,63,60,123
900350110,114,134,248
900350111,227,384,611
900350112,172,390,562
900350113,467,633,1100
900350114,453,531,984
900350201,13,57,70
900350202,24,29,53
900350203,17,20,37
900350204,74,90,164
900350205,104,174,278
900350206,122,217,339
900350207,122,130,252
900350208,78,83,161
900350209,42,84,126
900350210,5,11,16
900350211,7,5,12
900350212,363,394,757
900350213,488,634,1122
900350214,288,324,612
900350301,123,170,293
900350302,48,53,101
900350303,48,48,96
900350304,53,48,101
900350305,73,99,172
900350306,15,26,41
900350307,84,114,198
900350308,15,29,44
900350309,30,40,70
900350310,129,218,347
900350311,43,128,171
900350312,502,569,1071
900420101,457,618,1075
900420102,492,636,1128
900420103,293,330,623
900420104,258,289,547
900420105,380,461,841
900420106,369,476,845
900420107,541,637,1178
900420108,516,608,1124
900420109,215,209,424
900420110,301,303,604
900420111,202,318,520
900420112,304,424,728
900420113,425,529,954
900420114,492,499,991
900420115,473,674,1147
900420116,341,533,874
900420201,182,289,471
900420202,71,137,208
900420203,71,90,161
900420204,71,121,192
900420205,92,141,233
900420206,60,133,193
900420207,103,86,189
900420208,212,316,528
900420209,420,644,1064
900420210,178,332,510
900420211,450,604,1054
900420212,717,1036,1753
900420213,152,206,358
900420214,330,458,788
900420215,171,279,450
900420216,213,277,490
900420217,184,416,600
900420301,90,141,231
900420302,276,451,727
900420303,91,171,262
900420304,101,165,266
900420305,161,199,360
900420306,441,600,1041
900420401,25,45,70
900420402,95,168,263
900490101,170,273,443
900490102,311,516,827
900490201,216,301,517
900490202,17,39,56
900490203,414,654,1068
900490204,499,970,1469
900490205,105,175,280
900490301,319,466,785
900490302,107,177,284
900490401,197,200,397
900490402,261,304,565
900490403,205,286,491
900490404,40,66,106
900490501,432,584,1016
900490502,148,252,400
900490503,16,21,37
900490504,42,73,115
900490505,12,24,36
900490506,129,189,318
900490507,77,88,165
900490508,394,432,826
900490509,584,727,1311
900490510,437,631,1068
900490511,583,648,1231
900490512,302,467,769
900490601,4,4,8
900490602,204,252,456
900490603,74,99,173
900490701,2,3,5
900490702,192,288,480
900490703,253,317,570
900560101,49,31,80
900560102,58,77,135
900560103,381,537,918
900560201,74,100,174
900560202,1,2,3
900560203,271,343,614
900560301,387,504,891
900560302,423,576,999
900560303,331,472,803
900560304,209,332,541
900560305,624,796,1420
900560306,561,727,1288
900560307,322,375,697
900560308,496,488,984
900560309,469,512,981
900560310,418,596,1014
900560311,555,874,1429
900560312,545,788,1333
900560401,120,190,310
900560402,308,409,717
900560403,163,283,446
900560404,54,73,127
900560405,33,38,71
900560406,130,142,272
900560407,36,42,78
900560408,209,292,501
900560501,117,129,246
900560502,357,454,811
900560503,204,198,402
900560504,331,371,702
900560505,141,124,265
900560601,49,75,124
900560602,218,300,518
900560603,238,425,663
900560604,59,85,144
900560605,57,102,159
900560606,124,231,355
900560607,99,129,228
900560701,141,213,354
900560702,456,677,1133
900560703,38,53,91
900560704,224,291,515
900560705,123,203,326
900560706,160,215,375
900560801,76,131,207
900560802,40,67,107
900560803,163,254,417
900560804,138,244,382
900560805,299,467,766
900560901,99,131,230
900560902,7,10,17
900560903,202,241,443
900560904,235,283,518
900560905,26,49,75
900560906,100,137,237
900560907,157,195,352
900560908,98,288,386
900560909,66,96,162
900560910,46,64,110
900560911,53,72,125
900561001,197,321,518
900561002,22,28,50
900561003,245,434,679
900561004,157,241,398
900561005,166,201,367
900561101,10,16,26
900561102,14,15,29
900561103,47,75,122
900561104,126,174,300
900561105,119,185,304
900561106,107,107,214
900561107,279,409,688
900561108,505,585,1090
900561201,177,152,329
900561202,99,207,306
900561203,330,310,640
900561204,205,309,514
900561205,213,231,444
900561206,210,205,415
900561207,232,293,525
900561208,37,79,116
900561209,111,201,312
900561210,38,62,100
900561211,163,212,375
900561212,164,163,327
900561213,469,606,1075
900561301,209,295,504
900561302,136,202,338
900561303,52,70,122
900561304,274,431,705
900561305,423,533,956
900561306,60,70,130
900561401,106,143,249
900561402,124,145,269
900561403,247,298,545
900561404,625,710,1335
900561405,193,202,395
900561406,361,443,804
900561407,490,544,1034
900561408,425,514,939
900630101,317,531,848
900630102,463,569,1032
900630103,357,451,808
900630104,466,811,1277
900630105,518,718,1236
900630106,438,493,931
900630107,227,327,554
900630108,563,824,1387
900630109,465,595,1060
900630110,594,759,1353
900630111,602,779,1381
900630112,416,536,952
900630113,451,679,1130
900630114,483,674,1157
900630201,41,106,147
900630202,130,190,320
900630203,19,44,63
900630204,49,34,83
900630205,22,40,62
900630206,303,473,776
900630207,155,269,424
900630208,6,11,17
900630209,17,24,41
900630210,39,63,102
900630211,83,71,154
900630212,541,780,1321
900630213,459,494,953
900630214,231,313,544
900630215,507,653,1160
900630216,425,581,1006
900630217,511,587,1098
900630218,450,633,1083
900630219,440,595,1035
900630301,684,1122,1806
900630302,696,963,1659
900630303,219,279,498
900630304,49,99,148
900630305,638,1046,1684
900630401,6,15,21
900630402,25,37,62
900630403,197,337,534
900630404,481,744,1225
900630405,88,143,231
900630406,134,195,329
900630407,36,66,102
900630408,164,325,489
900630409,4,1,5
900630410,75,120,195
900630411,206,304,510
900630412,188,351,539
900630413,572,956,1528
900630414,317,480,797
900630415,396,487,883
900630416,107,137,244
900630417,332,405,737
900630418,452,530,982
900630419,658,726,1384
900630420,315,434,749
900630501,449,714,1163
900630502,356,369,725
900630503,628,797,1425
900630504,455,531,986
900630505,532,563,1095
900630506,631,595,1226
900630507,603,804,1407
900630508,395,536,931
900630509,722,835,1557
900630510,472,755,1227
900630511,487,582,1069
900630512,533,697,1230
900630513,555,626,1181
900700101,181,209,390
900700102,185,206,391
900700201,21,35,56
900700202,114,170,284
900700203,137,209,346
900700204,328,430,758
900700205,561,772,1333
900700206,392,655,1047
900700207,276,392,668
900700208,336,526,862
900700301,585,740,1325
900700302,57,85,142
900700303,42,62,104
900700304,67,53,120
900700305,71,101,172
900700306,324,339,663
900700307,383,509,892
900700401,82,128,210
900700402,116,222,338
900700403,364,590,954
900700404,312,336,648
900700405,184,236,420
900700406,277,345,622
900700407,100,137,237
900700408,74,85,159
900700409,290,388,678
900700410,76,84,160
900700411,130,123,253
900700412,405,540,945
900700413,552,707,1259
900700414,326,546,872
900700501,200,309,509
900700502,193,271,464
900700601,3,5,8
900700602,394,678,1072
900700603,327,361,688
900700604,354,569,923
900700605,280,382,662
900700606,369,407,776
900700607,507,487,994
900700701,107,208,315
900700702,75,101,176
900700703,0,3,3
900700801,65,99,164
900700802,19,24,43
900700803,156,158,314
900700804,211,297,508
900700805,256,384,640
900700806,351,410,761
900700807,674,952,1626
900700808,240,377,617
900700901,0,0,0
900700902,96,132,228
900700903,472,607,1079
900700904,101,138,239
900701001,2,1,3
900701002,130,186,316
900701003,110,178,288
900701101,169,146,315
900701102,176,244,420
900701201,1,4,5
900701202,87,84,171
900701203,170,208,378
900701204,292,306,598
900701301,498,802,1300
900701302,180,235,415
900701303,286,456,742
900701304,449,681,1130
900701401,307,290,597
900701402,345,449,794
900701403,226,305,531
900701404,370,342,712
900701405,529,641,1170
900701406,477,669,1146
900701407,283,300,583
900701408,290,253,543
900701409,594,827,1421
900701410,453,566,1019
900701411,381,311,692
900701412,344,453,797
900701413,222,228,450
900701414,339,407,746
900701415,455,723,1178
900701416,372,432,804
900701417,659,772,1431
900701418,501,822,1323
900701419,480,589,1069
900701420,442,592,1034
900701421,286,410,696
900770101,514,650,1164
900770102,444,691,1135
900770103,498,578,1076
900770104,587,915,1502
900770105,538,875,1413
900770106,510,683,1193
900770107,357,519,876
900770108,357,369,726
900770109,381,479,860
900770110,508,531,1039
900770111,394,356,750
900770112,321,439,760
900770113,355,473,828
900770114,263,304,567
900770115,570,732,1302
900770116,438,593,1031
900770117,400,528,928
900770118,267,314,581
900770119,369,539,908
900770120,447,611,1058
900770121,427,595,1022
900770122,284,464,748
900770123,397,389,786
900770124,368,499,867
900770201,86,146,232
900770202,341,653,994
900770203,252,426,678
900770204,102,155,257
900770205,16,14,30
900770206,53,125,178
900770207,93,130,223
900770208,6,7,13
900770209,470,710,1180
900770210,442,926,1368
900770211,344,558,902
900770212,156,175,331
900770213,319,598,917
900770214,215,310,525
900770301,148,213,361
900770302,216,299,515
900770401,3,5,8
900770402,9,9,18
900770403,392,461,853
900770404,385,596,981
900770405,295,325,620
900770406,220,347,567
900770407,392,628,1020
900770408,117,151,268
900770409,279,249,528
900770410,175,201,376
900770411,290,292,582
900770412,124,168,292
900770413,257,347,604
900770414,590,812,1402
900770415,451,493,944
900770416,266,266,532
900770417,497,581,1078
900770418,198,279,477
900770419,288,383,671
900770501,226,360,586
900770601,248,448,696
900770602,234,526,760
900770603,78,127,205
900770604,68,113,181
900770605,250,368,618
900770606,494,708,1202
900770607,544,856,1400
900840101,174,477,651
900840102,353,458,811
900840103,471,707,1178
900840104,522,654,1176
900840105,399,569,968
900840106,560,675,1235
900840107,444,648,1092
900840108,489,689,1178
900840109,379,418,797
900840110,414,483,897
900840111,371,555,926
900840112,524,619,1143
900840113,546,735,1281
900840114,469,559,1028
900840115,407,610,1017
900840116,391,517,908
900840117,288,350,638
900840118,221,219,440
900840119,291,247,538
900840120,331,389,720
900840121,302,387,689
900840122,333,322,655
900840123,643,763,1406
900840124,527,654,1181
900840125,388,598,986
900840126,531,767,1298
900840201,193,346,539
900840202,458,722,1180
900840203,333,679,1012
900840204,355,322,677
900840205,721,956,1677
900840206,401,547,948
900840207,306,360,666
900840208,645,642,1287
900840209,450,502,952
900840210,503,481,984
900840211,298,284,582
900840212,637,769,1406
900840213,336,371,707
900840214,371,450,821
900840215,313,301,614
900840216,330,299,629
900840217,370,370,740
900840218,317,362,679
900840219,367,438,805
900840220,305,329,634
900840221,661,820,1481
900840222,485,697,1182
900840223,287,389,676
900840301,632,1032,1664
900840302,516,931,1447
900840303,532,717,1249
900840304,501,708,1209
900840305,434,532,966
900840306,562,621,1183
900840307,465,627,1092
900840308,455,501,956
900840309,380,446,826
900840310,525,657,1182
900840311,286,365,651
900840312,353,386,739
900840313,377,398,775
900840314,233,300,533
900840315,242,245,487
900840401,598,827,1425
900840402,487,676,1163
900840403,528,540,1068
900840404,532,685,1217
900840405,449,565,1014
900840406,500,574,1074
900840407,473,562,1035
900840408,172,206,378
900840409,366,583,949
900840410,384,624,1008
900840411,291,369,660
900840412,342,376,718
900840413,374,602,976
900840414,257,469,726
900840415,782,998,1780
900840416,459,974,1433
900840501,531,549,1080
900840502,358,362,720
900840503,412,481,893
900840504,252,290,542
900840505,306,344,650
900840506,472,689,1161
900840507,373,503,876
900840508,224,464,688
900840509,242,301,543
900840510,337,332,669
900840511,286,254,540
900840512,320,306,626
900840513,459,309,768
900840601,224,298,522
900840602,605,730,1335
900840603,706,956,1662
900840604,451,532,983
900840605,517,600,1117
900840606,417,463,880
900840607,383,485,868
900840608,462,568,1030
900840609,306,429,735
900840610,342,295,637
900840611,270,358,628
900840612,159,216,375
900840613,210,252,462
900840614,176,247,423
900840701,414,738,1152
900840702,232,303,535
900840703,488,570,1058
900840704,509,596,1105
900840705,390,442,832
900840706,555,640,1195
900840707,440,501,941
900840708,562,623,1185
900840709,430,516,946
900840710,303,313,616
900840711,326,418,744
900840712,377,302,679
900840713,302,257,559
900840714,296,360,656
900840801,303,438,741
900840802,279,386,665
900840803,521,722,1243
900840804,317,579,896
900840805,686,1042,1728
900840806,407,545,952
900840807,402,499,901
900840808,521,621,1142
900840809,360,506,866
900840810,380,444,824
900840811,457,470,927
900840812,530,657,1187
900840813,443,507,950
900840814,773,1109,1882
900840815,385,453,838
900840816,489,598,1087
900840817,286,340,626
900840818,282,312,594
900840819,483,715,1198
900840820,367,545,912
900840901,280,334,614
900840902,431,458,889
900840903,343,327,670
900840904,309,378,687
900840905,403,419,822
900840906,241,375,616
900840907,297,433,730
900840908,289,361,650
900840909,259,264,523
900840910,284,342,626
900840911,421,464,885
900840912,205,217,422
900840913,142,162,304
900840914,365,378,743
900840915,429,515,944
900841001,379,522,901
900841002,651,1103,1754
900841003,349,564,913
900841004,504,825,1329
900841005,570,765,1335
900841006,517,664,1181
900841007,347,385,732
900841008,572,850,1422
900841009,486,648,1134
900841010,501,936,1437
900841011,444,729,1173
900841012,338,444,782
900841013,421,543,964
900841014,339,395,734
900841015,276,331,607
900841016,325,383,708
900841017,324,426,750
900841018,417,512,929
900841019,253,307,560
900841020,488,504,992
900841021,155,134,289
900841022,413,432,845
900841023,632,664,1296
900841024,551,600,1151
900841025,80,162,242
900841101,331,254,585
900841102,357,295,652
900841103,318,303,621
900841104,236,250,486
900841105,454,615,1069
900841106,449,816,1265
900841107,302,752,1054
900841108,374,686,1060
900841109,443,746,1189
900841110,357,463,820
900841111,407,581,988
900841112,299,427,726
900841113,384,408,792
900841201,385,312,697
900841202,414,259,673
900841203,358,324,682
900841204,427,368,795
900841205,234,185,419
900841206,263,181,444
900841207,383,240,623
900841208,474,397,871
900841209,350,383,733
900841210,345,312,657
900841211,371,288,659
900841212,379,398,777
900841213,359,229,588
900841214,371,356,727
900841215,212,165,377
900841216,420,481,901
900841217,279,282,561
900841218,195,246,441
900841219,420,376,796
900841220,380,335,715
900841221,327,320,647
900841222,209,160,369
900841223,331,307,638
900841224,104,107,211
900841225,245,251,496
900841226,365,350,715
900841301,309,253,562
900841302,293,390,683
900841303,270,270,540
900841304,301,234,535
900841305,498,368,866
900841306,364,303,667
900841307,171,173,344
900841308,294,290,584
900841309,355,310,665
900841310,307,241,548
900841311,196,155,351
900841312,351,408,759
900841313,98,98,196
900841314,312,298,610
900841315,177,200,377
900841316,234,207,441
900841317,285,334,619
900841318,400,508,908
900841401,491,643,1134
900841402,356,449,805
900841403,268,293,561
900841404,560,664,1224
900841405,500,533,1033
900841406,428,455,883
900841407,447,452,899
900841408,330,360,690
900841409,309,341,650
900841410,340,410,750
900841411,448,472,920
900841412,510,499,1009
900841413,444,418,862
900841414,444,476,920
900841501,358,467,825
900841502,515,578,1093
900841503,299,438,737
900841504,523,625,1148
900841505,461,535,996
900841506,474,573,1047
900841507,281,251,532
900841508,284,221,505
900841509,544,551,1095
900841510,442,518,960
900841511,274,292,566
900841512,238,228,466
900841513,297,254,551
900841601,478,462,940
900841602,378,373,751
900841603,485,518,1003
900841604,625,750,1375
900841605,449,673,1122
900841606,349,322,671
900841607,537,700,1237
900841608,499,475,974
900841609,411,484,895
900841610,331,345,676
900841611,549,635,1184
900841612,319,389,708
900841613,280,290,570
900841614,404,427,831
900841615,586,746,1332
900841616,399,410,809
900841617,380,659,1039
900841618,484,680,1164
900841619,411,489,900
900841620,467,591,1058
900841621,404,501,905
900841622,233,293,526
900841701,391,545,936
900841702,547,555,1102
900841703,442,468,910
900841704,450,610,1060
900841705,365,487,852
900841706,470,514,984
900841707,278,351,629
900841708,536,664,1200
900841709,509,714,1223
900841710,204,223,427
900841711,367,414,781
900841712,435,529,964
900841801,545,626,1171
900841802,379,456,835
900841803,234,231,465
900841804,205,187,392
900841805,354,522,876
900841806,427,507,934
900841807,453,571,1024
900841808,446,657,1103
900841809,337,496,833
900841810,284,397,681
900841811,458,537,995
900841812,208,366,574
900841901,292,264,556
900841902,353,367,720
900841903,258,304,562
900841904,185,226,411
900841905,271,245,516
900841906,231,211,442
900841907,393,466,859
900841908,253,271,524
900841909,306,475,781
900841910,273,336,609
900841911,302,441,743
900841912,402,386,788
900841913,278,296,574
900841914,241,283,524
900841915,189,273,462
900841916,239,325,564
900841917,151,187,338
900841918,202,186,388
900841919,511,653,1164
900842001,218,188,406
900842002,215,231,446
900842003,221,188,409
900842004,189,169,358
900842005,212,203,415
900842006,207,203,410
900842007,400,386,786
900842008,266,262,528
900842009,229,271,500
900842010,244,304,548
900842011,158,227,385
900842012,275,344,619
900842013,247,259,506
900842014,185,202,387
900842015,306,297,603
900842016,181,287,468
900842017,209,251,460
900842018,454,462,916
900842019,401,436,837
900842101,288,257,545
900842102,383,425,808
900842103,195,219,414
900842104,231,302,533
900842105,260,230,490
900842106,443,503,946
900842107,475,535,1010
900842108,293,271,564
900842109,345,400,745
900842110,490,500,990
900842111,259,383,642
900842112,315,354,669
900842113,599,781,1380
900842114,738,994,1732
900842115,343,498,841
900842116,234,296,530
900842117,239,315,554
900842118,298,458,756
900842119,584,856,1440
900842120,211,311,522
900842121,216,302,518
900842122,243,305,548
900842123,0,5,5
900842201,669,844,1513
900842202,611,768,1379
900842203,340,538,878
900842204,320,421,741
900842205,208,421,629
900842206,489,725,1214
900842207,771,1019,1790
900842208,418,582,1000
900842209,440,474,914
900842210,459,543,1002
900842211,409,481,890
900842212,299,471,770
900842213,543,632,1175
900842214,622,846,1468
900842215,649,955,1604
900842216,484,733,1217
900842217,632,906,1538
900842218,256,433,689
900842219,467,851,1318
900842220,443,703,1146
900842221,477,872,1349
900842222,187,369,556
900842223,180,536,716
900842301,283,404,687
900842302,276,334,610
900842303,240,248,488
900842304,527,508,1035
900842305,448,548,996
900842306,614,702,1316
900842307,355,355,710
900842308,326,424,750
900842309,426,646,1072
900842310,506,583,1089
900842311,585,615,1200
900842312,418,427,845
900842313,325,349,674
900842314,338,364,702
900842401,417,571,988
900842402,448,567,1015
900842403,458,705,1163
900842404,538,692,1230
900842405,352,429,781
900842406,462,611,1073
900842407,280,284,564
900842408,483,926,1409
900842409,510,680,1190
900842410,439,554,993
900842411,312,400,712
900842412,434,517,951
900842413,324,454,778
900842414,388,584,972
900842415,742,1069,1811
900842416,734,940,1674
900842417,351,472,823
900842418,424,648,1072
900842419,253,380,633
900842420,406,460,866
900842501,603,1024,1627
900842502,203,379,582
900842503,507,617,1124
900842504,451,506,957
900842505,466,751,1217
900842506,218,342,560
900842507,634,769,1403
900842508,630,777,1407
900842509,350,450,800
900842510,417,538,955
900842511,732,1063,1795
900842512,597,790,1387
900842513,547,718,1265
900842514,525,660,1185
900842515,352,539,891
900842516,334,447,781
900842517,411,626,1037
900842518,525,551,1076
900842519,466,547,1013
900842601,604,835,1439
900842602,402,491,893
900842603,321,434,755
900842604,530,629,1159
900842605,450,753,1203
900842606,343,582,925
900842607,423,570,993
900842608,364,365,729
900842609,289,434,723
900842610,335,557,892
900842611,397,558,955
900842612,312,547,859
900842613,312,364,676
900842614,525,737,1262
900842615,409,824,1233
900842616,558,736,1294
900842701,392,493,885
900842702,778,903,1681
900842703,414,547,961
900842704,500,609,1109
900842705,555,704,1259
900842706,607,771,1378
900842707,569,928,1497
900842708,513,724,1237
900842709,655,890,1545
900842710,574,833,1407
900842711,437,616,1053
900842712,383,443,826
900842713,355,409,764
900842714,645,722,1367
900842801,625,837,1462
900842802,436,671,1107
900842803,719,909,1628
900842804,237,495,732
900842805,351,714,1065
900842806,340,722,1062
900842807,335,712,1047
900842808,289,495,784
900842809,395,461,856
900842810,449,537,986
900842811,454,724,1178
900842812,501,745,1246
900842813,404,549,953
900842814,306,421,727
900842815,508,720,1228
900842816,435,641,1076
900842817,400,616,1016
900842818,373,552,925
900842819,410,590,1000
900842820,322,521,843
900842821,295,453,748
900842822,530,625,1155
900842823,417,585,1002
900842824,521,914,1435
900842901,667,795,1462
900842902,585,860,1445
900842903,400,575,975
900842904,441,547,988
900842905,378,508,886
900842906,410,557,967
900842907,408,552,960
900842908,573,1114,1687
900842909,477,769,1246
900842910,353,569,922
900842911,549,842,1391
900842912,336,444,780
900842913,538,773,1311
900842914,804,1163,1967
900842915,472,708,1180
900842916,275,454,729
900843001,444,668,1112
900843002,481,631,1112
900843003,532,719,1251
900843004,423,379,802
900843005,368,521,889
900843006,347,416,763
900843007,596,762,1358
900843008,384,576,960
900843009,417,745,1162
900843010,383,774,1157
900843011,498,840,1338
900843012,492,845,1337
900843013,562,899,1461
900843014,433,730,1163
900843015,561,976,1537
900843016,381,767,1148
900843017,254,411,665
900843018,648,1031,1679
900843019,160,237,397
900910101,708,901,1609
900910102,515,735,1250
900910103,532,739,1271
900910104,574,723,1297
900910105,458,540,998
900910106,431,451,882
900910201,228,359,587
900910202,102,187,289
900910203,203,315,518
900910204,300,412,712
900910205,165,203,368
900910206,135,185,320
900910207,257,310,567
900910208,181,334,515
900910209,152,236,388
900910301,101,177,278
900910302,239,336,575
900910303,204,270,474
900910304,238,363,601
900910305,208,332,540
900910306,227,303,530
900910307,124,235,359
900910308,62,91,153
900910401,71,104,175
900910402,143,172,315
900910403,192,212,404
900910404,138,195,333
900910405,163,199,362
900910406,71,93,164
900910501,279,279,558
900910502,147,250,397
900910503,186,197,383
900910504,39,77,116
900910601,52,39,91
900910602,172,247,419
900910603,89,121,210
900910604,65,77,142
900910605,31,52,83
900910606,47,60,107
900910607,161,204,365
900910701,122,540,662
900910702,163,408,571
900910703,39,176,215
900910704,114,132,246
900910801,47,70,117
900910802,41,31,72
900910803,95,118,213
900910804,126,136,262
900910805,60,113,173
900910806,34,85,119
900910807,14,24,38
900910808,147,282,429
900910809,330,436,766
900910901,88,132,220
900910902,123,170,293
900910903,118,135,253
900910904,32,36,68
900911001,102,92,194
900911002,94,82,176
900911003,198,175,373
900911004,61,70,131
900911101,72,102,174
900911102,28,46,74
900911103,82,99,181
900911104,80,103,183
900911201,151,218,369
900911202,88,97,185
900911203,16,26,42
900980101,186,218,404
900980102,97,119,216
900980103,20,26,46
900980104,99,72,171
900980105,71,103,174
900980106,272,272,544
900980107,14,19,33
900980108,0,0,0
900980201,9,28,37
900980202,0,5,5
900980203,15,46,61
900980301,12,15,27
900980302,17,6,23
900980303,16,25,41
900980304,125,184,309
900980305,26,76,102
900980306,0,0,0
900980307,6,3,9
900980308,331,417,748
900980309,125,208,333
900980310,244,366,610
900980311,225,319,544
900980401,237,352,589
900980402,318,495,813
900980403,15,13,28
900980404,4,2,6
900980405,187,303,490
900980406,229,284,513
900980407,106,138,244
900980408,260,407,667
900980409,161,195,356
900980410,130,163,293
900980411,124,119,243
900980412,193,255,448
900980413,136,187,323
900980414,225,299,524
900980415,398,567,965
900980416,308,365,673
900980417,129,184,313
900980418,177,189,366
900980419,32,53,85
900980420,199,241,440
901050101,26,70,96
901050102,47,40,87
901050103,45,59,104
901050104,21,16,37
901050201,50,90,140
901050202,9,17,26
901050203,71,152,223
901050204,216,271,487
901050205,241,325,566
901050206,123,214,337
901050207,87,100,187
901050208,258,421,679
901050301,10,14,24
901050302,192,280,472
901050401,113,154,267
901050402,311,430,741
901050501,222,291,513
901050502,29,57,86
901050503,309,489,798
901050504,707,944,1651
901050505,222,299,521
901050506,418,601,1019
901050601,262,387,649
901050602,331,558,889
901050603,508,875,1383
901050604,475,669,1144
901050605,393,744,1137
901050606,320,583,903
901050607,245,319,564
901050608,225,277,502
901050609,340,572,912
901050610,418,427,845
901050611,472,665,1137
901050612,359,708,1067
901050613,323,528,851
901050614,199,253,452
901050615,364,479,843
901050616,359,361,720
901050617,356,403,759
901050618,407,477,884
901050619,332,440,772
901050620,495,646,1141
901050621,734,974,1708
901050622,154,260,414
901050623,672,852,1524
901050624,149,255,404
901050625,269,445,714
901050701,728,1127,1855
901050702,363,520,883
901050703,231,270,501
901050704,309,832,1141
901050705,339,458,797
901050706,419,618,1037
901050707,184,284,468
901050708,397,573,970
901050709,329,602,931
901050710,278,576,854
901050711,507,763,1270
901050712,614,932,1546
901050713,305,401,706
901050714,328,453,781
901050715,192,279,471
901050716,0,0,0
901050717,3,0,3
901050718,28,39,67
901050801,115,170,285
901050802,606,859,1465
901050803,483,658,1141
901050804,486,780,1266
901050805,527,812,1339
901050806,341,565,906
901050807,423,596,1019
901050808,696,1002,1698
901050809,415,679,1094
901050810,578,592,1170
901050811,462,671,1133
901050812,615,613,1228
901050813,536,614,1150
901050814,458,638,1096
901050815,302,518,820
901050816,387,467,854
901050817,322,584,906
901050901,13,44,57
901050902,403,610,1013
901050903,680,1026,1706
901050904,540,695,1235
901050905,461,695,1156
901050906,556,748,1304
901050907,456,536,992
901050908,419,510,929
901050909,375,509,884
901050910,223,224,447
901050911,296,260,556
901050912,503,659,1162
901050913,500,768,1268
901050914,498,647,1145
901050915,409,436,845
901050916,392,585,977
901050917,216,335,551
901051001,451,640,1091
901051002,332,487,819
901051003,477,657,1134
901051004,657,878,1535
901051005,587,821,1408
901051006,455,707,1162
901051007,425,550,975
901051008,163,240,403
901051009,572,828,1400
901051010,464,703,1167
901051011,458,498,956
901051012,397,450,847
901051013,363,493,856
901051014,5,10,15
901051015,425,668,1093
901051016,410,583,993
901051017,695,836,1531
901051018,671,835,1506
901051019,270,467,737
901051020,254,315,569
901051021,610,519,1129
901051022,414,582,996
901051023,479,553,1032
901051024,364,817,1181
901120101,11,23,34
901120102,32,49,81
901120103,66,74,140
901120104,28,54,82
901120105,48,107,155
901120106,25,46,71
901120107,9,29,38
901120108,51,94,145
901120109,168,237,405
901120110,197,224,421
901120111,199,243,442
901120112,153,189,342
901120113,119,155,274
901120114,137,184,321
901120115,157,312,469
901120116,111,191,302
901120201,31,61,92
901120202,21,22,43
901120203,130,176,306
901120204,66,148,214
901120205,299,535,834
901120206,74,65,139
901120207,39,59,98
901120208,19,25,44
901120209,65,113,178
901120210,355,794,1149
901120211,1,11,12
901120212,27,40,67
901120213,566,769,1335
901120214,448,602,1050
901120215,224,293,517
901120216,358,589,947
901120301,101,93,194
901120302,274,526,800
901120303,156,271,427
901120304,28,57,85
901120305,56,112,168
901120306,68,92,160
901120307,198,207,405
901120308,177,235,412
901120401,38,51,89
901120402,73,113,186
901120403,143,190,333
901120404,288,427,715
901190101,21,26,47
901190102,8,11,19
901190103,82,87,169
901190201,451,597,1048
901190202,285,413,698
901190203,324,403,727
901190204,435,642,1077
901190205,295,491,786
901190206,535,787,1322
901190207,306,291,597
901190208,373,541,914
901190209,424,594,1018
901190210,271,450,721
901190211,436,611,1047
901190212,248,277,525
901190213,397,449,846
901190214,226,317,543
901190215,387,548,935
901190216,296,445,741
901190217,368,580,948
901190301,3,7,10
901190302,277,293,570
901190303,235,335,570
901190304,361,610,971
901190305,277,320,597
901190306,461,673,1134
901190307,388,542,930
901190308,276,358,634
901190309,356,422,778
901190310,321,394,715
901190311,281,365,646
901190312,266,314,580
901190313,560,653,1213
901190314,375,520,895
901190315,389,466,855
901190316,384,498,882
901190317,598,823,1421
901190318,267,388,655
901190319,352,505,857
901190401,267,459,726
901190402,466,620,1086
901190403,505,733,1238
901190404,565,719,1284
901190405,577,703,1280
901190406,472,784,1256
901190407,720,1001,1721
901190408,534,824,1358
901190409,662,982,1644
901190410,405,400,805
901190411,385,448,833
901190412,357,412,769
901190413,359,364,723
901190414,365,350,715
901190415,210,265,475
901190416,180,227,407
901190417,475,465,940
901190418,320,373,693
901190419,618,604,1222
901190420,471,534,1005
901190421,287,341,628
901190501,12,3,15
901190502,397,438,835
901190503,436,493,929
901190504,410,471,881
901190505,368,398,766
901190506,293,323,616
901190507,662,738,1400
901190508,577,775,1352
901190509,468,657,1125
901190510,380,462,842
901190511,289,433,722
901190512,563,714,1277
901190513,627,761,1388
901190514,520,715,1235
901190515,432,586,1018
901190516,374,687,1061
940070101,122,60,182
940070201,18,28,46
940070301,20,41,61
940070401,19,34,53
940070501,36,29,65
940070502,193,239,432
940070503,333,511,844
940070504,277,369,646
940070505,214,356,570
940070601,30,36,66
940070701,20,21,41
940070801,15,25,40
940071001,538,623,1161
940071002,190,196,386
940071003,452,692,1144
940071004,447,625,1072
940071005,423,585,1008
940071006,443,556,999
940071007,475,568,1043
940071008,419,439,858
940071009,353,549,902
940071010,368,538,906
940071011,468,538,1006
940071012,409,491,900
940071013,394,494,888
940071101,437,365,802
940071102,415,454,869
940071103,426,427,853
940071104,571,646,1217
940071105,406,385,791
940071106,376,414,790
940071107,228,243,471
940071108,223,233,456
940071109,339,364,703
940071110,277,315,592
940071111,374,544,918
940071112,413,436,849
940071113,434,501,935
940071201,327,276,603
940071202,373,342,715
940071203,274,237,511
940071204,471,524,995
940071205,449,698,1147
940071206,401,633,1034
940071207,439,513,952
940071208,393,631,1024
940071209,418,466,884
940071210,373,465,838
940071211,291,306,597
940071212,410,430,840
940071213,368,396,764
940071301,399,488,887
940071302,441,476,917
940071303,428,565,993
940071304,356,557,913
940071305,379,512,891
940071306,128,201,329
940071307,465,490,955
940071308,292,450,742
940071309,326,454,780
940071310,206,324,530
940071311,413,435,848
940071312,321,507,828
940071313,405,564,969
940071314,226,255,481
940071401,340,633,973
940071402,401,758,1159
940071403,463,679,1142
940071404,326,567,893
940071405,445,551,996
940071406,366,385,751
940071407,452,464,916
940071408,416,476,892
940071409,371,671,1042
940071410,377,468,845
940071411,318,518,836
940071412,366,484,850
940071413,217,387,604
940071414,281,431,712
940071415,252,456,708
940071416,93,141,234
940140101,17,6,23
940140102,59,83,142
940140103,46,49,95
940140201,0,0,0
940140202,18,6,24
940140301,0,1,1
940140302,25,17,42
940140401,181,184,365
940140402,256,354,610
940140403,156,162,318
940140404,93,151,244
940140405,178,200,378
940140406,338,336,674
940140407,312,492,804
940140408,168,247,415
940140409,409,482,891
940140410,299,340,639
940140411,311,457,768
940140412,292,466,758
940140413,396,563,959
940140414,416,642,1058
940140415,345,517,862
940140416,374,627,1001
940140501,312,323,635
940140502,351,374,725
940140503,356,420,776
940140504,153,145,298
940140505,521,300,821
940140506,771,375,1146
940140507,232,174,406
940140508,336,348,684
940140509,568,563,1131
940140510,339,280,619
940140511,223,369,592
940140601,250,320,570
940140602,448,573,1021
940140603,375,503,878
940140604,416,551,967
940140605,491,511,1002
940140606,372,376,748
940140607,401,489,890
940140608,390,408,798
940140609,395,600,995
940140610,408,487,895
940140611,364,538,902
940140612,328,534,862
940140701,361,354,715
940140702,337,427,764
940140703,420,468,888
940140704,344,502,846
940140705,464,465,929
940140706,258,211,469
940140707,362,585,947
940140708,345,433,778
940140709,151,256,407
940140710,161,202,363
940140711,435,623,1058
940140712,418,524,942
940140713,350,504,854
940140714,427,802,1229
940140801,147,101,248
940140802,277,221,498
940140803,165,177,342
940140804,302,283,585
940140805,367,326,693
940140806,439,574,1013
940140807,353,378,731
940140808,442,461,903
940140809,311,342,653
940140810,526,662,1188
940140811,350,447,797
940140812,437,425,862
940140813,371,589,960
940210101,13,4,17
940280101,131,55,186
