radio,1 Satisfactoria,2 Básico,3 Insuficiente,TOTAL
020010101,17,11,10,38
020010201,10,66,58,134
020010202,10,55,49,114
020010203,8,43,47,98
020010204,13,66,31,110
020010205,14,41,26,81
020010206,17,85,72,174
020010207,5,40,22,67
020010208,3,44,85,132
020010209,10,40,47,97
020010210,5,37,14,56
020010211,24,92,53,169
020010212,61,178,81,320
020010213,15,52,52,119
020010214,23,78,64,165
020010215,25,61,58,144
020010216,45,128,190,363
020010217,12,74,64,150
020010218,9,71,42,122
020010219,12,43,38,93
020010301,1,52,105,158
020010302,5,45,95,145
020010303,6,56,100,162
020010304,2,43,73,118
020010305,19,69,118,206
020010306,20,84,141,245
020010307,10,39,57,106
020010308,24,72,137,233
020010309,25,85,229,339
020010310,24,75,129,228
020010311,11,58,135,204
020010312,13,41,105,159
020010313,2,26,63,91
020010314,14,33,83,130
020010315,18,77,149,244
020010316,22,63,113,198
020010317,17,39,108,164
020010318,5,44,123,172
020010319,20,133,144,297
020010320,1,22,81,104
020010321,7,23,67,97
020010322,6,52,130,188
020010323,10,65,185,260
020010401,535,34,19,588
020010402,496,15,2,513
020010403,299,17,0,316
020010404,414,20,2,436
020010405,269,23,1,293
020010406,343,20,0,363
020010407,389,24,6,419
020010408,311,26,0,337
020010501,196,28,12,236
020010502,202,37,0,239
020010503,359,26,0,385
020010504,466,16,1,483
020010505,229,8,0,237
020010506,336,17,0,353
020010507,252,16,2,270
020010601,286,25,13,324
020010602,191,19,0,210
020010603,380,25,3,408
020010604,373,18,1,392
020010605,158,8,1,167
020010606,218,12,5,235
020010607,205,18,1,224
020010608,280,12,0,292
020010609,402,5,3,410
020010610,171,10,1,182
020010701,240,19,1,260
020010702,107,2,1,110
020010703,94,30,0,124
020010704,223,44,1,268
020010705,128,16,3,147
020010706,67,12,1,80
020010707,227,14,2,243
020010708,195,41,0,236
020010709,173,10,0,183
020010710,203,23,3,229
020010711,106,28,1,135
020010712,142,26,5,173
020010713,58,5,1,64
020010801,166,20,1,187
020010802,493,69,0,562
020010803,395,42,1,438
020010804,264,26,2,292
020010805,199,15,0,214
020010806,519,23,22,564
020010807,504,40,2,546
020010808,168,16,4,188
020010809,240,12,5,257
020010810,147,34,0,181
020010901,149,10,2,161
020010902,162,26,1,189
020010903,156,15,18,189
020010904,112,20,1,133
020010905,136,30,21,187
020010906,148,24,1,173
020010907,229,48,3,280
020010908,134,10,1,145
020010909,195,29,0,224
020010910,94,12,0,106
020010911,108,8,0,116
020010912,69,5,0,74
020010913,170,21,0,191
020010914,98,20,3,121
020010915,72,15,13,100
020010916,197,23,56,276
020010917,162,40,4,206
020010918,148,12,1,161
020010919,54,4,0,58
020011001,98,19,1,118
020011002,241,30,2,273
020011003,420,77,9,506
020011004,201,20,1,222
020011005,192,35,6,233
020011006,245,10,10,265
020011007,114,8,4,126
020011008,133,18,1,152
020011009,142,13,5,160
020011010,259,27,1,287
020011011,308,37,0,345
020011012,185,88,2,275
020011013,285,37,12,334
020011014,94,16,0,110
020011101,147,29,26,202
020011102,226,31,1,258
020011103,79,61,55,195
020011104,238,37,31,306
020011105,138,56,16,210
020011106,168,38,0,206
020011107,216,52,14,282
020011108,324,23,1,348
020011109,182,11,0,193
020011110,221,46,0,267
020011111,91,24,0,115
020011112,297,58,20,375
020011113,262,22,0,284
020011114,256,30,0,286
020011201,96,8,10,114
020011202,107,18,4,129
020011203,240,28,42,310
020011204,110,21,35,166
020011205,209,32,16,257
020011206,137,19,28,184
020011207,256,56,30,342
020011208,106,17,6,129
020011209,261,30,36,327
020011210,80,14,3,97
020011211,102,24,6,132
020011212,61,12,16,89
020011301,154,8,0,162
020011302,50,8,1,59
020011303,20,0,0,20
020011304,117,18,1,136
020011305,140,7,3,150
020011306,81,14,0,95
020011307,233,3,0,236
020011308,139,13,3,155
020011309,137,15,2,154
020011310,227,2,0,229
020011311,121,16,0,137
020011312,133,5,0,138
020011313,96,5,1,102
020011314,58,258,245,561
020011315,0,0,0,0
020011401,167,11,15,193
020011402,96,92,22,210
020011403,152,11,12,175
020011404,32,5,0,37
020011405,85,36,72,193
020011406,198,31,60,289
020011407,200,7,1,208
020011408,109,20,59,188
020011409,222,22,2,246
020011410,146,59,7,212
020011411,206,23,24,253
020011412,171,21,24,216
020011501,149,6,10,165
020011502,206,19,17,242
020011503,139,59,1,199
020011504,277,35,7,319
020011505,100,28,27,155
020011506,179,18,103,300
020011507,199,16,30,245
020011508,203,53,50,306
020011509,218,45,67,330
020011510,240,28,2,270
020011511,154,39,44,237
020011601,138,5,43,186
020011602,148,15,0,163
020011603,318,46,40,404
020011604,256,50,25,331
020011605,138,29,33,200
020011606,177,14,3,194
020011607,305,108,34,447
020011608,203,12,0,215
020011609,148,5,3,156
020011610,255,26,0,281
020011611,181,15,17,213
020011612,127,4,1,132
020011701,265,60,31,356
020011702,216,45,20,281
020011703,266,11,17,294
020011704,246,13,21,280
020011705,231,20,0,251
020011706,267,61,22,350
020011707,294,22,2,318
020011708,168,31,44,243
020011709,188,22,28,238
020011710,231,30,13,274
020011711,174,34,7,215
020011801,337,10,2,349
020011802,318,8,22,348
020011803,195,23,60,278
020011804,295,17,25,337
020011805,244,21,0,265
020011806,361,68,47,476
020011807,216,59,33,308
020011808,248,38,11,297
020011809,259,19,19,297
020011901,270,103,46,419
020011902,432,55,1,488
020011903,124,13,3,140
020011904,236,45,6,287
020011905,221,29,1,251
020011906,93,36,73,202
020011907,228,55,34,317
020011908,118,13,25,156
020011909,190,27,2,219
020012001,184,60,11,255
020012002,250,33,13,296
020012003,187,41,6,234
020012004,289,25,28,342
020012005,260,85,1,346
020012006,269,29,13,311
020012007,193,9,3,205
020012008,186,8,22,216
020012009,214,13,10,237
020012010,221,37,48,306
020012101,185,15,65,265
020012102,179,15,55,249
020012103,84,24,18,126
020012104,309,81,72,462
020012105,224,18,29,271
020012106,193,29,35,257
020012107,255,27,43,325
020012108,184,34,20,238
020012109,293,28,1,322
020012110,293,41,23,357
020012201,209,18,1,228
020012202,363,18,36,417
020012203,307,34,13,354
020012204,155,20,21,196
020012205,163,20,1,184
020012206,212,15,15,242
020012207,194,27,36,257
020012208,250,17,5,272
020012209,277,31,60,368
020012210,451,91,32,574
020012301,227,34,0,261
020012302,188,21,1,210
020012303,308,40,21,369
020012304,95,8,28,131
020012305,159,36,24,219
020012306,191,17,0,208
020012307,183,44,22,249
020012308,231,16,39,286
020012309,345,38,17,400
020012310,109,11,25,145
020012401,99,8,6,113
020012402,116,25,0,141
020012403,105,48,6,159
020012404,135,14,17,166
020012405,138,15,8,161
020012406,287,56,3,346
020012407,206,45,5,256
020012408,154,18,7,179
020012501,143,22,6,171
020012502,147,27,0,174
020012503,210,11,0,221
020012504,385,21,3,409
020012505,198,21,1,220
020012506,221,54,61,336
020012507,177,11,3,191
020012508,252,55,9,316
020012509,112,21,17,150
020012510,182,28,1,211
020012511,214,26,9,249
020012601,130,52,59,241
020012602,255,34,9,298
020012603,173,39,1,213
020012604,213,24,2,239
020012605,272,13,14,299
020012606,192,20,2,214
020012607,138,2,1,141
020012608,205,7,0,212
020012609,298,7,6,311
020012701,201,29,0,230
020012702,100,29,9,138
020012703,161,68,42,271
020012704,190,71,55,316
020012705,251,11,20,282
020012706,168,57,129,354
020012707,150,71,7,228
020012708,220,11,13,244
020012709,241,21,38,300
020012710,215,5,21,241
020012801,178,12,24,214
020012802,163,43,134,340
020012803,150,41,41,232
020012804,191,41,39,271
020012805,304,30,14,348
020012806,200,46,27,273
020012807,223,33,37,293
020012808,92,0,1,93
020012809,202,33,20,255
020012810,294,14,29,337
020012811,130,26,80,236
020012812,129,41,59,229
020012813,129,31,81,241
020012901,297,41,57,395
020012902,155,17,54,226
020012903,199,11,63,273
020012904,174,30,38,242
020012905,202,12,44,258
020012906,292,18,9,319
020012907,264,32,28,324
020012908,172,23,29,224
020012909,238,95,9,342
020020101,1,6,2,9
020020102,28,53,38,119
020020201,209,16,4,229
020020202,355,6,0,361
020020203,215,9,0,224
020020204,178,4,3,185
020020205,239,20,0,259
020020206,183,7,0,190
020020207,127,2,0,129
020020208,252,25,1,278
020020301,383,11,3,397
020020302,327,69,2,398
020020303,85,2,0,87
020020304,175,12,0,187
020020305,262,24,2,288
020020306,222,33,17,272
020020307,320,11,0,331
020020308,215,13,1,229
020020401,276,25,6,307
020020402,100,9,0,109
020020403,68,2,76,146
020020404,182,10,1,193
020020405,267,12,2,281
020020406,172,12,2,186
020020407,217,9,0,226
020020408,398,21,5,424
020020409,278,33,3,314
020020410,393,18,3,414
020020501,247,8,1,256
020020502,262,8,6,276
020020503,204,44,0,248
020020504,208,0,16,224
020020505,298,20,0,318
020020506,305,19,2,326
020020507,280,22,18,320
020020508,309,10,3,322
020020509,240,9,0,249
020020601,149,18,0,167
020020602,529,30,1,560
020020603,199,17,4,220
020020604,291,21,3,315
020020605,172,6,0,178
020020606,264,46,3,313
020020607,169,5,0,174
020020608,174,27,18,219
020020609,246,11,12,269
020020610,203,23,0,226
020020701,523,35,2,560
020020702,434,38,1,473
020020703,316,39,0,355
020020704,250,13,1,264
020020705,224,16,1,241
020020706,262,9,0,271
020020707,354,45,1,400
020020708,133,21,0,154
020020709,263,12,1,276
020020801,292,43,0,335
020020802,284,18,0,302
020020803,407,44,0,451
020020804,444,28,2,474
020020805,366,30,1,397
020020806,537,80,1,618
020020807,611,67,3,681
020020808,330,20,0,350
020020901,345,27,0,372
020020902,213,2,0,215
020020903,422,24,0,446
020020904,415,40,0,455
020020905,432,27,2,461
020020906,407,30,0,437
020020907,447,11,0,458
020020908,605,31,0,636
020020909,483,28,8,519
020021001,459,55,1,515
020021002,333,19,1,353
020021003,203,3,0,206
020021004,330,10,1,341
020021005,405,15,1,421
020021006,305,7,3,315
020021007,447,27,0,474
020021008,415,13,1,429
020021009,258,19,0,277
020021101,519,79,2,600
020021102,218,8,2,228
020021103,620,24,0,644
020021104,569,61,27,657
020021105,141,11,0,152
020021106,289,13,0,302
020021201,393,37,1,431
020021202,372,14,1,387
020021203,389,22,3,414
020021204,644,36,4,684
020021205,536,30,1,567
020021206,458,13,0,471
020021301,493,62,3,558
020021302,378,28,3,409
020021303,474,17,3,494
020021304,479,46,4,529
020021305,579,25,1,605
020021306,362,14,2,378
020021307,485,99,8,592
020021401,218,26,2,246
020021402,276,8,10,294
020021403,170,4,0,174
020021404,330,24,2,356
020021405,381,71,3,455
020021406,440,79,3,522
020021407,308,12,17,337
020021408,355,17,1,373
020021409,524,32,15,571
020021410,481,23,19,523
020021501,237,26,1,264
020021502,349,32,2,383
020021503,577,45,3,625
020021504,298,10,1,309
020021505,257,7,0,264
020021506,258,24,2,284
020021507,346,14,2,362
020021508,300,27,2,329
020021601,294,21,2,317
020021602,270,17,1,288
020021603,281,20,0,301
020021604,265,13,0,278
020021605,327,30,1,358
020021606,309,6,2,317
020021607,317,19,1,337
020021608,190,5,1,196
020021701,516,47,1,564
020021702,352,9,5,366
020021703,423,20,2,445
020021704,150,9,3,162
020021705,243,31,1,275
020021706,391,48,2,441
020021707,479,40,1,520
020021708,427,29,14,470
020021709,346,10,0,356
020021801,352,50,39,441
020021802,452,56,10,518
020021803,352,9,30,391
020021804,241,20,1,262
020021805,227,16,0,243
020021806,295,45,18,358
020021807,246,17,0,263
020021808,240,12,76,328
020021901,326,63,2,391
020021902,292,5,0,297
020021903,290,7,6,303
020021904,448,38,1,487
020021905,332,20,0,352
020021906,388,30,0,418
020021907,292,18,3,313
020021908,353,12,1,366
020022001,411,26,4,441
020022002,411,30,4,445
020022003,327,41,2,370
020022004,287,82,0,369
020022005,232,11,0,243
020022006,311,9,3,323
020022007,219,24,0,243
020022008,269,14,1,284
020022101,400,11,34,445
020022102,391,40,0,431
020022103,344,13,1,358
020022104,488,19,1,508
020022105,413,50,2,465
020022106,425,25,5,455
020022201,324,38,2,364
020022202,265,14,0,279
020022203,193,9,1,203
020022204,465,9,1,475
020022205,464,57,1,522
020022206,533,22,1,556
020022301,396,33,0,429
020022302,496,13,0,509
020022303,425,8,0,433
020022304,336,38,3,377
020022305,285,8,0,293
020022306,193,5,0,198
020022307,209,19,0,228
020022308,164,17,0,181
020022309,411,34,1,446
020022401,412,28,4,444
020022402,358,13,0,371
020022403,320,9,2,331
020022404,408,30,13,451
020022405,433,60,1,494
020022406,416,40,3,459
020022501,294,14,1,309
020022502,326,17,1,344
020022503,174,3,0,177
020022504,384,40,1,425
020022505,372,80,1,453
020022506,296,48,4,348
020022507,329,43,1,373
020022508,469,36,0,505
020022509,392,13,0,405
020022510,218,79,0,297
020022511,394,36,1,431
020030101,381,67,26,474
020030102,370,36,3,409
020030103,436,7,0,443
020030104,223,17,1,241
020030105,268,61,32,361
020030106,200,32,20,252
020030107,171,38,119,328
020030108,100,4,65,169
020030109,202,15,0,217
020030110,154,2,18,174
020030111,211,3,8,222
020030201,280,40,0,320
020030202,306,24,1,331
020030203,279,35,2,316
020030204,240,42,1,283
020030205,300,35,1,336
020030206,329,19,1,349
020030207,367,24,3,394
020030208,309,21,8,338
020030209,249,24,2,275
020030210,167,1,0,168
020030211,220,31,2,253
020030212,278,17,3,298
020030301,438,14,0,452
020030302,287,79,1,367
020030303,221,23,0,244
020030304,198,7,0,205
020030305,189,45,0,234
020030306,285,8,0,293
020030307,287,5,8,300
020030308,248,7,5,260
020030309,142,7,5,154
020030310,230,17,16,263
020030311,305,0,0,305
020030401,282,25,1,308
020030402,187,15,6,208
020030403,259,14,0,273
020030404,264,22,0,286
020030405,251,13,2,266
020030406,251,35,9,295
020030407,215,48,1,264
020030408,227,6,1,234
020030501,326,31,12,369
020030502,223,60,0,283
020030503,413,35,1,449
020030504,213,16,19,248
020030505,306,15,3,324
020030506,184,19,0,203
020030507,338,12,0,350
020030601,321,30,0,351
020030602,136,4,1,141
020030603,248,43,2,293
020030604,279,16,2,297
020030605,218,34,51,303
020030606,184,66,0,250
020030607,267,37,0,304
020030701,130,3,0,133
020030702,362,22,0,384
020030703,388,37,7,432
020030704,326,25,5,356
020030705,249,12,3,264
020030706,269,9,1,279
020030707,449,16,3,468
020030708,140,19,0,159
020030709,354,34,2,390
020030801,285,29,0,314
020030802,106,100,0,206
020030803,296,32,1,329
020030804,193,14,3,210
020030805,177,19,1,197
020030806,164,32,1,197
020030807,116,9,40,165
020030808,192,3,2,197
020030809,288,5,2,295
020030810,205,9,0,214
020030901,264,101,15,380
020030902,160,39,0,199
020030903,313,15,1,329
020030904,344,25,6,375
020030905,181,24,1,206
020030906,177,12,4,193
020030907,162,37,15,214
020030908,147,24,39,210
020030909,331,23,1,355
020030910,229,37,25,291
020031001,333,42,1,376
020031002,289,19,12,320
020031003,216,14,1,231
020031004,273,5,0,278
020031005,177,20,2,199
020031006,329,17,25,371
020031007,285,34,10,329
020031008,218,30,22,270
020031101,301,44,0,345
020031102,337,80,15,432
020031103,262,41,35,338
020031104,284,58,18,360
020031105,219,52,43,314
020031106,301,27,68,396
020031107,397,26,3,426
020031108,257,7,1,265
020031201,281,66,3,350
020031202,313,50,33,396
020031203,248,13,3,264
020031204,186,7,34,227
020031205,441,31,1,473
020031206,30,11,8,49
020031207,383,29,19,431
020031208,243,18,24,285
020031209,182,22,1,205
020031210,240,16,42,298
020031301,226,19,53,298
020031302,261,23,43,327
020031303,327,29,13,369
020031304,142,16,48,206
020031305,264,48,9,321
020031306,266,44,3,313
020031307,204,44,0,248
020031308,195,20,23,238
020031309,302,26,17,345
020031310,100,25,37,162
020031311,234,26,0,260
020031401,242,24,69,335
020031402,305,48,32,385
020031403,407,36,3,446
020031404,243,24,19,286
020031405,260,32,69,361
020031406,451,41,13,505
020031407,195,49,2,246
020031408,258,24,26,308
020031409,24,1,7,32
020031410,266,29,8,303
020031501,237,31,0,268
020031502,331,34,2,367
020031503,237,11,21,269
020031504,285,34,3,322
020031505,301,51,18,370
020031506,270,27,55,352
020031507,536,26,24,586
020031508,547,38,2,587
020031509,105,8,0,113
020031601,313,38,15,366
020031602,387,47,52,486
020031603,274,43,21,338
020031604,156,18,0,174
020031605,196,32,7,235
020031606,186,69,7,262
020031607,240,21,45,306
020031608,254,37,31,322
020031609,427,53,12,492
020031701,210,19,28,257
020031702,258,38,24,320
020031703,194,7,1,202
020031704,232,32,61,325
020031705,198,23,40,261
020031706,254,39,25,318
020031707,299,38,1,338
020031708,236,48,65,349
020031709,184,36,22,242
020031801,161,46,42,249
020031802,240,48,1,289
020031803,139,47,0,186
020031804,314,39,1,354
020031805,127,34,8,169
020031806,191,28,23,242
020031807,220,51,1,272
020031808,221,24,0,245
020031809,335,30,16,381
020031810,152,40,2,194
020031811,216,19,5,240
020031901,364,108,1,473
020031902,126,11,1,138
020031903,246,44,3,293
020031904,249,24,16,289
020031905,250,42,6,298
020031906,284,35,4,323
020031907,288,20,1,309
020031908,392,49,12,453
020031909,240,19,33,292
020031910,181,17,33,231
020032001,232,20,23,275
020032002,373,7,24,404
020032003,282,21,9,312
020032004,256,30,0,286
020032005,157,53,15,225
020032006,145,12,28,185
020032007,292,36,5,333
020032008,184,14,55,253
020032009,378,39,36,453
020032010,244,39,3,286
020032011,198,39,1,238
020032101,355,18,1,374
020032102,362,22,2,386
020032103,261,22,1,284
020032104,305,16,18,339
020032105,192,14,2,208
020032106,339,26,1,366
020032107,196,2,0,198
020032108,271,33,0,304
020032109,118,68,0,186
020032110,299,69,32,400
020032201,244,42,3,289
020032202,237,12,42,291
020032203,132,9,32,173
020032204,155,52,1,208
020032205,325,32,0,357
020032206,200,15,6,221
020032207,248,35,22,305
020032208,317,35,11,363
020032209,294,49,25,368
020032301,276,24,3,303
020032302,303,24,2,329
020032303,292,51,1,344
020032304,159,18,8,185
020032305,284,7,0,291
020032306,175,16,33,224
020032307,217,25,1,243
020032308,248,53,31,332
020032309,257,49,8,314
020032310,283,52,27,362
020032401,261,22,9,292
020032402,253,26,10,289
020032403,255,14,3,272
020032404,266,25,10,301
020032405,201,17,2,220
020032406,299,45,15,359
020032407,257,33,2,292
020032408,229,47,23,299
020032409,137,42,4,183
020032501,436,53,18,507
020032502,228,16,15,259
020032503,138,16,22,176
020032504,218,29,11,258
020032505,176,16,10,202
020032506,237,49,31,317
020032507,182,23,18,223
020032508,569,95,30,694
020032509,252,16,44,312
020032601,311,28,23,362
020032602,316,60,29,405
020032603,252,34,41,327
020032604,210,13,0,223
020032605,269,34,19,322
020032606,178,40,3,221
020032607,244,46,6,296
020032608,224,15,1,240
020032609,233,28,3,264
020032701,320,39,15,374
020032702,256,29,1,286
020032703,296,25,1,322
020032704,247,38,19,304
020032705,226,51,19,296
020032706,225,27,4,256
020032707,295,21,2,318
020040101,165,17,2,184
020040102,144,35,17,196
020040103,130,24,6,160
020040104,104,61,10,175
020040105,93,62,8,163
020040106,71,39,8,118
020040107,117,30,4,151
020040108,164,46,8,218
020040109,143,30,3,176
020040110,109,35,4,148
020040111,121,45,1,167
020040112,136,27,8,171
020040113,82,38,7,127
020040114,130,62,12,204
020040201,181,64,24,269
020040202,194,62,16,272
020040203,276,53,28,357
020040204,169,67,3,239
020040205,147,34,31,212
020040206,184,63,1,248
020040207,235,54,4,293
020040208,112,53,11,176
020040209,142,54,8,204
020040210,187,60,26,273
020040301,273,44,2,319
020040302,232,38,11,281
020040303,178,27,1,206
020040304,221,52,17,290
020040305,259,51,9,319
020040306,237,34,1,272
020040307,158,47,7,212
020040308,186,71,6,263
020040309,138,34,0,172
020040310,241,27,3,271
020040311,233,49,9,291
020040312,272,44,5,321
020040313,111,37,22,170
020040401,208,24,1,233
020040402,276,16,1,293
020040403,237,63,1,301
020040404,271,46,3,320
020040405,305,48,5,358
020040406,207,63,3,273
020040407,282,35,4,321
020040408,235,21,5,261
020040409,193,44,18,255
020040410,201,48,12,261
020040411,201,64,12,277
020040501,333,27,0,360
020040502,185,13,40,238
020040503,302,17,0,319
020040504,203,33,14,250
020040505,147,51,0,198
020040506,303,40,0,343
020040507,196,24,12,232
020040508,193,47,1,241
020040509,471,90,29,590
020040510,244,99,14,357
020040511,231,58,15,304
020040601,353,49,2,404
020040602,268,21,3,292
020040603,210,30,18,258
020040604,243,45,9,297
020040605,235,20,1,256
020040606,286,82,1,369
020040607,218,39,29,286
020040608,238,32,31,301
020040609,254,15,0,269
020040610,164,46,1,211
020040611,217,22,0,239
020040701,236,40,18,294
020040702,240,21,2,263
020040703,182,34,22,238
020040704,690,42,18,750
020040705,262,22,9,293
020040706,226,38,9,273
020040707,300,12,0,312
020040708,239,39,3,281
020040709,207,24,12,243
020040710,232,40,2,274
020040711,137,39,12,188
020040712,170,22,42,234
020040801,268,29,0,297
020040802,270,31,5,306
020040803,208,28,1,237
020040804,213,36,4,253
020040805,242,24,0,266
020040806,235,24,14,273
020040807,431,277,66,774
020040808,54,35,7,96
020040809,186,54,32,272
020040810,153,44,9,206
020040811,180,65,9,254
020040901,159,76,25,260
020040902,134,71,20,225
020040903,108,41,10,159
020040904,89,38,18,145
020040905,137,51,1,189
020040906,209,46,21,276
020040907,189,37,23,249
020041001,1,7,3,11
020041002,141,227,165,533
020041003,93,190,183,466
020041004,20,45,40,105
020041005,136,182,118,436
020041006,74,106,79,259
020041007,35,103,94,232
020041008,45,208,149,402
020041009,75,260,224,559
020041101,174,28,7,209
020041102,280,25,1,306
020041103,227,43,4,274
020041104,211,36,0,247
020041105,137,24,0,161
020041106,204,59,4,267
020041107,159,64,73,296
020041108,246,37,2,285
020041109,96,90,44,230
020041201,78,35,28,141
020041202,131,26,31,188
020041203,239,30,32,301
020041204,185,42,6,233
020041205,175,32,8,215
020041206,127,43,27,197
020041207,88,23,2,113
020041208,163,10,9,182
020041209,279,23,0,302
020041210,243,15,7,265
020041211,244,12,0,256
020041212,185,24,1,210
020041301,321,27,0,348
020041302,227,8,5,240
020041303,209,9,27,245
020041304,192,27,0,219
020041305,319,39,0,358
020041306,154,14,2,170
020041307,362,34,0,396
020041308,144,5,25,174
020041309,166,3,0,169
020041310,198,2,0,200
020041311,331,114,0,445
020041401,181,24,58,263
020041402,201,35,19,255
020041403,193,40,40,273
020041404,463,30,0,493
020041405,274,14,0,288
020041406,204,3,0,207
020041407,226,26,29,281
020041408,314,14,25,353
020041409,206,22,22,250
020041501,210,45,0,255
020041502,580,32,4,616
020041503,432,48,1,481
020041504,258,33,0,291
020041505,204,7,5,216
020041506,206,24,8,238
020041507,238,29,1,268
020041508,235,35,0,270
020041509,226,14,3,243
020041510,171,10,0,181
020041601,244,7,2,253
020041602,810,68,1,879
020041603,418,8,0,426
020041604,201,42,4,247
020041605,327,53,1,381
020041606,209,8,25,242
020041607,135,8,4,147
020041608,151,12,49,212
020041609,400,17,7,424
020041610,243,22,8,273
020041701,216,1,0,217
020041702,226,8,3,237
020041703,178,31,6,215
020041704,247,44,0,291
020041705,296,32,0,328
020041706,269,7,0,276
020041707,237,11,7,255
020041708,239,77,30,346
020041709,302,29,0,331
020041710,200,40,21,261
020041801,8,7,27,42
020041901,142,51,50,243
020041902,209,24,7,240
020041903,219,89,13,321
020041904,223,49,60,332
020041905,222,29,5,256
020041906,186,106,51,343
020041907,110,57,98,265
020041908,83,103,55,241
020041909,127,67,113,307
020041910,197,38,22,257
020042001,182,68,22,272
020042002,210,26,8,244
020042003,149,66,39,254
020042004,110,58,51,219
020042005,136,46,28,210
020042006,195,90,16,301
020042007,216,42,23,281
020042008,170,49,22,241
020042009,199,52,32,283
020042010,217,98,26,341
020042011,249,56,12,317
020042012,407,47,3,457
020042101,142,53,42,237
020042102,120,64,57,241
020042103,142,33,21,196
020042104,104,69,62,235
020042105,166,61,9,236
020042106,158,80,24,262
020042107,197,36,13,246
020042108,178,76,36,290
020042109,97,83,54,234
020042110,66,79,80,225
020042111,154,61,39,254
020042112,126,29,30,185
020042201,234,11,1,246
020042202,235,29,25,289
020042203,336,9,1,346
020042204,478,8,0,486
020042205,218,43,4,265
020042206,254,0,0,254
020042207,357,14,7,378
020042208,285,33,30,348
020042209,195,30,14,239
020042210,213,12,1,226
020042211,244,6,4,254
020042212,173,17,6,196
020042301,203,49,9,261
020042302,188,65,22,275
020042303,156,61,26,243
020042304,185,62,11,258
020042305,193,16,3,212
020042306,251,44,4,299
020042307,173,44,8,225
020042308,234,45,7,286
020042309,95,25,1,121
020042310,150,56,20,226
020042311,139,24,18,181
020042312,117,66,18,201
020042401,76,154,141,371
020042402,91,202,200,493
020042403,48,136,121,305
020042404,84,219,164,467
020042405,28,56,105,189
020042406,33,174,133,340
020042501,52,240,288,580
020042502,165,208,101,474
020042503,145,407,252,804
020042504,30,201,209,440
020042601,15,57,45,117
020042602,186,48,11,245
020042603,43,103,43,189
020050101,235,15,0,250
020050102,350,20,0,370
020050103,308,16,1,325
020050104,258,47,2,307
020050105,414,34,0,448
020050106,180,18,7,205
020050107,293,9,0,302
020050108,285,30,1,316
020050109,337,7,0,344
020050110,295,5,0,300
020050201,260,58,2,320
020050202,234,26,2,262
020050203,282,15,0,297
020050204,410,14,3,427
020050205,211,9,0,220
020050206,168,44,13,225
020050207,176,36,28,240
020050208,371,60,0,431
020050209,293,27,4,324
020050210,230,24,37,291
020050211,345,27,11,383
020050301,277,11,25,313
020050302,348,31,100,479
020050303,102,30,6,138
020050304,185,33,9,227
020050305,284,33,1,318
020050306,273,23,1,297
020050307,211,82,0,293
020050308,149,13,0,162
020050309,252,17,34,303
020050310,195,24,6,225
020050311,329,52,2,383
020050401,362,45,2,409
020050402,313,28,1,342
020050403,266,14,3,283
020050404,257,16,2,275
020050405,288,41,1,330
020050406,459,16,26,501
020050407,219,30,1,250
020050408,475,20,0,495
020050409,281,30,19,330
020050501,320,14,1,335
020050502,549,14,0,563
020050503,329,21,0,350
020050504,258,28,1,287
020050505,208,32,0,240
020050506,288,16,9,313
020050507,376,42,1,419
020050508,306,8,8,322
020050601,294,6,1,301
020050602,350,55,0,405
020050603,403,28,4,435
020050604,597,47,3,647
020050605,476,65,1,542
020050606,340,21,3,364
020050607,366,24,4,394
020050608,344,30,2,376
020050701,486,27,1,514
020050702,179,14,15,208
020050703,258,11,0,269
020050704,505,78,8,591
020050705,499,94,5,598
020050706,225,32,34,291
020050707,185,11,0,196
020050708,295,70,5,370
020050801,420,78,47,545
020050802,305,12,0,317
020050803,459,32,2,493
020050804,391,47,8,446
020050805,170,1,1,172
020050806,360,20,5,385
020050807,354,37,2,393
020050808,306,23,19,348
020050809,299,14,13,326
020050901,395,56,0,451
020050902,269,6,0,275
020050903,243,22,0,265
020050904,205,26,0,231
020050905,226,7,24,257
020050906,213,27,0,240
020050907,197,20,1,218
020050908,423,28,2,453
020050909,409,8,7,424
020050910,291,33,9,333
020051001,476,38,7,521
020051002,498,21,11,530
020051003,117,22,15,154
020051004,232,9,1,242
020051005,231,32,1,264
020051006,269,16,20,305
020051007,478,60,0,538
020051008,254,32,11,297
020051009,270,32,14,316
020051010,236,11,5,252
020051101,459,37,18,514
020051102,315,47,15,377
020051103,245,27,0,272
020051104,288,28,1,317
020051105,272,20,4,296
020051106,277,32,1,310
020051107,395,41,17,453
020051108,234,74,8,316
020051109,385,18,48,451
020051110,308,23,16,347
020051201,184,17,49,250
020051202,788,30,5,823
020051203,333,59,13,405
020051204,273,34,0,307
020051205,181,6,0,187
020051206,597,116,14,727
020051207,262,43,19,324
020051301,365,27,0,392
020051302,286,30,3,319
020051303,301,47,0,348
020051304,241,34,1,276
020051305,269,30,3,302
020051306,331,29,3,363
020051307,290,15,11,316
020051308,404,13,0,417
020051309,399,13,0,412
020051401,262,6,0,268
020051402,297,20,25,342
020051403,478,51,3,532
020051404,401,12,2,415
020051405,610,79,8,697
020051406,467,33,12,512
020051407,126,20,19,165
020051408,243,13,11,267
020051409,316,25,17,358
020051501,433,36,19,488
020051502,446,54,7,507
020051503,225,11,2,238
020051504,505,26,17,548
020051505,410,40,0,450
020051506,251,17,7,275
020051507,231,52,2,285
020051508,186,17,9,212
020051509,129,7,25,161
020051601,295,33,5,333
020051602,243,15,15,273
020051603,179,20,6,205
020051604,295,62,15,372
020051605,311,46,0,357
020051606,246,43,3,292
020051607,163,17,51,231
020051608,327,27,16,370
020051609,319,41,17,377
020051610,300,61,23,384
020051611,356,37,7,400
020051701,238,21,23,282
020051702,314,16,15,345
020051703,243,18,12,273
020051704,248,36,1,285
020051705,291,15,0,306
020051706,306,19,0,325
020051707,265,59,1,325
020051708,308,24,2,334
020051709,240,6,1,247
020051710,245,26,1,272
020051711,360,27,2,389
020051801,360,42,2,404
020051802,255,31,33,319
020051803,313,24,0,337
020051804,211,24,19,254
020051805,264,62,2,328
020051806,210,17,12,239
020051807,294,10,0,304
020051808,131,15,1,147
020051809,221,35,10,266
020051810,283,34,4,321
020051811,267,36,1,304
020051901,293,40,2,335
020051902,253,21,1,275
020051903,368,22,5,395
020051904,288,84,15,387
020051905,288,29,3,320
020051906,303,18,0,321
020051907,150,27,18,195
020051908,387,17,2,406
020051909,278,13,0,291
020051910,314,36,1,351
020051911,285,29,12,326
020052001,230,62,16,308
020052002,333,53,13,399
020052003,266,58,36,360
020052004,275,27,4,306
020052005,286,22,12,320
020052006,230,28,16,274
020052007,220,54,5,279
020052008,211,51,3,265
020052009,267,34,4,305
020052010,320,33,23,376
020052011,225,46,1,272
020052012,188,42,8,238
020052101,340,26,6,372
020052102,268,50,20,338
020052103,183,11,14,208
020052104,314,16,5,335
020052105,225,39,0,264
020052106,240,80,4,324
020052107,199,38,4,241
020052108,198,29,13,240
020052109,173,49,9,231
020052110,208,19,1,228
020052111,222,19,0,241
020052201,224,21,3,248
020052202,226,44,14,284
020052203,197,28,7,232
020052204,321,29,1,351
020052205,231,34,9,274
020052206,257,18,1,276
020052207,688,22,1,711
020052208,160,34,16,210
020052209,234,23,7,264
020052210,226,31,9,266
020052211,243,40,10,293
020052212,216,60,2,278
020052213,164,38,9,211
020060101,179,21,2,202
020060102,276,28,1,305
020060103,330,7,0,337
020060104,236,27,4,267
020060105,393,25,4,422
020060106,303,35,2,340
020060107,223,20,1,244
020060108,268,27,12,307
020060109,183,16,0,199
020060110,134,7,1,142
020060111,224,20,1,245
020060112,196,40,12,248
020060201,343,27,3,373
020060202,310,15,1,326
020060203,217,14,1,232
020060204,230,12,2,244
020060205,212,8,0,220
020060206,319,10,0,329
020060207,327,18,0,345
020060208,331,20,3,354
020060209,209,40,1,250
020060210,303,16,0,319
020060211,385,29,1,415
020060301,303,42,3,348
020060302,240,30,27,297
020060303,258,56,1,315
020060304,224,19,0,243
020060305,237,18,1,256
020060306,319,24,4,347
020060307,350,9,1,360
020060308,277,19,1,297
020060309,355,59,12,426
020060310,352,31,0,383
020060401,180,19,0,199
020060402,202,21,0,223
020060403,288,28,12,328
020060404,293,18,1,312
020060405,252,32,1,285
020060406,279,28,1,308
020060407,220,13,1,234
020060408,313,39,2,354
020060409,283,30,0,313
020060410,291,42,3,336
020060411,316,25,1,342
020060501,324,50,1,375
020060502,426,23,0,449
020060503,319,47,0,366
020060504,265,23,3,291
020060505,340,23,12,375
020060506,286,12,2,300
020060507,274,29,0,303
020060508,195,8,0,203
020060509,226,10,0,236
020060510,337,44,2,383
020060511,394,9,0,403
020060512,145,11,2,158
020060601,482,54,1,537
020060602,722,55,4,781
020060603,498,3,1,502
020060604,207,12,6,225
020060605,191,7,1,199
020060606,323,5,1,329
020060607,325,23,0,348
020060608,363,40,2,405
020060609,341,11,0,352
020060701,246,33,1,280
020060702,308,27,0,335
020060703,257,18,2,277
020060704,310,42,7,359
020060705,303,52,2,357
020060706,249,5,2,256
020060707,368,21,1,390
020060708,245,16,24,285
020060709,242,73,2,317
020060710,291,20,1,312
020060711,255,2,2,259
020060712,212,48,0,260
020060713,223,8,0,231
020060801,287,51,14,352
020060802,361,85,1,447
020060803,221,8,5,234
020060804,285,3,0,288
020060805,202,13,11,226
020060806,463,37,0,500
020060807,283,21,0,304
020060808,357,22,12,391
020060809,229,24,0,253
020060810,303,22,0,325
020060901,287,8,0,295
020060902,248,10,0,258
020060903,259,19,0,278
020060904,417,8,2,427
020060905,160,7,1,168
020060906,335,42,0,377
020060907,221,3,22,246
020060908,186,4,3,193
020060909,328,27,5,360
020060910,300,19,0,319
020061001,282,17,0,299
020061002,267,18,0,285
020061003,364,10,2,376
020061004,275,50,0,325
020061005,413,37,0,450
020061006,407,41,1,449
020061007,292,14,1,307
020061008,521,32,0,553
020061009,238,7,0,245
020061010,454,3,0,457
020061101,407,14,0,421
020061102,224,10,0,234
020061103,336,7,22,365
020061104,329,12,0,341
020061105,228,19,0,247
020061106,285,13,1,299
020061107,290,14,21,325
020061108,348,16,0,364
020061109,260,14,1,275
020061110,206,20,1,227
020061201,230,25,1,256
020061202,194,8,1,203
020061203,249,29,1,279
020061204,182,9,0,191
020061205,354,27,1,382
020061206,226,12,3,241
020061207,320,16,1,337
020061208,275,25,1,301
020061209,289,58,1,348
020061210,230,4,1,235
020061211,348,16,1,365
020061212,198,3,0,201
020061301,297,6,0,303
020061302,555,29,0,584
020061303,289,3,1,293
020061304,429,27,0,456
020061305,332,6,16,354
020061306,247,18,1,266
020061307,330,22,11,363
020061308,408,59,2,469
020061309,389,19,1,409
020061401,360,16,1,377
020061402,218,30,1,249
020061403,315,37,23,375
020061404,489,34,2,525
020061405,396,5,0,401
020061406,451,18,14,483
020061407,226,6,0,232
020061408,207,9,0,216
020061409,274,29,2,305
020061410,366,19,1,386
020061501,270,11,1,282
020061502,700,50,1,751
020061503,346,10,0,356
020061504,247,19,0,266
020061505,319,1,0,320
020061506,254,24,1,279
020061507,282,44,4,330
020061508,402,37,0,439
020061509,209,14,1,224
020061510,279,20,0,299
020061601,267,13,1,281
020061602,268,8,0,276
020061603,362,20,2,384
020061604,282,20,1,303
020061605,315,44,0,359
020061606,345,65,1,411
020061607,336,41,4,381
020061608,460,47,0,507
020061609,387,22,0,409
020061610,415,33,41,489
020061611,361,23,0,384
020061701,403,13,0,416
020061702,399,18,0,417
020061703,284,19,1,304
020061704,338,14,3,355
020061705,744,56,0,800
020061706,480,26,1,507
020061707,259,12,2,273
020061801,229,25,5,259
020061802,210,32,0,242
020061803,217,35,0,252
020061804,297,8,1,306
020061805,363,15,2,380
020061806,383,29,13,425
020061807,472,17,6,495
020061808,455,47,2,504
020061809,385,6,1,392
020061901,356,21,4,381
020061902,593,37,2,632
020061903,554,40,3,597
020061904,417,15,0,432
020061905,277,24,2,303
020061906,394,36,2,432
020061907,418,22,0,440
020061908,400,18,4,422
020062001,200,8,0,208
020062002,243,10,0,253
020062003,421,21,2,444
020062004,244,11,0,255
020062005,360,15,0,375
020062006,342,16,0,358
020062007,248,6,0,254
020062008,466,8,1,475
020062009,285,21,9,315
020062010,369,10,0,379
020062101,249,28,12,289
020062102,392,38,20,450
020062103,382,33,31,446
020062104,232,23,5,260
020062105,301,24,0,325
020062106,166,63,0,229
020062107,312,40,17,369
020062108,396,47,11,454
020062109,270,18,1,289
020062110,350,12,0,362
020062111,307,69,2,378
020070101,167,27,3,197
020070102,246,36,2,284
020070103,270,31,1,302
020070104,190,34,12,236
020070105,145,15,2,162
020070106,186,29,2,217
020070107,152,16,1,169
020070108,271,23,4,298
020070109,179,18,70,267
020070110,330,34,1,365
020070201,235,38,1,274
020070202,298,55,2,355
020070203,238,41,9,288
020070204,480,93,19,592
020070205,273,30,48,351
020070206,340,34,0,374
020070207,223,14,2,239
020070208,241,20,31,292
020070209,345,10,27,382
020070301,256,39,1,296
020070302,293,36,13,342
020070303,394,24,40,458
020070304,320,19,6,345
020070305,280,22,1,303
020070306,284,23,4,311
020070307,381,44,13,438
020070308,266,26,3,295
020070309,207,50,11,268
020070310,398,17,4,419
020070401,339,172,2,513
020070402,302,2,0,304
020070403,374,24,3,401
020070404,510,15,0,525
020070405,260,18,0,278
020070406,273,13,0,286
020070407,326,17,2,345
020070408,259,7,1,267
020070409,192,17,1,210
020070410,341,18,0,359
020070501,296,36,0,332
020070502,209,9,0,218
020070503,269,29,1,299
020070504,416,36,0,452
020070505,428,21,2,451
020070506,256,11,0,267
020070507,252,12,0,264
020070508,296,39,2,337
020070509,299,56,75,430
020070601,334,11,25,370
020070602,237,2,1,240
020070603,192,19,21,232
020070604,231,15,28,274
020070605,294,33,83,410
020070606,313,25,8,346
020070607,361,16,0,377
020070608,173,9,1,183
020070609,261,9,0,270
020070701,230,12,2,244
020070702,143,52,1,196
020070703,408,0,0,408
020070704,227,6,1,234
020070705,205,10,45,260
020070706,291,45,17,353
020070707,159,53,4,216
020070708,197,13,7,217
020070709,314,21,42,377
020070710,347,2,0,349
020070711,276,4,0,280
020070801,298,4,0,302
020070802,290,37,12,339
020070803,228,18,0,246
020070804,287,60,0,347
020070805,332,30,1,363
020070806,292,55,17,364
020070807,273,26,15,314
020070808,326,26,2,354
020070901,238,8,1,247
020070902,241,28,4,273
020070903,219,4,0,223
020070904,299,29,0,328
020070905,175,21,0,196
020070906,319,7,22,348
020070907,297,24,0,321
020070908,324,43,10,377
020070909,212,25,41,278
020070910,273,14,14,301
020070911,199,16,9,224
020071001,272,29,0,301
020071002,158,20,0,178
020071003,215,36,1,252
020071004,280,9,0,289
020071005,215,22,2,239
020071006,297,25,25,347
020071007,280,41,14,335
020071008,385,37,1,423
020071009,262,36,1,299
020071010,281,28,8,317
020071101,262,31,11,304
020071102,383,15,1,399
020071103,326,17,18,361
020071104,352,20,3,375
020071105,204,18,3,225
020071106,254,11,1,266
020071107,481,8,0,489
020071108,386,37,21,444
020071109,346,14,3,363
020071110,233,7,1,241
020071201,388,28,1,417
020071202,196,16,1,213
020071203,241,32,1,274
020071204,288,24,0,312
020071205,269,23,0,292
020071206,278,16,1,295
020071207,184,25,2,211
020071208,163,37,0,200
020071209,246,34,2,282
020071301,256,25,32,313
020071302,260,24,6,290
020071303,364,25,1,390
020071304,205,7,1,213
020071305,296,27,3,326
020071306,248,12,0,260
020071307,189,7,0,196
020071308,168,17,2,187
020071309,148,12,1,161
020071310,167,24,1,192
020071311,236,12,0,248
020071312,195,13,2,210
020071313,178,12,1,191
020071314,189,12,3,204
020071315,173,9,0,182
020071401,246,39,3,288
020071402,266,29,1,296
020071403,217,19,0,236
020071404,225,19,0,244
020071405,220,41,2,263
020071406,304,37,1,342
020071407,233,24,0,257
020071408,234,34,4,272
020071409,230,37,3,270
020071410,183,37,5,225
020071411,269,27,4,300
020071412,269,29,9,307
020071413,197,24,2,223
020071501,123,42,0,165
020071502,217,32,4,253
020071503,223,70,3,296
020071504,197,23,2,222
020071505,191,28,4,223
020071506,316,13,1,330
020071507,224,56,0,280
020071508,195,38,0,233
020071509,336,17,0,353
020071510,214,67,6,287
020071511,236,76,4,316
020071601,224,17,1,242
020071602,199,31,1,231
020071603,208,21,0,229
020071604,141,40,1,182
020071605,210,48,0,258
020071606,253,39,11,303
020071607,223,65,4,292
020071608,297,33,8,338
020071609,247,47,3,297
020071701,150,124,54,328
020071702,27,111,159,297
020071703,46,69,92,207
020071704,33,96,117,246
020071705,12,59,29,100
020071706,141,108,103,352
020071707,46,201,207,454
020071708,30,57,63,150
020071709,43,137,149,329
020071710,35,112,67,214
020071711,15,48,24,87
020071801,45,210,87,342
020071802,10,55,54,119
020071803,63,80,87,230
020071804,16,58,45,119
020071805,19,68,18,105
020071806,69,101,110,280
020071807,65,186,4,255
020071808,35,182,2,219
020071809,49,93,116,258
020071810,50,129,153,332
020071811,46,76,77,199
020071901,70,79,22,171
020071902,117,115,26,258
020071903,119,77,36,232
020071904,159,73,45,277
020071905,146,114,35,295
020071906,281,136,5,422
020072001,335,29,3,367
020072002,162,20,2,184
020072003,213,25,2,240
020072004,149,21,10,180
020072005,234,29,0,263
020072006,212,48,9,269
020072007,174,26,4,204
020072008,385,22,10,417
020072009,207,49,7,263
020072010,219,58,51,328
020072011,262,45,2,309
020072012,161,35,9,205
020072013,389,173,0,562
020072101,347,47,2,396
020072102,425,17,0,442
020072103,365,41,13,419
020072104,232,5,0,237
020072105,212,26,0,238
020072106,397,14,0,411
020072107,283,12,1,296
020072108,161,10,1,172
020072109,238,48,0,286
020072110,316,34,1,351
020072111,278,14,2,294
020072112,233,21,2,256
020072201,277,8,0,285
020072202,306,32,4,342
020072203,333,21,1,355
020072204,343,25,2,370
020072205,332,42,0,374
020072206,309,16,4,329
020072207,193,18,2,213
020072208,204,28,0,232
020072209,207,11,1,219
020072210,224,32,4,260
020072211,259,20,1,280
020072212,219,34,0,253
020072213,247,36,0,283
020072301,264,18,3,285
020072302,344,21,6,371
020072303,258,46,10,314
020072304,243,21,1,265
020072305,226,42,0,268
020072306,225,44,4,273
020072307,267,28,1,296
020072308,222,22,13,257
020072309,238,26,4,268
020072401,297,42,2,341
020072402,230,35,12,277
020072403,236,49,61,346
020072404,322,48,1,371
020072405,276,49,8,333
020072406,323,30,1,354
020072407,229,30,2,261
020072408,267,40,7,314
020072409,283,40,2,325
020072410,244,55,4,303
020072411,306,44,4,354
020080101,177,58,25,260
020080102,168,172,88,428
020080103,85,117,55,257
020080104,39,170,190,399
020080105,92,207,80,379
020080106,90,189,129,408
020080107,115,84,161,360
020080108,162,118,58,338
020080109,171,216,185,572
020080110,83,228,81,392
020080111,4,45,18,67
020080112,153,396,325,874
020080201,227,137,3,367
020080202,131,29,1,161
020080203,104,50,0,154
020080204,155,86,2,243
020080205,122,49,2,173
020080206,129,111,0,240
020080207,303,92,1,396
020080208,234,47,1,282
020080209,209,50,1,260
020080210,134,40,1,175
020080301,203,56,2,261
020080302,194,49,5,248
020080303,139,29,4,172
020080304,137,47,45,229
020080305,181,31,3,215
020080306,90,29,1,120
020080307,178,24,3,205
020080308,43,142,237,422
020080309,105,165,95,365
020080310,98,129,76,303
020080401,179,56,11,246
020080402,118,23,32,173
020080403,165,34,3,202
020080404,178,12,24,214
020080405,228,77,4,309
020080406,269,67,2,338
020080407,186,58,9,253
020080408,204,58,3,265
020080409,219,21,4,244
020080410,245,51,0,296
020080411,189,35,2,226
020080501,218,40,9,267
020080502,195,53,3,251
020080503,179,52,14,245
020080504,233,35,14,282
020080505,140,28,2,170
020080506,198,59,5,262
020080507,220,94,5,319
020080508,142,62,0,204
020080509,249,19,0,268
020080510,372,35,1,408
020080511,285,30,0,315
020080601,252,46,0,298
020080602,346,42,1,389
020080603,339,58,0,397
020080604,155,25,3,183
020080605,244,57,7,308
020080606,166,37,11,214
020080607,125,51,20,196
020080608,194,34,3,231
020080609,235,27,2,264
020080610,149,35,5,189
020080611,106,44,11,161
020080701,100,138,53,291
020080702,107,163,98,368
020080703,75,152,121,348
020080704,31,132,139,302
020080705,85,169,199,453
020080706,26,100,112,238
020080707,64,164,247,475
020080708,40,142,192,374
020080709,49,201,229,479
020080710,18,86,56,160
020080711,84,154,83,321
020080712,191,98,28,317
020080713,109,110,34,253
020080714,5,83,147,235
020080801,226,31,5,262
020080802,239,30,1,270
020080803,195,22,0,217
020080804,278,20,1,299
020080805,214,14,6,234
020080806,263,34,2,299
020080807,252,28,0,280
020080808,157,24,1,182
020080809,175,19,1,195
020080810,224,24,2,250
020080811,231,80,20,331
020080901,207,43,9,259
020080902,220,49,3,272
020080903,306,37,3,346
020080904,150,10,1,161
020080905,270,36,13,319
020080906,196,80,0,276
020080907,200,40,3,243
020080908,196,19,1,216
020080909,258,28,5,291
020081001,215,26,1,242
020081002,194,22,5,221
020081003,244,131,0,375
020081004,591,105,3,699
020081005,712,91,2,805
020081006,460,59,12,531
020081007,459,74,0,533
020081008,288,21,0,309
020081101,592,217,6,815
020081102,435,224,12,671
020081103,818,178,2,998
020081104,486,126,2,614
020081105,324,115,5,444
020081201,228,57,8,293
020081202,286,43,1,330
020081203,264,46,6,316
020081204,172,45,9,226
020081205,267,43,4,314
020081206,199,38,3,240
020081207,186,51,4,241
020081301,2,0,9,11
020081302,74,16,6,96
020081303,175,66,7,248
020081304,194,62,10,266
020081305,221,55,2,278
020081306,156,32,6,194
020081307,164,38,24,226
020081308,207,60,3,270
020081401,115,180,23,318
020081402,100,125,25,250
020081403,116,162,22,300
020081404,207,153,250,610
020081405,219,76,23,318
020081406,157,39,3,199
020081407,198,67,6,271
020081408,181,49,11,241
020081409,162,53,14,229
020081410,134,81,18,233
020081501,54,155,254,463
020081502,62,245,178,485
020081503,53,52,18,123
020081504,15,53,29,97
020081505,258,261,94,613
020081506,37,88,57,182
020081507,50,123,44,217
020081508,59,137,78,274
020081509,137,99,24,260
020081510,257,63,21,341
020081601,199,81,5,285
020081602,162,2,1,165
020081603,207,72,1,280
020081604,191,61,4,256
020081605,200,65,3,268
020081606,187,67,1,255
020081607,189,65,2,256
020081608,187,16,1,204
020081609,239,26,3,268
020081610,183,41,24,248
020081701,139,51,6,196
020081702,201,19,1,221
020081703,225,87,1,313
020081704,214,74,0,288
020081705,161,9,0,170
020090101,195,9,0,204
020090102,159,20,1,180
020090103,236,10,1,247
020090104,235,13,5,253
020090105,250,24,4,278
020090106,198,38,2,238
020090107,201,46,2,249
020090108,229,29,2,260
020090109,325,14,2,341
020090201,321,24,1,346
020090202,247,46,1,294
020090203,308,12,1,321
020090204,364,49,0,413
020090205,380,20,2,402
020090206,226,18,0,244
020090207,269,24,1,294
020090208,217,22,0,239
020090209,342,10,1,353
020090210,258,32,3,293
020090211,312,24,1,337
020090212,193,23,1,217
020090301,225,18,2,245
020090302,213,28,2,243
020090303,221,1,2,224
020090304,212,18,2,232
020090305,234,21,0,255
020090306,280,12,0,292
020090307,299,6,0,305
020090308,253,14,0,267
020090309,216,28,2,246
020090310,253,18,1,272
020090311,241,33,1,275
020090312,175,13,0,188
020090313,215,36,4,255
020090401,289,46,1,336
020090402,230,72,2,304
020090403,290,45,0,335
020090404,291,23,2,316
020090405,260,41,1,302
020090406,203,37,1,241
020090407,227,28,0,255
020090408,228,24,2,254
020090409,217,26,0,243
020090410,224,10,1,235
020090411,284,26,20,330
020090501,251,40,0,291
020090502,254,43,1,298
020090503,232,21,1,254
020090504,259,30,1,290
020090505,348,22,4,374
020090506,280,24,0,304
020090507,247,55,0,302
020090508,236,32,2,270
020090509,238,31,55,324
020090510,274,35,1,310
020090511,265,25,2,292
020090601,334,55,8,397
020090602,219,30,1,250
020090603,299,49,16,364
020090604,269,42,26,337
020090605,340,30,2,372
020090606,212,35,3,250
020090607,303,32,29,364
020090608,224,39,10,273
020090609,351,7,1,359
020090610,283,29,4,316
020090611,197,31,46,274
020090612,230,34,2,266
020090701,234,27,0,261
020090702,265,29,2,296
020090703,200,13,0,213
020090704,222,15,0,237
020090705,227,21,4,252
020090706,235,35,0,270
020090707,190,26,3,219
020090708,224,42,3,269
020090709,267,28,0,295
020090710,170,29,35,234
020090711,229,42,0,271
020090712,263,36,0,299
020090713,270,32,12,314
020090714,239,41,3,283
020090801,209,54,1,264
020090802,248,27,2,277
020090803,252,27,3,282
020090804,250,28,2,280
020090805,255,63,5,323
020090806,284,53,6,343
020090807,224,76,0,300
020090808,260,56,5,321
020090809,194,31,7,232
020090810,238,48,12,298
020090811,227,57,5,289
020090812,248,64,3,315
020090813,160,37,1,198
020090901,210,16,35,261
020090902,191,50,1,242
020090903,292,78,3,373
020090904,151,34,1,186
020090905,194,49,1,244
020090906,234,56,6,296
020090907,248,45,1,294
020090908,156,22,1,179
020090909,198,33,9,240
020090910,221,49,0,270
020090911,165,42,40,247
020090912,160,56,2,218
020090913,151,43,1,195
020090914,261,44,1,306
020091001,233,46,9,288
020091002,280,25,13,318
020091003,251,59,2,312
020091004,210,19,0,229
020091005,283,47,3,333
020091006,210,20,0,230
020091007,208,22,2,232
020091008,295,18,0,313
020091009,147,19,1,167
020091010,270,32,0,302
020091011,228,12,0,240
020091012,180,42,0,222
020091101,344,58,0,402
020091102,290,46,8,344
020091103,240,29,2,271
020091104,300,43,1,344
020091105,334,32,3,369
020091106,233,62,2,297
020091107,317,34,6,357
020091108,253,20,2,275
020091109,228,46,0,274
020091110,233,26,26,285
020091111,277,27,0,304
020091112,306,46,13,365
020091201,257,64,3,324
020091202,136,31,1,168
020091203,221,38,4,263
020091204,230,39,2,271
020091205,204,48,3,255
020091206,251,60,5,316
020091207,209,32,1,242
020091208,257,54,1,312
020091209,230,49,1,280
020091210,266,49,18,333
020091211,228,58,7,293
020091212,175,30,0,205
020091301,218,46,0,264
020091302,359,16,0,375
020091303,282,54,24,360
020091304,192,34,1,227
020091305,226,56,6,288
020091306,138,42,4,184
020091307,264,63,20,347
020091401,246,93,2,341
020091402,234,32,4,270
020091403,191,33,7,231
020091404,113,65,6,184
020091405,91,172,61,324
020091406,151,205,187,543
020091407,62,141,50,253
020091408,69,182,82,333
020091409,100,64,16,180
020091410,76,236,88,400
020091501,165,32,1,198
020091502,189,34,3,226
020091503,202,60,5,267
020091504,166,65,9,240
020091505,253,58,1,312
020091506,276,27,1,304
020091507,285,30,4,319
020091508,193,53,10,256
020091509,218,35,4,257
020091510,167,37,4,208
020091511,218,52,13,283
020091601,245,34,3,282
020091602,250,40,4,294
020091603,152,23,6,181
020091604,169,47,9,225
020091605,166,50,9,225
020091606,255,51,0,306
020091607,243,63,3,309
020091608,220,46,7,273
020091609,265,53,2,320
020091610,246,37,2,285
020091611,207,29,2,238
020091612,240,14,0,254
020091613,230,49,5,284
020100101,214,31,1,246
020100102,287,36,0,323
020100103,285,49,0,334
020100104,226,46,0,272
020100105,215,18,3,236
020100106,223,34,0,257
020100107,209,36,3,248
020100108,315,22,4,341
020100201,287,30,3,320
020100202,201,43,0,244
020100203,203,27,0,230
020100204,230,62,1,293
020100205,240,46,1,287
020100206,325,51,3,379
020100207,302,29,0,331
020100208,277,27,0,304
020100301,203,11,1,215
020100302,251,27,3,281
020100303,267,21,0,288
020100304,197,9,0,206
020100305,244,14,3,261
020100306,234,27,4,265
020100307,314,16,7,337
020100308,296,37,1,334
020100401,329,27,1,357
020100402,337,44,0,381
020100403,262,29,0,291
020100404,259,26,0,285
020100405,238,31,0,269
020100406,182,36,0,218
020100407,258,29,0,287
020100408,229,31,2,262
020100409,232,33,0,265
020100501,174,51,1,226
020100502,249,36,0,285
020100503,314,28,1,343
020100504,290,14,0,304
020100505,256,35,0,291
020100506,295,24,0,319
020100507,256,43,2,301
020100508,327,21,2,350
020100509,228,21,1,250
020100510,204,50,3,257
020100511,202,39,1,242
020100512,231,21,2,254
020100513,255,21,2,278
020100514,232,27,1,260
020100601,201,20,2,223
020100602,190,29,17,236
020100603,343,27,2,372
020100604,291,21,0,312
020100605,288,50,1,339
020100606,250,32,1,283
020100607,229,53,0,282
020100608,304,29,1,334
020100609,299,54,1,354
020100610,288,68,13,369
020100611,244,9,1,254
020100612,247,11,1,259
020100613,358,22,5,385
020100701,305,40,2,347
020100702,363,33,1,397
020100703,409,41,1,451
020100704,391,30,3,424
020100705,315,33,9,357
020100706,312,24,2,338
020100707,401,105,0,506
020100708,325,21,1,347
020100709,273,38,1,312
020100710,343,39,3,385
020100801,300,79,3,382
020100802,367,39,2,408
020100803,258,27,0,285
020100804,307,45,3,355
020100805,220,34,6,260
020100806,240,42,2,284
020100807,354,47,1,402
020100808,352,41,2,395
020100809,225,30,2,257
020100901,287,31,3,321
020100902,243,63,0,306
020100903,265,20,0,285
020100904,278,28,0,306
020100905,265,21,0,286
020100906,295,33,3,331
020100907,280,21,0,301
020100908,212,33,1,246
020100909,213,33,1,247
020100910,201,32,1,234
020101001,261,13,1,275
020101002,285,51,9,345
020101003,275,20,2,297
020101004,249,20,0,269
020101005,286,12,1,299
020101006,298,7,2,307
020101007,270,27,1,298
020101008,220,29,4,253
020101009,302,34,2,338
020101010,236,18,1,255
020101011,270,17,0,287
020101012,284,50,2,336
020101101,280,18,1,299
020101102,357,24,25,406
020101103,266,70,2,338
020101104,319,26,1,346
020101105,197,58,1,256
020101106,156,25,0,181
020101107,302,22,6,330
020101108,315,23,0,338
020101109,271,74,0,345
020101110,222,41,0,263
020101111,235,6,3,244
020101201,317,14,0,331
020101202,332,32,0,364
020101203,222,17,21,260
020101204,204,30,1,235
020101205,131,15,5,151
020101206,175,10,6,191
020101207,174,32,19,225
020101208,282,9,0,291
020101209,281,26,0,307
020101210,218,20,1,239
020101301,166,40,6,212
020101302,225,20,1,246
020101303,217,40,1,258
020101304,204,34,1,239
020101305,263,37,1,301
020101306,242,20,3,265
020101307,232,10,2,244
020101308,254,30,0,284
020101309,247,14,15,276
020101310,195,27,7,229
020101311,269,7,0,276
020101312,254,8,0,262
020101401,279,31,4,314
020101402,266,37,1,304
020101403,303,13,1,317
020101404,241,38,1,280
020101405,240,15,1,256
020101406,180,18,1,199
020101407,245,19,2,266
020101408,205,33,9,247
020101409,258,54,8,320
020101410,307,23,1,331
020101411,182,26,51,259
020101501,229,13,4,246
020101502,305,37,1,343
020101503,153,37,8,198
020101504,227,14,0,241
020101505,269,23,1,293
020101506,211,24,3,238
020101507,196,22,0,218
020101508,265,50,18,333
020101509,420,34,0,454
020101601,227,21,16,264
020101602,343,38,5,386
020101603,209,21,17,247
020101604,282,49,1,332
020101605,341,38,1,380
020101606,286,49,3,338
020101607,270,16,2,288
020101608,275,22,1,298
020101609,278,41,8,327
020101701,299,11,0,310
020101702,306,42,3,351
020101703,316,35,2,353
020101704,360,18,0,378
020101705,238,36,22,296
020101706,255,37,0,292
020101707,235,30,4,269
020101708,200,17,1,218
020101709,205,9,1,215
020101710,232,32,0,264
020101801,232,21,0,253
020101802,242,21,2,265
020101803,295,24,0,319
020101804,329,27,17,373
020101805,258,13,4,275
020101806,264,10,2,276
020101807,327,31,1,359
020101808,159,19,0,178
020101809,328,30,2,360
020101810,135,31,9,175
020101811,157,40,13,210
020101812,246,42,2,290
020101901,169,32,40,241
020101902,319,25,64,408
020101903,226,45,27,298
020101904,290,12,23,325
020101905,316,15,10,341
020101906,228,26,10,264
020101907,305,17,0,322
020101908,186,14,1,201
020101909,231,27,14,272
020101910,310,37,31,378
020101911,266,53,10,329
020101912,361,39,2,402
020110101,264,55,1,320
020110102,294,20,0,314
020110103,208,30,1,239
020110104,270,42,0,312
020110105,182,26,8,216
020110106,240,29,1,270
020110107,212,33,3,248
020110108,254,14,0,268
020110109,258,41,2,301
020110110,299,20,1,320
020110111,351,44,1,396
020110112,225,39,2,266
020110201,240,26,7,273
020110202,308,13,0,321
020110203,268,15,1,284
020110204,198,22,1,221
020110205,348,28,1,377
020110206,313,17,0,330
020110207,292,10,1,303
020110208,240,30,22,292
020110209,186,19,28,233
020110210,325,16,1,342
020110211,306,6,10,322
020110301,252,10,0,262
020110302,277,14,1,292
020110303,216,17,0,233
020110304,188,20,0,208
020110305,213,13,1,227
020110306,279,7,0,286
020110307,249,12,2,263
020110308,276,19,0,295
020110309,271,23,0,294
020110310,292,4,0,296
020110311,245,7,0,252
020110312,258,21,1,280
020110401,267,9,0,276
020110402,242,12,2,256
020110403,202,15,1,218
020110404,266,23,0,289
020110405,296,6,0,302
020110406,220,15,0,235
020110407,267,7,1,275
020110408,262,14,2,278
020110409,282,21,4,307
020110410,247,23,5,275
020110411,266,43,0,309
020110412,322,20,0,342
020110413,269,37,0,306
020110501,207,32,0,239
020110502,266,36,2,304
020110503,294,20,0,314
020110504,228,20,1,249
020110505,299,34,0,333
020110506,290,20,2,312
020110507,261,12,0,273
020110508,277,20,1,298
020110509,242,31,6,279
020110510,287,41,1,329
020110601,261,24,0,285
020110602,325,24,1,350
020110603,280,39,25,344
020110604,301,25,0,326
020110605,250,47,0,297
020110606,246,51,1,298
020110607,253,31,2,286
020110608,242,36,0,278
020110609,230,44,4,278
020110610,225,34,2,261
020110611,256,41,0,297
020110701,134,17,3,154
020110702,293,23,2,318
020110703,262,31,0,293
020110704,295,21,0,316
020110705,311,29,5,345
020110706,262,23,2,287
020110707,237,26,4,267
020110708,226,13,1,240
020110709,252,41,2,295
020110710,254,26,2,282
020110711,280,36,2,318
020110712,245,46,0,291
020110801,303,33,0,336
020110802,284,44,1,329
020110803,199,10,0,209
020110804,321,6,0,327
020110805,244,17,0,261
020110806,330,33,0,363
020110807,308,22,0,330
020110808,329,20,0,349
020110809,333,25,1,359
020110901,270,34,3,307
020110902,280,13,0,293
020110903,333,37,1,371
020110904,231,18,1,250
020110905,282,9,0,291
020110906,226,18,0,244
020110907,288,14,0,302
020110908,273,34,0,307
020110909,220,23,1,244
020110910,319,7,0,326
020110911,217,26,2,245
020110912,293,1,0,294
020111001,258,35,0,293
020111002,341,27,0,368
020111003,305,8,1,314
020111004,286,41,0,327
020111005,358,20,5,383
020111006,437,15,1,453
020111007,305,26,0,331
020111008,298,15,0,313
020111009,290,22,1,313
020111010,220,25,2,247
020111101,243,15,2,260
020111102,257,44,1,302
020111103,247,56,4,307
020111104,81,12,0,93
020111105,293,29,1,323
020111106,298,58,0,356
020111107,257,39,0,296
020111108,265,34,2,301
020111109,227,11,0,238
020111201,215,14,0,229
020111202,194,23,0,217
020111203,298,44,1,343
020111204,255,14,0,269
020111205,201,29,0,230
020111206,292,19,2,313
020111207,230,19,1,250
020111208,261,3,0,264
020111209,215,11,2,228
020111210,225,31,0,256
020111301,291,52,0,343
020111302,330,51,0,381
020111303,294,17,0,311
020111304,306,34,4,344
020111305,350,35,0,385
020111306,317,35,0,352
020111307,282,14,0,296
020111308,258,18,0,276
020111309,329,14,18,361
020111310,236,11,1,248
020111311,298,29,0,327
020111401,297,61,0,358
020111402,301,27,1,329
020111403,316,42,2,360
020111404,246,27,2,275
020111405,275,37,1,313
020111406,365,28,3,396
020111407,631,49,0,680
020111501,307,30,5,342
020111502,292,29,0,321
020111503,316,33,3,352
020111504,322,22,2,346
020111505,256,57,6,319
020111506,274,27,1,302
020111507,233,28,19,280
020111508,300,19,29,348
020111509,310,19,1,330
020111510,296,25,3,324
020111511,311,35,38,384
020111601,269,26,15,310
020111602,335,12,5,352
020111603,227,28,2,257
020111604,223,20,3,246
020111605,248,28,2,278
020111606,279,29,0,308
020111607,286,29,29,344
020111608,349,29,0,378
020111609,236,16,0,252
020111610,206,22,0,228
020111701,250,34,0,284
020111702,226,52,1,279
020111703,291,26,3,320
020111704,227,74,5,306
020111705,215,21,13,249
020111706,315,63,6,384
020111707,293,13,2,308
020111708,257,38,2,297
020111801,199,29,0,228
020111802,240,43,1,284
020111803,241,27,2,270
020111804,288,20,16,324
020111805,283,25,1,309
020111806,425,79,2,506
020111807,275,26,2,303
020111808,238,72,18,328
020111809,249,32,5,286
020111901,171,29,10,210
020111902,285,31,0,316
020111903,229,48,1,278
020111904,295,32,0,327
020111905,252,33,1,286
020111906,296,27,2,325
020111907,271,32,2,305
020111908,235,58,0,293
020111909,276,45,1,322
020112001,303,34,7,344
020112002,300,11,1,312
020112003,267,79,13,359
020112004,244,37,0,281
020112005,248,66,0,314
020112006,209,23,3,235
020112007,205,19,1,225
020112008,185,4,0,189
020112009,243,13,0,256
020112010,262,16,7,285
020112011,189,52,5,246
020112101,277,24,15,316
020112102,242,14,2,258
020112103,380,24,1,405
020112104,280,24,7,311
020112105,341,40,2,383
020112106,313,37,1,351
020112107,236,24,0,260
020112108,214,33,2,249
020112109,209,7,2,218
020112110,240,35,3,278
020112111,314,41,10,365
020112201,246,51,2,299
020112202,293,35,20,348
020112203,319,26,3,348
020112204,196,55,8,259
020112205,265,28,8,301
020112206,351,29,3,383
020112207,318,22,0,340
020112208,256,7,1,264
020112209,222,30,7,259
020112210,271,27,0,298
020112211,213,19,4,236
020120101,167,20,1,188
020120102,163,29,0,192
020120103,163,13,0,176
020120104,244,21,1,266
020120105,193,12,1,206
020120106,225,47,4,276
020120107,310,15,3,328
020120108,149,27,2,178
020120109,288,60,1,349
020120110,302,47,1,350
020120111,320,45,0,365
020120201,269,33,10,312
020120202,254,55,0,309
020120203,316,63,2,381
020120204,328,44,0,372
020120205,330,38,3,371
020120206,288,46,1,335
020120207,284,31,1,316
020120208,298,35,2,335
020120301,92,12,0,104
020120302,196,27,2,225
020120303,229,32,0,261
020120304,217,42,0,259
020120305,243,44,2,289
020120306,259,70,6,335
020120307,305,68,3,376
020120308,218,32,0,250
020120309,168,34,2,204
020120310,222,63,1,286
020120311,248,27,3,278
020120401,226,19,0,245
020120402,213,53,2,268
020120403,317,64,2,383
020120404,245,31,2,278
020120405,212,19,0,231
020120406,263,26,1,290
020120407,461,35,0,496
020120408,238,42,1,281
020120409,184,34,4,222
020120410,188,35,0,223
020120501,178,25,1,204
020120502,239,39,1,279
020120503,492,36,0,528
020120504,243,31,1,275
020120505,303,40,2,345
020120506,265,21,1,287
020120507,307,14,0,321
020120508,346,66,1,413
020120509,225,77,0,302
020120510,237,21,18,276
020120511,276,35,4,315
020120601,285,13,1,299
020120602,323,24,1,348
020120603,234,18,1,253
020120604,296,29,0,325
020120605,328,53,1,382
020120606,291,46,1,338
020120607,315,14,0,329
020120608,250,35,0,285
020120609,241,58,2,301
020120610,275,19,2,296
020120701,268,43,2,313
020120702,258,40,0,298
020120703,293,22,0,315
020120704,278,42,1,321
020120705,241,21,2,264
020120706,288,51,4,343
020120707,267,30,0,297
020120708,326,26,6,358
020120709,521,25,4,550
020120710,392,75,2,469
020120801,324,77,5,406
020120802,250,18,1,269
020120803,286,31,2,319
020120804,215,40,1,256
020120805,298,41,1,340
020120806,321,21,1,343
020120807,321,38,0,359
020120808,375,31,2,408
020120809,362,24,1,387
020120810,202,66,1,269
020120811,223,19,0,242
020120901,261,44,10,315
020120902,345,55,0,400
020120903,307,63,7,377
020120904,319,57,7,383
020120905,322,31,1,354
020120906,327,34,4,365
020120907,270,25,3,298
020121001,269,51,1,321
020121002,330,48,0,378
020121003,248,33,1,282
020121004,222,30,4,256
020121005,247,36,9,292
020121006,301,41,0,342
020121007,215,31,1,247
020121008,457,12,0,469
020121009,271,36,0,307
020121010,198,47,10,255
020121011,278,35,9,322
020121101,292,27,0,319
020121102,240,15,4,259
020121103,188,53,2,243
020121104,286,38,1,325
020121105,214,45,25,284
020121106,277,28,2,307
020121107,301,17,1,319
020121108,302,11,12,325
020121109,366,4,0,370
020121110,224,40,2,266
020121111,229,40,3,272
020121201,261,9,0,270
020121202,473,20,1,494
020121203,465,18,2,485
020121204,307,42,0,349
020121205,298,24,0,322
020121206,225,18,0,243
020121207,351,22,2,375
020121208,238,24,1,263
020121301,363,38,1,402
020121302,356,31,1,388
020121303,683,27,1,711
020121304,444,45,0,489
020121305,446,10,0,456
020121306,345,45,0,390
020121307,201,17,3,221
020121401,335,5,29,369
020121402,360,35,0,395
020121403,291,11,2,304
020121404,390,8,0,398
020121405,410,8,0,418
020121406,294,20,0,314
020121407,382,26,20,428
020121408,416,44,3,463
020121409,305,14,0,319
020121410,379,42,2,423
020121501,327,19,19,365
020121502,397,22,0,419
020121503,380,25,0,405
020121504,376,39,0,415
020121505,302,88,1,391
020121506,317,22,0,339
020121507,366,12,1,379
020121508,346,11,2,359
020121509,398,23,1,422
020121510,258,30,5,293
020121511,228,37,0,265
020121512,250,16,1,267
020121513,229,12,4,245
020121601,345,31,3,379
020121602,305,37,3,345
020121603,300,8,0,308
020121604,396,30,22,448
020121605,423,25,22,470
020121606,573,56,0,629
020121607,303,12,1,316
020121608,439,79,0,518
020121609,331,9,18,358
020121610,271,53,3,327
020121611,309,24,0,333
020121612,249,61,1,311
020121613,163,32,0,195
020121614,166,4,0,170
020121701,289,53,1,343
020121702,280,63,3,346
020121703,293,28,1,322
020121704,263,33,4,300
020121705,383,42,2,427
020121706,333,54,1,388
020121707,321,30,4,355
020121708,509,35,1,545
020121801,197,29,2,228
020121802,238,68,2,308
020121803,271,35,7,313
020121804,243,50,3,296
020121805,243,47,0,290
020121806,273,27,0,300
020121807,288,38,2,328
020121808,290,23,1,314
020121809,226,34,3,263
020121810,232,36,4,272
020121811,195,29,9,233
020121812,365,60,1,426
020121813,273,32,0,305
020121901,337,8,0,345
020121902,211,7,0,218
020121903,242,8,0,250
020121904,302,55,6,363
020121905,327,37,2,366
020121906,303,44,1,348
020121907,305,32,2,339
020121908,250,32,20,302
020121909,270,41,0,311
020121910,319,28,1,348
020121911,309,24,1,334
020121912,249,36,30,315
020121913,265,6,1,272
020122001,282,30,1,313
020122002,458,56,0,514
020122003,385,13,0,398
020122004,355,29,2,386
020122005,313,36,2,351
020122006,374,27,1,402
020122007,312,25,5,342
020122008,285,20,4,309
020122101,440,16,0,456
020122102,353,16,40,409
020122103,320,18,3,341
020122104,387,27,2,416
020122105,183,8,0,191
020122106,288,29,2,319
020122107,272,57,1,330
020122108,264,30,0,294
020122109,243,25,2,270
020122110,219,38,1,258
020122201,253,30,1,284
020122202,305,48,2,355
020122203,265,23,1,289
020122204,259,32,1,292
020122205,340,20,0,360
020122206,377,56,0,433
020122207,410,23,1,434
020122208,314,16,2,332
020122209,325,31,0,356
020122210,312,37,6,355
020122211,329,36,0,365
020130101,281,12,1,294
020130102,313,25,2,340
020130103,250,4,0,254
020130104,293,61,1,355
020130105,380,12,1,393
020130106,287,68,1,356
020130107,166,15,0,181
020130108,222,9,7,238
020130109,185,10,2,197
020130110,269,35,0,304
020130111,235,24,0,259
020130112,218,23,1,242
020130113,226,12,1,239
020130114,220,15,27,262
020130201,452,34,28,514
020130202,299,29,1,329
020130203,227,26,2,255
020130204,195,36,3,234
020130205,265,58,0,323
020130206,430,27,3,460
020130207,282,8,1,291
020130208,228,24,0,252
020130209,365,24,1,390
020130210,374,50,12,436
020130211,275,17,0,292
020130301,357,16,0,373
020130302,249,15,1,265
020130303,316,14,1,331
020130304,409,18,2,429
020130305,292,17,0,309
020130306,248,21,1,270
020130307,273,9,1,283
020130308,249,28,0,277
020130309,301,30,0,331
020130310,416,26,0,442
020130401,275,9,0,284
020130402,304,33,1,338
020130403,266,17,17,300
020130404,371,51,1,423
020130405,337,20,1,358
020130406,362,33,1,396
020130407,274,16,0,290
020130408,231,33,0,264
020130409,308,26,0,334
020130410,222,6,1,229
020130411,284,31,1,316
020130412,530,39,14,583
020130413,284,17,20,321
020130414,303,21,0,324
020130501,305,29,1,335
020130502,369,28,0,397
020130503,473,51,1,525
020130504,440,33,0,473
020130505,298,42,1,341
020130506,368,47,3,418
020130507,263,61,0,324
020130508,371,34,2,407
020130601,264,18,0,282
020130602,371,22,3,396
020130603,350,9,0,359
020130604,344,52,1,397
020130605,403,39,3,445
020130606,318,28,2,348
020130607,369,21,1,391
020130608,286,36,13,335
020130701,260,9,0,269
020130702,206,14,0,220
020130703,425,28,0,453
020130704,332,8,0,340
020130705,456,17,0,473
020130706,345,24,0,369
020130707,316,11,0,327
020130708,284,20,0,304
020130709,354,8,1,363
020130801,298,12,1,311
020130802,251,18,2,271
020130803,389,18,0,407
020130804,339,39,0,378
020130805,389,60,1,450
020130806,283,8,0,291
020130807,309,29,0,338
020130808,392,13,6,411
020130809,298,28,0,326
020130810,276,13,0,289
020130901,262,19,2,283
020130902,255,37,2,294
020130903,214,21,1,236
020130904,281,11,0,292
020130905,454,30,1,485
020130906,285,31,2,318
020130907,291,3,0,294
020130908,319,9,0,328
020130909,343,14,2,359
020130910,220,14,1,235
020131001,370,42,1,413
020131002,327,17,0,344
020131003,372,28,1,401
020131004,387,24,2,413
020131005,194,34,4,232
020131006,323,25,30,378
020131007,258,53,1,312
020131008,406,21,3,430
020131009,302,9,2,313
020131010,355,43,2,400
020131011,289,16,1,306
020131101,155,14,1,170
020131102,213,26,0,239
020131103,178,16,0,194
020131104,214,12,0,226
020131105,204,11,0,215
020131106,339,32,2,373
020131107,241,21,3,265
020131201,254,22,0,276
020131202,300,12,0,312
020131203,215,20,1,236
020131204,339,11,0,350
020131205,193,17,2,212
020131206,194,34,7,235
020131207,275,58,6,339
020131208,245,26,1,272
020131209,323,52,3,378
020131210,218,22,4,244
020131301,345,6,1,352
020131302,146,1,0,147
020131303,315,3,1,319
020131304,348,17,5,370
020131305,388,18,0,406
020131306,115,15,1,131
020131307,264,34,1,299
020131308,234,13,1,248
020131309,271,2,0,273
020131310,342,4,0,346
020131311,199,13,0,212
020131312,317,6,1,324
020131313,505,20,1,526
020131314,328,14,0,342
020131401,304,22,1,327
020131402,156,6,0,162
020131403,334,21,5,360
020131404,279,9,0,288
020131405,209,18,1,228
020131406,337,18,0,355
020131407,157,6,0,163
020131408,218,30,1,249
020131409,223,11,0,234
020131410,285,12,0,297
020131411,249,18,1,268
020131501,310,38,2,350
020131502,351,6,0,357
020131503,316,31,0,347
020131504,176,20,0,196
020131505,356,27,1,384
020131506,272,7,0,279
020131507,376,0,0,376
020131508,348,14,1,363
020131509,351,51,1,403
020131510,297,32,1,330
020131511,304,53,10,367
020131512,310,13,0,323
020131601,381,7,0,388
020131602,412,11,1,424
020131603,241,7,1,249
020131604,353,14,0,367
020131605,249,2,0,251
020131606,168,1,0,169
020131607,340,25,0,365
020131608,335,12,0,347
020131609,351,22,0,373
020131610,363,22,0,385
020131611,342,37,0,379
020131612,313,17,9,339
020131613,218,2,1,221
020131701,385,84,2,471
020131702,413,50,1,464
020131703,307,51,0,358
020131704,229,14,0,243
020131705,270,11,0,281
020131706,333,11,0,344
020131707,333,48,1,382
020131708,297,17,0,314
020131709,365,33,1,399
020131710,340,52,1,393
020131711,235,10,0,245
020131801,299,32,1,332
020131802,367,33,2,402
020131803,381,7,2,390
020131804,266,23,4,293
020131805,265,15,0,280
020131806,268,33,0,301
020131807,359,21,0,380
020131808,264,9,2,275
020131809,153,13,0,166
020131810,237,32,1,270
020131901,320,11,4,335
020131902,382,11,0,393
020131903,274,8,3,285
020131904,214,12,0,226
020131905,314,35,10,359
020131906,194,17,0,211
020131907,216,3,2,221
020131908,317,5,0,322
020131909,287,40,0,327
020131910,291,18,2,311
020131911,158,2,0,160
020131912,261,4,1,266
020132001,285,16,0,301
020132002,371,10,0,381
020132003,169,2,0,171
020132004,303,9,0,312
020132005,294,5,1,300
020132006,399,24,1,424
020132007,348,18,0,366
020132008,354,28,1,383
020132009,239,16,0,255
020132010,264,4,0,268
020132011,220,31,0,251
020132012,259,10,1,270
020132101,227,5,0,232
020132102,141,7,0,148
020132103,221,5,0,226
020132104,309,10,0,319
020132105,279,7,0,286
020132106,288,19,1,308
020132107,411,31,1,443
020132108,334,4,0,338
020132109,338,19,1,358
020132110,316,19,0,335
020132201,231,17,1,249
020132202,212,6,0,218
020132203,210,7,0,217
020132204,297,25,0,322
020132205,386,4,0,390
020132206,383,2,0,385
020132207,448,4,1,453
020132208,325,32,4,361
020132209,192,18,0,210
020132301,487,46,2,535
020132302,232,11,0,243
020132303,479,54,1,534
020132304,253,35,1,289
020132305,201,10,1,212
020132306,311,41,1,353
020132307,245,7,0,252
020132308,437,63,2,502
020132309,326,36,1,363
020132310,205,33,1,239
020132311,373,36,0,409
020132401,193,3,0,196
020132402,223,22,0,245
020132403,246,8,2,256
020132404,321,43,0,364
020132405,269,11,2,282
020132406,239,66,0,305
020132407,326,16,2,344
020132408,313,11,4,328
020132409,285,55,36,376
020132410,234,42,2,278
020132501,234,8,0,242
020132502,250,20,0,270
020132503,320,63,0,383
020132504,217,47,0,264
020132505,174,18,1,193
020132506,229,26,0,255
020132507,424,30,2,456
020132508,336,22,0,358
020132601,243,45,25,313
020132602,275,27,18,320
020132603,237,32,11,280
020132604,309,55,21,385
020132605,268,22,11,301
020132606,224,9,1,234
020132607,177,6,0,183
020132608,160,53,0,213
020132609,179,19,2,200
020132610,368,59,1,428
020132611,255,20,5,280
020132701,164,8,2,174
020132702,390,6,0,396
020132703,417,17,0,434
020132704,350,34,0,384
020132705,288,16,0,304
020132706,480,26,15,521
020132707,448,30,16,494
020132708,331,26,2,359
020132709,392,6,0,398
020132801,205,14,43,262
020132802,194,14,1,209
020132803,260,29,3,292
020132804,176,10,13,199
020132805,203,12,0,215
020132806,326,20,0,346
020132807,283,43,0,326
020132808,417,30,1,448
020132809,344,36,1,381
020132810,246,21,1,268
020132901,213,32,26,271
020132902,257,21,2,280
020132903,221,21,3,245
020132904,352,22,0,374
020132905,220,50,4,274
020132906,305,20,2,327
020132907,322,22,7,351
020132908,351,58,0,409
020132909,203,5,0,208
020132910,239,13,0,252
020132911,235,70,1,306
020140101,202,6,0,208
020140102,220,9,16,245
020140103,359,27,2,388
020140104,328,27,0,355
020140105,508,65,1,574
020140106,406,37,0,443
020140107,279,60,0,339
020140108,278,13,0,291
020140109,375,3,0,378
020140110,430,11,3,444
020140201,443,48,1,492
020140202,235,34,1,270
020140203,330,7,2,339
020140204,299,20,0,319
020140205,300,24,0,324
020140206,252,12,1,265
020140207,299,9,0,308
020140208,378,20,1,399
020140209,352,19,0,371
020140210,460,9,1,470
020140301,671,55,1,727
020140302,213,8,1,222
020140303,195,28,2,225
020140304,282,15,0,297
020140305,367,11,23,401
020140306,158,4,0,162
020140307,287,2,0,289
020140308,381,18,1,400
020140309,412,29,0,441
020140310,297,10,0,307
020140311,313,33,0,346
020140312,274,25,0,299
020140401,389,15,1,405
020140402,218,2,0,220
020140403,182,32,0,214
020140404,269,23,0,292
020140405,357,10,1,368
020140406,432,17,2,451
020140407,409,19,2,430
020140408,434,41,0,475
020140409,375,26,0,401
020140410,608,61,2,671
020140501,285,62,4,351
020140502,342,14,0,356
020140503,360,41,6,407
020140504,253,10,1,264
020140505,452,30,0,482
020140506,254,21,0,275
020140507,198,16,1,215
020140508,147,30,3,180
020140509,478,17,0,495
020140510,491,26,0,517
020140601,440,40,2,482
020140602,297,35,13,345
020140603,305,32,2,339
020140604,325,22,2,349
020140605,327,30,11,368
020140606,397,44,29,470
020140607,292,61,2,355
020140608,213,23,1,237
020140609,350,21,14,385
020140610,198,13,1,212
020140701,267,72,13,352
020140702,309,96,2,407
020140703,255,27,1,283
020140704,354,42,3,399
020140705,219,26,10,255
020140706,275,12,2,289
020140707,201,23,2,226
020140708,200,24,4,228
020140709,224,25,5,254
020140801,234,62,1,297
020140802,225,55,2,282
020140803,158,11,0,169
020140804,223,18,0,241
020140805,437,21,1,459
020140806,404,46,1,451
020140807,252,36,1,289
020140808,262,33,1,296
020140809,417,35,7,459
020140901,461,20,0,481
020140902,265,36,0,301
020140903,437,62,3,502
020140904,474,59,0,533
020140905,162,30,1,193
020140906,264,30,1,295
020140907,240,17,0,257
020140908,330,47,0,377
020140909,349,13,0,362
020140910,382,19,0,401
020140911,379,10,0,389
020140912,314,31,0,345
020140913,280,58,2,340
020141001,5,1,0,6
020141101,272,9,0,281
020141102,447,14,3,464
020141103,181,45,4,230
020141104,246,23,2,271
020141105,368,6,1,375
020141106,336,13,1,350
020141107,234,26,5,265
020141108,482,39,1,522
020141109,374,21,0,395
020141110,176,27,1,204
020141111,250,55,1,306
020141112,330,25,2,357
020141113,375,9,9,393
020141114,206,5,0,211
020141201,198,7,13,218
020141202,304,30,40,374
020141203,287,34,0,321
020141204,281,36,26,343
020141205,329,26,11,366
020141206,214,42,4,260
020141207,116,27,1,144
020141208,150,36,0,186
020141209,276,18,24,318
020141210,325,26,0,351
020141211,254,7,8,269
020141301,188,54,7,249
020141302,234,25,50,309
020141303,332,41,13,386
020141304,195,41,3,239
020141305,256,43,0,299
020141306,245,28,0,273
020141307,128,8,2,138
020141308,215,30,19,264
020141309,248,53,3,304
020141310,222,47,2,271
020141311,183,41,12,236
020141312,220,18,0,238
020141401,395,58,1,454
020141402,277,10,0,287
020141403,348,7,0,355
020141404,164,29,1,194
020141405,149,10,0,159
020141406,197,3,0,200
020141407,144,25,0,169
020141408,427,27,0,454
020141409,452,22,2,476
020141410,328,12,0,340
020141411,362,40,0,402
020141501,264,20,0,284
020141502,326,12,5,343
020141503,329,13,1,343
020141504,347,17,9,373
020141505,420,21,0,441
020141506,330,45,35,410
020141507,330,14,0,344
020141508,748,87,3,838
020141601,561,14,0,575
020141602,317,12,0,329
020141603,461,55,1,517
020141604,333,64,0,397
020141605,339,13,7,359
020141606,116,5,1,122
020141607,256,64,1,321
020141701,324,14,0,338
020141702,344,25,0,369
020141703,322,6,1,329
020141704,191,6,0,197
020141705,307,14,3,324
020141706,251,17,3,271
020141707,298,13,0,311
020141708,596,15,0,611
020141801,348,6,0,354
020141802,282,16,2,300
020141803,417,37,0,454
020141804,341,29,0,370
020141805,438,23,2,463
020141806,328,12,1,341
020141807,257,15,6,278
020141808,425,47,1,473
020141901,221,47,4,272
020141902,496,19,1,516
020141903,477,50,1,528
020141904,533,81,1,615
020141905,596,35,0,631
020142001,517,47,2,566
020142002,612,39,2,653
020142003,430,22,1,453
020142004,332,12,1,345
020142005,335,32,5,372
020142006,258,16,0,274
020142007,151,10,2,163
020142101,354,29,8,391
020142102,212,52,1,265
020142103,126,16,0,142
020142104,228,22,1,251
020142105,119,31,7,157
020142106,217,20,1,238
020142107,281,14,7,302
020142108,298,23,0,321
020142109,244,10,7,261
020142110,161,53,31,245
020142111,230,32,0,262
020142201,328,34,3,365
020142202,341,26,26,393
020142203,218,15,0,233
020142204,222,14,0,236
020142205,291,56,55,402
020142206,317,31,1,349
020142207,276,18,4,298
020142208,294,28,3,325
020142209,446,49,0,495
020142210,248,56,8,312
020142301,235,31,0,266
020142302,205,11,0,216
020142303,204,30,0,234
020142304,309,28,0,337
020142305,439,49,16,504
020142306,167,20,1,188
020142307,261,28,3,292
020142308,384,24,28,436
020142309,389,33,1,423
020142310,320,49,3,372
020142311,429,19,3,451
020142401,221,72,0,293
020142402,200,10,4,214
020142403,224,28,4,256
020142404,194,4,1,199
020142405,385,35,2,422
020142406,304,15,0,319
020142407,307,15,0,322
020142408,244,20,0,264
020142409,310,36,0,346
020142501,368,2,0,370
020142502,211,4,0,215
020142503,295,53,1,349
020142504,263,19,0,282
020142505,229,6,0,235
020142506,255,11,0,266
020142507,348,6,17,371
020142508,340,9,0,349
020142509,355,34,1,390
020142601,472,46,0,518
020142602,325,25,1,351
020142603,166,17,0,183
020142604,708,74,2,784
020142605,405,28,1,434
020142606,364,15,0,379
020142607,491,33,1,525
020142701,524,74,4,602
020142702,499,33,26,558
020142703,266,16,1,283
020142704,362,32,0,394
020142705,375,99,1,475
020142706,207,5,0,212
020142707,213,3,1,217
020142801,252,27,1,280
020142802,257,6,0,263
020142803,277,6,1,284
020142804,292,14,0,306
020142805,221,7,0,228
020142806,386,19,0,405
020142807,354,6,2,362
020142808,270,28,0,298
020142809,246,12,0,258
020142810,359,18,0,377
020142811,349,40,0,389
020142812,197,69,1,267
020142901,249,20,0,269
020142902,257,16,7,280
020142903,233,29,0,262
020142904,302,49,1,352
020142905,248,24,4,276
020142906,409,31,1,441
020142907,288,78,1,367
020142908,242,24,0,266
020142909,283,48,4,335
020142910,342,17,0,359
020142911,241,28,11,280
020143001,298,22,1,321
020143002,372,41,0,413
020143003,374,8,1,383
020143004,281,18,1,300
020143005,337,33,5,375
020143006,222,7,0,229
020143007,186,17,0,203
020143008,636,27,4,667
020143009,537,34,0,571
020143101,192,24,1,217
020143102,264,49,4,317
020143103,273,4,2,279
020143104,234,15,0,249
020143105,217,22,0,239
020143106,361,12,3,376
020143107,289,21,4,314
020143108,245,21,1,267
020143109,216,6,2,224
020143110,162,26,1,189
020143111,203,11,0,214
020143112,226,28,4,258
020150101,353,54,2,409
020150102,321,19,1,341
020150103,254,11,1,266
020150104,213,13,1,227
020150105,240,17,2,259
020150106,232,20,3,255
020150107,281,8,0,289
020150108,243,21,1,265
020150109,298,34,0,332
020150110,276,28,28,332
020150111,193,21,0,214
020150112,237,44,2,283
020150201,251,20,0,271
020150202,273,17,0,290
020150203,256,23,0,279
020150204,189,13,0,202
020150205,196,2,0,198
020150206,247,17,3,267
020150207,235,23,2,260
020150208,206,20,1,227
020150209,180,25,1,206
020150210,199,30,0,229
020150301,243,43,0,286
020150302,356,28,3,387
020150303,345,23,1,369
020150304,228,25,4,257
020150305,198,24,8,230
020150306,239,21,4,264
020150307,239,5,0,244
020150308,293,22,0,315
020150309,312,35,0,347
020150310,316,20,0,336
020150311,306,26,3,335
020150312,305,64,27,396
020150313,215,40,4,259
020150401,289,36,4,329
020150402,202,36,2,240
020150403,348,39,2,389
020150404,177,19,8,204
020150405,185,22,3,210
020150406,221,42,3,266
020150407,261,28,3,292
020150408,238,30,4,272
020150409,213,25,2,240
020150410,176,40,10,226
020150411,247,32,0,279
020150412,242,34,12,288
020150413,211,98,3,312
020150414,211,36,14,261
020150501,283,12,2,297
020150502,293,32,0,325
020150503,252,19,0,271
020150504,172,46,7,225
020150505,276,16,2,294
020150506,238,37,1,276
020150507,211,60,1,272
020150508,278,36,1,315
020150509,212,27,0,239
020150510,178,25,1,204
020150511,206,36,5,247
020150512,202,38,2,242
020150513,258,18,0,276
020150514,223,24,0,247
020150601,281,8,0,289
020150602,254,12,0,266
020150603,248,23,0,271
020150604,234,12,0,246
020150605,152,29,1,182
020150606,157,14,0,171
020150607,226,12,0,238
020150701,246,38,1,285
020150702,181,27,5,213
020150703,186,40,0,226
020150704,160,29,3,192
020150705,238,33,6,277
020150706,115,40,126,281
020150707,291,47,2,340
020150708,203,88,3,294
020150709,235,23,4,262
020150710,261,73,37,371
020150711,292,23,0,315
020150712,269,40,0,309
020150801,225,30,4,259
020150802,157,31,17,205
020150803,309,51,4,364
020150804,271,28,7,306
020150805,232,38,1,271
020150806,207,35,1,243
020150807,328,19,1,348
020150808,285,27,5,317
020150809,364,21,5,390
020150810,364,11,0,375
020150901,209,13,2,224
020150902,196,6,2,204
020150903,202,19,0,221
020150904,152,63,11,226
020150905,183,43,4,230
020150906,154,44,12,210
020150907,178,52,15,245
020150908,229,149,207,585
020151001,255,41,4,300
020151002,290,42,1,333
020151003,347,45,4,396
020151004,283,31,16,330
020151005,241,30,1,272
020151006,191,20,2,213
020151007,349,26,7,382
020151008,238,33,7,278
020151009,227,42,17,286
020151010,167,32,43,242
020151011,222,21,3,246
020151012,266,39,5,310
020151013,309,24,28,361
020151101,237,31,23,291
020151102,257,64,3,324
020151103,269,23,10,302
020151104,232,47,6,285
020151105,171,52,3,226
020151106,182,42,8,232
020151107,196,34,15,245
020151108,234,26,4,264
020151109,298,58,2,358
020151110,236,21,4,261
020151111,453,62,1,516
020151112,350,21,1,372
020151113,287,45,22,354
020151201,152,46,23,221
020151202,222,50,6,278
020151203,231,55,4,290
020151204,262,46,0,308
020151205,276,41,14,331
020151206,253,39,2,294
020151207,184,45,2,231
020151208,319,11,1,331
020151209,214,30,0,244
020151301,240,48,6,294
020151302,208,25,19,252
020151303,272,26,0,298
020151304,218,36,1,255
020151305,192,17,0,209
020151306,206,24,3,233
020151307,250,26,6,282
020151308,179,10,0,189
020151309,355,68,35,458
020151310,285,9,1,295
020151401,273,65,1,339
020151402,357,28,0,385
020151403,255,21,0,276
020151404,255,22,28,305
020151405,384,29,0,413
020151406,250,25,1,276
020151407,370,16,2,388
020151408,218,73,12,303
020151409,276,37,8,321
020151410,221,41,4,266
020151411,288,50,4,342
020151501,234,36,20,290
020151502,206,16,4,226
020151503,379,11,4,394
020151504,238,69,6,313
020151505,250,31,5,286
020151506,260,16,1,277
020151507,237,75,39,351
020151508,229,19,6,254
020151509,354,54,0,408
020151510,346,30,17,393
020151601,302,7,2,311
020151602,238,32,9,279
020151603,316,16,29,361
020151604,258,26,0,284
020151605,224,31,1,256
020151606,280,22,0,302
020151607,245,48,4,297
020151608,319,27,2,348
020151609,284,19,0,303
020151610,299,27,1,327
020151611,275,30,0,305
020151701,267,44,1,312
020151702,214,35,1,250
020151703,336,26,0,362
020151704,321,36,10,367
020151705,310,36,3,349
020151706,234,59,2,295
020151707,270,40,20,330
020151708,197,70,2,269
020151709,227,27,8,262
020151710,296,23,0,319
020151711,315,24,0,339
020151712,266,17,1,284
020151801,246,11,0,257
020151802,196,5,0,201
020151803,238,23,40,301
020151804,183,23,0,206
020151805,175,31,2,208
020151806,182,26,1,209
020151807,265,10,1,276
020151808,213,4,0,217
020151809,222,0,0,222
020151810,207,29,1,237
020151811,260,29,1,290
020151812,217,15,0,232
020151813,241,9,0,250
020151901,210,18,1,229
020151902,302,23,2,327
020151903,271,13,0,284
020151904,326,12,0,338
020151905,357,18,2,377
020151906,317,16,1,334
020151907,360,10,0,370
020151908,277,14,0,291
020151909,261,22,0,283
020151910,345,34,1,380
020151911,360,20,0,380
020152001,309,30,1,340
020152002,338,22,1,361
020152003,315,21,0,336
020152004,232,30,0,262
020152005,249,16,2,267
020152006,252,53,2,307
020152007,247,32,0,279
020152008,227,15,0,242
020152009,163,41,14,218
020152010,256,49,3,308
020152011,207,118,2,327
020152012,281,38,1,320
020152101,278,34,4,316
020152102,335,25,1,361
020152103,225,39,0,264
020152104,289,32,2,323
020152105,166,20,10,196
020152106,377,22,3,402
020152107,147,24,0,171
020152108,217,38,1,256
020152109,302,77,0,379
020152110,238,17,19,274
020152111,310,10,4,324
020152112,185,16,14,215
020152113,332,38,12,382
060280101,129,97,80,306
060280102,76,67,97,240
060280103,127,114,71,312
060280104,186,84,23,293
060280105,170,24,2,196
060280106,156,57,28,241
060280107,127,115,64,306
060280108,133,144,77,354
060280109,269,126,51,446
060280110,139,59,20,218
060280111,278,70,30,378
060280112,156,103,38,297
060280113,131,60,45,236
060280114,138,88,66,292
060280115,239,116,37,392
060280201,122,136,111,369
060280202,124,83,73,280
060280203,154,131,85,370
060280204,116,96,170,382
060280205,58,75,103,236
060280206,69,125,118,312
060280207,124,82,73,279
060280208,73,101,88,262
060280301,236,131,53,420
060280302,132,111,150,393
060280303,105,122,181,408
060280304,30,66,116,212
060280305,27,48,195,270
060280306,31,40,106,177
060280307,44,80,165,289
060280308,231,163,123,517
060280309,113,82,51,246
060280310,167,91,51,309
060280311,126,65,45,236
060280312,93,64,69,226
060280401,81,129,147,357
060280402,39,72,169,280
060280403,64,79,114,257
060280404,46,54,177,277
060280405,39,108,166,313
060280406,59,75,135,269
060280407,76,104,149,329
060280408,80,148,146,374
060280409,59,106,187,352
060280410,146,79,82,307
060280411,116,104,119,339
060280412,198,124,96,418
060280501,7,9,3,19
060280502,10,10,4,24
060280503,3,2,6,11
060280504,101,60,108,269
060280505,9,3,7,19
060280506,69,69,48,186
060280507,26,19,47,92
060280508,13,15,44,72
060280509,20,18,17,55
060280510,21,19,19,59
060280511,99,61,86,246
060280512,7,11,11,29
060280513,96,88,125,309
060280601,223,117,33,373
060280602,326,180,105,611
060280603,165,99,82,346
060280604,452,279,299,1030
060280605,195,119,146,460
060280606,251,127,124,502
060280607,135,95,97,327
060280608,84,69,60,213
060280609,251,70,4,325
060280610,316,230,280,826
060280611,65,55,121,241
060280612,66,79,97,242
060280613,204,35,1,240
060280614,267,178,255,700
060280615,294,251,309,854
060280701,133,134,254,521
060280702,140,112,181,433
060280703,192,141,125,458
060280704,218,81,46,345
060280705,138,88,118,344
060280706,293,66,52,411
060280707,333,152,108,593
060280708,121,79,62,262
060280709,153,108,53,314
060280710,217,78,23,318
060280711,222,102,79,403
060280801,24,25,30,79
060280802,22,20,24,66
060280803,5,5,5,15
060280804,18,10,26,54
060280805,93,69,102,264
060280806,182,59,12,253
060280807,161,60,21,242
060280808,194,79,55,328
060280809,12,12,3,27
060280810,318,107,38,463
060280811,329,80,17,426
060280812,271,69,5,345
060280813,312,42,7,361
060280901,194,89,106,389
060280902,151,99,78,328
060280903,130,73,74,277
060280904,210,134,146,490
060280905,218,64,6,288
060280906,287,68,13,368
060280907,150,69,37,256
060280908,156,109,67,332
060280909,338,110,36,484
060281001,138,58,21,217
060281002,147,55,17,219
060281003,204,95,24,323
060281004,100,68,34,202
060281005,139,62,32,233
060281006,110,62,47,219
060281007,99,105,31,235
060281008,229,137,40,406
060281009,134,83,49,266
060281010,145,71,70,286
060281011,143,72,54,269
060281012,107,81,65,253
060281013,231,129,137,497
060281014,199,88,36,323
060281015,167,69,19,255
060281016,210,79,14,303
060281017,147,70,16,233
060281101,183,69,32,284
060281102,171,70,23,264
060281103,176,35,16,227
060281104,169,46,2,217
060281105,181,27,13,221
060281106,164,30,5,199
060281107,186,15,0,201
060281108,97,7,2,106
060281109,385,52,6,443
060281110,330,101,27,458
060281111,362,87,38,487
060281112,194,32,12,238
060281113,179,30,3,212
060281201,298,36,42,376
060281202,272,48,1,321
060281203,371,35,2,408
060281204,277,36,5,318
060281205,297,12,0,309
060281206,187,2,0,189
060281207,254,16,0,270
060281208,288,22,0,310
060281209,310,20,1,331
060281210,286,80,16,382
060281211,320,35,3,358
060281301,292,74,19,385
060281302,166,51,13,230
060281303,96,78,37,211
060281304,247,116,58,421
060281305,202,67,31,300
060281306,157,102,38,297
060281307,104,82,48,234
060281308,125,117,69,311
060281309,136,136,57,329
060281310,270,78,24,372
060281311,215,85,19,319
060281312,206,54,10,270
060281313,133,49,15,197
060281401,160,85,109,354
060281402,105,69,107,281
060281403,169,122,140,431
060281404,169,112,123,404
060281405,145,124,83,352
060281406,160,142,101,403
060281407,193,111,75,379
060281408,112,72,61,245
060281409,120,69,55,244
060281410,113,69,78,260
060281501,61,73,94,228
060281502,119,50,40,209
060281503,158,76,40,274
060281504,69,75,87,231
060281505,119,82,71,272
060281506,166,58,24,248
060281507,311,80,35,426
060281508,146,46,27,219
060281509,300,103,27,430
060281510,151,86,80,317
060281511,73,53,68,194
060281512,141,67,47,255
060281601,251,20,2,273
060281602,359,0,0,359
060281603,531,7,1,539
060281604,257,33,0,290
060281605,254,28,0,282
060281606,251,117,3,371
060281607,139,78,0,217
060281608,133,141,0,274
060281701,148,94,2,244
060281702,159,128,23,310
060281703,139,22,0,161
060281704,174,67,1,242
060281705,137,113,3,253
060281706,201,225,1,427
060281707,197,99,31,327
060281708,194,79,9,282
060281709,186,96,0,282
060281801,260,115,5,380
060281802,221,47,5,273
060281803,184,98,134,416
060281804,84,66,55,205
060281805,103,76,42,221
060281806,180,119,142,441
060281807,63,73,145,281
060281808,125,107,160,392
060281809,113,68,97,278
060281810,85,81,121,287
060281811,193,38,6,237
060281901,272,53,4,329
060281902,227,101,3,331
060281903,244,119,4,367
060281904,115,160,68,343
060281905,16,36,114,166
060281906,51,1,36,88
060281907,6,3,264,273
060281908,224,39,64,327
060281909,298,85,4,387
060281910,222,23,7,252
060281911,100,94,138,332
060281912,69,95,113,277
060281913,10,22,145,177
060282001,257,75,53,385
060282002,268,25,10,303
060282003,91,41,50,182
060282004,92,118,264,474
060282005,57,64,155,276
060282006,189,79,77,345
060282007,45,50,138,233
060282008,87,79,97,263
060282009,92,69,113,274
060282010,41,86,177,304
060282011,37,51,170,258
060282012,32,43,91,166
060282013,68,93,211,372
060282014,113,75,120,308
060282015,60,95,202,357
060282101,125,38,18,181
060282102,139,60,26,225
060282103,200,87,79,366
060282104,167,46,21,234
060282105,173,54,52,279
060282106,170,28,4,202
060282107,186,82,21,289
060282108,178,74,37,289
060282109,95,72,117,284
060282110,69,63,60,192
060282111,192,61,51,304
060282112,145,64,55,264
060282113,160,63,22,245
060282201,114,23,7,144
060282202,212,50,7,269
060282203,192,89,51,332
060282204,129,84,30,243
060282205,170,127,95,392
060282206,171,115,88,374
060282207,88,54,39,181
060282208,149,59,13,221
060282209,194,99,51,344
060282210,278,124,48,450
060282211,184,67,16,267
060282212,154,66,21,241
060282213,175,45,21,241
060282214,159,51,20,230
060282215,112,72,15,199
060282216,273,121,77,471
060282217,97,54,16,167
060282218,132,43,31,206
060282301,284,91,31,406
060282302,299,73,28,400
060282303,168,51,15,234
060282304,278,65,9,352
060282305,210,18,3,231
060282306,267,28,6,301
060282307,269,45,17,331
060282308,165,26,4,195
060282309,193,57,15,265
060282310,189,57,5,251
060282311,206,34,2,242
060282312,157,40,3,200
060282313,164,33,3,200
060282401,294,64,8,366
060282402,188,82,36,306
060282403,231,40,11,282
060282404,331,52,1,384
060282405,354,46,16,416
060282406,290,28,9,327
060282407,297,43,24,364
060282408,284,22,9,315
060282409,322,13,3,338
060282501,220,10,5,235
060282502,314,10,1,325
060282503,188,0,0,188
060282504,175,3,0,178
060282505,337,14,0,351
060282506,327,22,2,351
060282507,208,4,1,213
060282508,185,11,1,197
060282509,172,19,0,191
060282510,321,35,8,364
060282511,331,41,4,376
060282512,231,32,4,267
060282513,253,40,0,293
060282601,147,9,1,157
060282602,121,4,1,126
060282603,191,27,16,234
060282604,228,12,1,241
060282605,220,4,0,224
060282606,124,34,41,199
060282607,60,26,55,141
060282608,156,13,2,171
060282609,269,11,0,280
060282610,68,25,64,157
060282611,102,23,19,144
060282612,70,25,24,119
060282701,176,27,3,206
060282702,221,45,15,281
060282703,117,69,132,318
060282704,237,50,9,296
060282705,163,62,16,241
060282706,50,68,186,304
060282707,49,31,67,147
060282708,287,84,50,421
060282709,116,17,7,140
060282710,118,24,8,150
060282711,199,29,6,234
060282712,263,33,8,304
060282713,273,43,8,324
060282801,230,72,16,318
060282802,141,58,14,213
060282803,172,124,57,353
060282804,119,89,93,301
060282805,189,134,88,411
060282806,247,121,81,449
060282807,245,88,27,360
060282808,107,66,36,209
060282809,140,100,58,298
060282810,100,78,105,283
060282811,59,10,42,111
060282901,155,72,71,298
060282902,181,23,16,220
060282903,208,50,38,296
060282904,160,64,33,257
060282905,114,57,81,252
060282906,91,48,53,192
060282907,94,95,59,248
060282908,132,55,68,255
060282909,142,88,61,291
060282910,118,51,51,220
060282911,123,78,93,294
060282912,107,70,77,254
060282913,148,63,51,262
060283001,128,73,29,230
060283002,107,69,45,221
060283003,77,64,50,191
060283004,133,96,60,289
060283005,128,72,36,236
060283006,117,100,38,255
060283007,118,83,141,342
060283008,96,126,140,362
060283009,63,65,128,256
060283010,83,113,166,362
060283011,72,96,86,254
060283012,65,52,75,192
060283013,90,86,37,213
060283014,115,72,95,282
060283015,112,78,65,255
060283016,86,69,108,263
060283017,6,0,4,10
060283101,230,36,3,269
060283102,197,30,9,236
060283103,249,31,2,282
060283104,155,27,3,185
060283105,219,29,4,252
060283106,336,47,11,394
060283107,157,87,130,374
060283108,80,54,57,191
060283109,104,53,71,228
060283110,228,93,62,383
060283111,253,70,24,347
060283112,211,57,15,283
060283201,172,43,16,231
060283202,215,9,0,224
060283203,272,27,14,313
060283204,205,68,10,283
060283205,193,24,3,220
060283206,176,51,5,232
060283207,198,60,17,275
060283208,207,105,44,356
060283209,320,80,23,423
060283301,103,42,139,284
060283302,303,82,26,411
060283303,167,19,40,226
060283304,210,34,10,254
060283305,133,5,0,138
060283306,0,0,1,1
060283307,124,77,115,316
060283308,186,86,98,370
060283309,275,41,13,329
060283310,238,46,5,289
060283311,265,58,11,334
060283312,154,102,71,327
060283313,160,85,109,354
060283314,89,86,274,449
060283401,138,83,40,261
060283402,214,104,43,361
060283403,260,89,40,389
060283404,173,93,79,345
060283405,131,80,43,254
060283406,276,59,22,357
060283407,170,39,8,217
060283408,206,117,0,323
060283409,295,62,19,376
060283410,301,38,7,346
060283411,218,45,18,281
060283412,249,65,37,351
060283501,127,102,141,370
060283502,79,99,153,331
060283503,130,83,87,300
060283504,169,77,48,294
060283505,102,94,195,391
060283506,133,96,112,341
060283507,134,86,118,338
060283508,185,74,40,299
060283509,88,103,203,394
060283601,115,40,39,194
060283602,161,19,3,183
060283603,266,12,0,278
060283604,341,63,20,424
060283605,198,86,106,390
060283606,139,102,145,386
060283607,319,79,33,431
060283608,226,46,7,279
060283609,144,48,66,258
060283610,121,106,77,304
060283611,86,81,129,296
060283612,16,38,318,372
060283613,3,1,350,354
060283614,107,86,212,405
060283615,150,116,154,420
060283701,258,58,27,343
060283702,169,58,41,268
060283703,133,54,67,254
060283704,142,91,57,290
060283705,163,91,97,351
060283706,115,92,130,337
060283707,123,62,50,235
060283708,141,59,55,255
060283709,187,49,27,263
060283710,162,93,88,343
060283711,144,115,104,363
060283712,183,83,93,359
060283713,100,69,66,235
060283714,120,69,85,274
060283801,131,123,224,478
060283802,116,82,146,344
060283803,132,85,122,339
060283804,276,78,51,405
060283805,300,56,16,372
060283806,177,60,26,263
060283807,134,50,41,225
060283808,200,97,45,342
060283809,168,55,57,280
060283810,152,71,54,277
060283811,142,62,46,250
060283812,193,55,42,290
060283901,76,67,94,237
060283902,133,98,124,355
060283903,97,71,87,255
060283904,113,91,129,333
060283905,67,81,138,286
060283906,83,37,108,228
060283907,30,45,175,250
060283908,74,70,91,235
060283909,105,134,176,415
060283910,171,147,109,427
060283911,52,71,274,397
060283912,108,128,182,418
060283913,167,156,143,466
060283914,78,66,66,210
060283915,128,62,61,251
060350101,88,137,266,491
060350102,102,61,22,185
060350103,124,73,19,216
060350104,87,28,25,140
060350105,65,50,31,146
060350106,105,72,24,201
060350107,147,51,17,215
060350108,105,24,17,146
060350109,59,23,22,104
060350110,156,64,42,262
060350111,97,42,32,171
060350201,40,57,169,266
060350202,73,92,93,258
060350203,63,96,128,287
060350301,192,68,34,294
060350302,164,83,35,282
060350303,165,64,27,256
060350304,313,41,0,354
060350305,249,1,0,250
060350306,354,0,0,354
060350307,267,46,2,315
060350308,289,0,0,289
060350309,178,0,0,178
060350310,203,18,0,221
060350311,305,22,2,329
060350312,216,13,15,244
060350313,261,47,4,312
060350314,232,36,4,272
060350315,274,35,9,318
060350401,134,101,76,311
060350402,131,73,6,210
060350403,185,71,33,289
060350404,114,95,63,272
060350405,260,75,15,350
060350406,237,60,11,308
060350407,282,54,5,341
060350408,142,59,28,229
060350409,299,90,18,407
060350410,177,43,10,230
060350411,325,78,11,414
060350412,207,33,2,242
060350413,275,39,2,316
060350414,201,55,0,256
060350415,200,24,0,224
060350501,120,48,16,184
060350502,288,79,2,369
060350503,256,35,0,291
060350504,246,92,14,352
060350505,138,240,312,690
060350506,145,145,66,356
060350507,122,106,44,272
060350508,274,38,7,319
060350509,245,45,5,295
060350510,219,43,3,265
060350511,227,34,4,265
060350512,220,40,4,264
060350601,232,67,10,309
060350602,274,93,7,374
060350603,270,48,3,321
060350604,193,48,3,244
060350605,233,60,3,296
060350606,244,55,14,313
060350607,138,63,3,204
060350608,221,76,3,300
060350609,279,24,4,307
060350610,179,73,3,255
060350611,112,63,39,214
060350612,203,55,5,263
060350701,114,44,21,179
060350702,225,66,28,319
060350703,119,110,15,244
060350704,157,57,15,229
060350705,216,45,14,275
060350706,226,85,29,340
060350707,145,43,5,193
060350708,97,14,5,116
060350709,88,18,2,108
060350710,82,35,6,123
060350711,115,35,12,162
060350712,77,15,0,92
060350801,155,98,11,264
060350802,125,46,2,173
060350803,225,95,15,335
060350804,252,60,4,316
060350805,84,22,6,112
060350806,146,43,9,198
060350807,111,41,68,220
060350808,128,40,32,200
060350809,147,44,33,224
060350810,77,48,23,148
060350811,141,54,19,214
060350812,849,170,5,1024
060350813,128,46,110,284
060350814,129,49,22,200
060350815,83,58,30,171
060350901,61,17,62,140
060350902,95,17,67,179
060350903,38,38,43,119
060350904,80,153,179,412
060350905,67,103,53,223
060350906,47,72,60,179
060350907,30,87,163,280
060350908,40,92,175,307
060350909,31,76,75,182
060350910,85,151,132,368
060350911,25,107,174,306
060350912,77,39,19,135
060350913,154,57,38,249
060350914,146,48,18,212
060351001,126,71,52,249
060351002,874,25,0,899
060351003,168,77,40,285
060351004,174,74,57,305
060351005,155,30,7,192
060351006,271,20,15,306
060351007,295,42,1,338
060351008,217,10,0,227
060351009,131,9,0,140
060351010,293,2,0,295
060351011,176,51,16,243
060351012,263,8,1,272
060351101,88,40,26,154
060351102,118,74,37,229
060351103,110,42,2,154
060351104,250,49,7,306
060351105,373,36,9,418
060351106,259,74,8,341
060351107,58,13,30,101
060351108,287,32,35,354
060351109,257,14,2,273
060351110,326,17,1,344
060351201,215,14,0,229
060351202,309,14,3,326
060351203,159,5,0,164
060351204,140,6,0,146
060351205,178,35,16,229
060351206,212,12,0,224
060351207,155,1,2,158
060351208,318,17,1,336
060351209,101,4,1,106
060351210,384,11,1,396
060351211,293,33,2,328
060351212,214,3,0,217
060351301,201,63,18,282
060351302,286,28,19,333
060351303,231,38,2,271
060351304,244,44,7,295
060351305,154,43,15,212
060351306,150,59,5,214
060351307,151,45,3,199
060351308,213,28,1,242
060351309,153,32,0,185
060351310,184,34,2,220
060351401,232,22,1,255
060351402,218,6,0,224
060351403,277,36,5,318
060351404,265,30,2,297
060351405,222,23,0,245
060351406,197,23,1,221
060351407,159,12,0,171
060351408,219,54,14,287
060351409,242,38,1,281
060351410,293,20,3,316
060351411,110,32,4,146
060351412,167,33,4,204
060351413,174,17,3,194
060351501,163,25,6,194
060351502,283,20,2,305
060351503,299,37,1,337
060351504,161,36,5,202
060351505,200,28,14,242
060351506,323,74,22,419
060351507,225,50,4,279
060351508,249,56,7,312
060351509,185,51,5,241
060351510,210,27,2,239
060351511,216,41,4,261
060351512,193,25,11,229
060351601,171,10,4,185
060351602,271,51,4,326
060351603,233,45,1,279
060351604,107,24,3,134
060351605,212,37,2,251
060351606,195,61,3,259
060351607,166,34,1,201
060351608,257,59,4,320
060351609,273,38,7,318
060351610,252,57,13,322
060351611,157,61,6,224
060351701,228,46,8,282
060351702,191,31,4,226
060351703,255,29,6,290
060351704,242,58,7,307
060351705,275,55,3,333
060351706,193,47,4,244
060351707,228,53,6,287
060351708,221,50,2,273
060351709,211,53,6,270
060351710,258,74,10,342
060351711,167,40,4,211
060351801,229,44,5,278
060351802,231,57,8,296
060351803,206,33,5,244
060351804,199,42,5,246
060351805,182,80,3,265
060351806,215,77,7,299
060351807,219,22,1,242
060351808,208,15,0,223
060351809,261,37,4,302
060351810,217,32,3,252
060351811,243,45,16,304
060351901,226,55,5,286
060351902,235,72,9,316
060351903,266,51,6,323
060351904,234,29,3,266
060351905,265,43,6,314
060351906,219,41,8,268
060351907,147,35,6,188
060351908,201,55,13,269
060351909,202,57,7,266
060351910,264,94,25,383
060351911,216,93,23,332
060352001,258,72,5,335
060352002,347,40,0,387
060352003,395,33,3,431
060352004,176,29,30,235
060352005,208,43,10,261
060352006,208,52,15,275
060352007,203,95,9,307
060352008,256,60,4,320
060352009,192,84,4,280
060352010,194,74,9,277
060352011,196,47,10,253
060352101,339,56,1,396
060352102,356,23,2,381
060352103,177,23,4,204
060352104,181,19,1,201
060352105,91,3,0,94
060352106,164,6,3,173
060352107,177,30,2,209
060352108,222,12,0,234
060352109,208,26,2,236
060352110,260,19,3,282
060352201,107,104,146,357
060352202,227,25,4,256
060352203,188,9,1,198
060352204,132,37,20,189
060352205,192,9,0,201
060352206,252,17,0,269
060352207,236,37,0,273
060352208,192,23,0,215
060352209,197,26,0,223
060352210,213,22,1,236
060352211,172,11,1,184
060352212,41,5,1,47
060352301,121,20,1,142
060352302,149,18,4,171
060352303,220,24,2,246
060352304,112,15,1,128
060352305,319,49,7,375
060352306,230,74,42,346
060352307,114,127,42,283
060352308,128,56,7,191
060352309,204,56,3,263
060352310,244,65,5,314
060352311,216,76,11,303
060352312,92,148,55,295
060352401,194,102,0,296
060352402,202,56,19,277
060352403,243,97,11,351
060352404,205,99,21,325
060352405,217,30,1,248
060352406,221,64,15,300
060352407,212,51,7,270
060352408,226,105,12,343
060352409,200,97,21,318
060352410,257,59,4,320
060352411,149,84,37,270
060352501,105,49,17,171
060352502,159,26,78,263
060352503,210,146,41,397
060352504,167,77,26,270
060352505,208,78,12,298
060352506,235,84,10,329
060352507,198,67,12,277
060352508,197,73,10,280
060352509,219,60,16,295
060352510,325,150,39,514
060352511,349,15,3,367
060352601,245,62,67,374
060352602,224,77,78,379
060352603,127,70,3,200
060352604,80,1,2,83
060352605,501,70,7,578
060352606,161,42,14,217
060352607,243,26,4,273
060352608,80,54,68,202
060352609,56,79,133,268
060352610,145,143,139,427
060352611,173,101,92,366
060352612,141,42,20,203
060352613,76,43,61,180
060352614,89,61,90,240
060352615,151,101,53,305
060352701,7,22,37,66
060352702,168,49,28,245
060352703,147,57,60,264
060352704,152,205,169,526
060352705,107,51,33,191
060352706,200,95,59,354
060352707,70,90,104,264
060352708,70,32,4,106
060352709,180,68,23,271
060352710,178,67,26,271
060352711,57,159,196,412
060352712,157,87,47,291
060352713,132,48,14,194
060352714,19,185,64,268
060352801,225,100,12,337
060352802,195,90,26,311
060352803,202,67,11,280
060352804,231,25,3,259
060352805,201,67,4,272
060352806,210,83,9,302
060352807,184,58,5,247
060352808,251,61,8,320
060352901,149,60,2,211
060352902,209,69,9,287
060352903,241,45,14,300
060352904,145,57,3,205
060352905,190,39,11,240
060352906,208,48,37,293
060352907,190,65,4,259
060352908,195,40,6,241
060352909,140,54,5,199
060353001,225,88,25,338
060353002,167,113,18,298
060353003,187,82,8,277
060353004,256,60,15,331
060353005,210,49,2,261
060353006,217,95,7,319
060353007,242,54,9,305
060353008,251,64,7,322
060353009,225,37,13,275
060353010,204,75,16,295
060353101,126,22,3,151
060353102,125,31,0,156
060353103,210,38,1,249
060353104,333,57,2,392
060353105,224,90,17,331
060353106,140,27,9,176
060353107,119,25,5,149
060353108,195,37,9,241
060353109,127,39,3,169
060353201,254,50,4,308
060353202,203,33,2,238
060353203,217,73,6,296
060353204,227,60,4,291
060353205,211,25,1,237
060353206,238,55,6,299
060353207,283,46,4,333
060353208,233,48,2,283
060353301,186,70,13,269
060353302,253,35,4,292
060353303,295,82,9,386
060353304,231,52,1,284
060353305,158,21,3,182
060353306,221,50,8,279
060353307,270,17,3,290
060353308,183,50,5,238
060353401,175,36,10,221
060353402,161,46,6,213
060353403,164,29,8,201
060353404,168,31,7,206
060353405,201,38,3,242
060353406,279,35,8,322
060353407,185,43,10,238
060353408,190,39,6,235
060353409,166,38,5,209
060353501,228,67,11,306
060353502,221,34,18,273
060353503,230,22,6,258
060353504,160,65,1,226
060353505,250,135,35,420
060353506,162,48,12,222
060353507,178,36,4,218
060353508,197,39,6,242
060910101,75,150,152,377
060910102,96,120,177,393
060910103,169,44,2,215
060910104,182,66,6,254
060910105,169,53,6,228
060910106,151,56,7,214
060910107,269,81,24,374
060910108,271,37,4,312
060910109,289,109,21,419
060910110,92,48,30,170
060910201,236,93,32,361
060910202,179,58,31,268
060910203,188,21,3,212
060910204,298,19,1,318
060910205,227,39,0,266
060910206,172,22,5,199
060910207,187,31,1,219
060910208,281,62,9,352
060910209,261,95,34,390
060910301,346,31,2,379
060910302,267,126,14,407
060910303,183,30,2,215
060910304,170,77,19,266
060910305,161,59,2,222
060910306,257,118,29,404
060910307,250,107,27,384
060910308,175,46,12,233
060910309,313,55,8,376
060910310,300,62,5,367
060910311,258,28,9,295
060910312,144,5,3,152
060910313,199,17,2,218
060910401,79,107,203,389
060910402,105,127,78,310
060910403,169,136,119,424
060910404,150,141,139,430
060910405,266,136,57,459
060910406,117,124,119,360
060910407,103,125,109,337
060910408,146,56,17,219
060910409,190,151,122,463
060910410,196,170,120,486
060910411,139,127,107,373
060910412,189,126,46,361
060910501,129,156,132,417
060910502,276,57,28,361
060910503,186,130,105,421
060910504,216,20,3,239
060910505,309,75,10,394
060910506,219,14,10,243
060910507,167,89,42,298
060910508,99,56,41,196
060910509,66,35,32,133
060910510,4,4,11,19
060910601,173,87,25,285
060910602,224,58,12,294
060910603,199,44,12,255
060910604,176,58,29,263
060910605,187,34,2,223
060910606,166,90,31,287
060910607,209,109,64,382
060910608,137,167,146,450
060910609,93,126,150,369
060910610,103,105,132,340
060910611,114,110,67,291
060910701,236,87,18,341
060910702,199,85,20,304
060910703,136,85,9,230
060910704,151,98,43,292
060910705,140,88,17,245
060910706,153,92,29,274
060910707,229,103,60,392
060910708,91,128,103,322
060910709,109,119,69,297
060910710,172,116,80,368
060910801,215,46,4,265
060910802,151,39,4,194
060910803,130,70,23,223
060910804,151,69,38,258
060910805,131,82,19,232
060910806,163,84,35,282
060910807,217,125,32,374
060910808,236,130,52,418
060910809,220,119,41,380
060910810,237,95,19,351
060910901,196,21,0,217
060910902,343,37,4,384
060910903,281,99,22,402
060910904,304,72,15,391
060910905,154,44,1,199
060910906,247,68,10,325
060910907,334,70,16,420
060910908,152,60,7,219
060911001,277,57,3,337
060911002,164,30,6,200
060911003,278,112,28,418
060911004,182,41,6,229
060911005,343,89,13,445
060911006,252,102,64,418
060911007,135,124,38,297
060911008,162,82,13,257
060911009,256,18,5,279
060911010,276,167,49,492
060911011,210,153,48,411
060911101,296,107,18,421
060911102,308,108,6,422
060911103,166,33,1,200
060911104,192,28,0,220
060911105,244,57,3,304
060911106,272,43,6,321
060911107,285,87,20,392
060911108,275,123,15,413
060911109,296,92,12,400
060911201,190,85,34,309
060911202,237,131,31,399
060911203,184,83,51,318
060911204,230,100,30,360
060911205,218,88,18,324
060911206,163,156,61,380
060911207,117,97,60,274
060911208,248,142,57,447
060911301,103,134,78,315
060911302,155,76,22,253
060911303,136,89,46,271
060911304,101,129,62,292
060911305,153,165,94,412
060911306,142,114,33,289
060911307,155,104,24,283
060911308,149,83,35,267
060911309,282,110,35,427
060911310,234,105,25,364
060911311,125,86,38,249
060911312,110,89,57,256
060911401,74,182,107,363
060911402,157,125,97,379
060911403,133,99,27,259
060911404,148,115,56,319
060911405,79,116,131,326
060911406,86,132,105,323
060911407,167,144,61,372
060911408,160,139,47,346
060911409,137,81,30,248
060911410,201,130,80,411
060911411,215,124,35,374
060911412,182,80,28,290
060911413,108,101,67,276
060911501,124,86,27,237
060911502,116,81,16,213
060911503,207,65,10,282
060911504,341,81,7,429
060911505,165,87,23,275
060911506,134,94,31,259
060911507,113,93,18,224
060911508,120,89,49,258
060911509,181,44,8,233
060911510,142,102,37,281
060911511,168,135,84,387
060911512,156,67,20,243
060911513,172,51,13,236
060911601,195,120,30,345
060911602,324,66,0,390
060911603,106,76,35,217
060911604,210,124,30,364
060911605,229,123,32,384
060911606,105,95,41,241
060911607,150,23,0,173
060911608,174,72,11,257
060911609,134,78,27,239
060911610,146,85,35,266
060911611,221,179,62,462
060911612,117,66,18,201
060911613,255,113,42,410
060911614,193,123,22,338
060911701,164,77,24,265
060911702,192,134,61,387
060911703,241,151,40,432
060911704,125,89,24,238
060911705,88,141,99,328
060911706,154,117,46,317
060911707,103,124,96,323
060911708,57,76,90,223
060911709,160,125,69,354
060911710,180,116,55,351
060911711,155,117,39,311
060911712,257,62,10,329
060911713,67,78,89,234
060911714,115,136,170,421
060911801,95,94,31,220
060911802,130,73,36,239
060911803,278,164,85,527
060911804,244,117,35,396
060911805,170,129,54,353
060911806,148,147,66,361
060911807,225,98,78,401
060911808,202,100,26,328
060911809,195,48,8,251
060911810,114,68,28,210
060911811,203,169,82,454
060911812,238,110,51,399
060911901,147,64,4,215
060911902,224,153,21,398
060911903,191,68,59,318
060911904,179,102,56,337
060911905,151,47,4,202
060911906,161,24,4,189
060911907,182,37,2,221
060911908,219,110,17,346
060911909,205,18,1,224
060911910,171,92,19,282
060911911,145,78,18,241
060911912,232,100,42,374
060912001,202,96,39,337
060912002,182,106,27,315
060912003,89,47,9,145
060912004,153,56,0,209
060912005,97,163,130,390
060912006,163,50,1,214
060912007,279,67,8,354
060912008,179,26,0,205
060912009,161,50,11,222
060912010,148,74,33,255
060912011,310,41,11,362
060912012,112,64,44,220
060912013,88,68,62,218
060912101,99,90,61,250
060912102,280,26,1,307
060912103,127,92,47,266
060912104,202,55,0,257
060912105,220,25,0,245
060912106,74,82,63,219
060912107,105,118,81,304
060912108,104,85,36,225
060912109,238,51,1,290
060912110,263,45,3,311
060912111,125,128,88,341
060912112,172,142,59,373
060912113,115,107,61,283
060912114,169,101,65,335
060912115,140,76,47,263
060912116,81,117,100,298
060912117,172,129,84,385
060912201,168,108,30,306
060912202,213,64,16,293
060912203,281,80,5,366
060912204,268,57,4,329
060912205,245,17,3,265
060912206,184,105,113,402
060912207,152,68,49,269
060912208,146,76,37,259
060912209,104,79,34,217
060912210,128,152,126,406
060912211,108,27,4,139
060912212,106,18,0,124
060912213,243,10,1,254
060912214,156,18,0,174
060912215,175,142,74,391
060912216,202,129,63,394
060912217,186,19,4,209
060912301,120,99,37,256
060912302,138,105,43,286
060912303,143,56,43,242
060912304,222,109,59,390
060912305,138,56,14,208
060912306,198,121,53,372
060912307,144,54,19,217
060912308,121,71,24,216
060912309,81,38,43,162
060912310,232,131,52,415
060912311,112,111,82,305
060912312,71,72,31,174
060912313,76,56,28,160
060912314,57,13,2,72
060912315,22,10,33,65
060912316,57,19,35,111
060912317,76,26,36,138
060912318,33,11,11,55
060912319,41,28,14,83
060912401,62,49,76,187
060912402,106,47,67,220
060912403,66,50,146,262
060912404,69,49,260,378
060912405,16,38,210,264
060912406,182,50,45,277
060912407,102,32,19,153
060912408,72,33,24,129
060912409,77,18,6,101
060912410,233,3,1,237
060912411,209,22,12,243
060912412,53,54,70,177
060912413,31,37,107,175
062600101,99,127,164,390
062600102,117,132,81,330
062600103,41,79,85,205
062600104,32,65,101,198
062600105,2,14,136,152
062600106,143,178,165,486
062600107,108,68,83,259
062600108,185,144,94,423
062600109,103,95,144,342
062600110,131,132,112,375
062600111,10,84,192,286
062600112,68,143,150,361
062600113,33,66,114,213
062600114,100,111,72,283
062600115,73,74,102,249
062600116,42,97,98,237
062600117,141,144,80,365
062600118,71,55,33,159
062600119,164,131,93,388
062600201,133,161,231,525
062600202,210,154,72,436
062600203,117,140,178,435
062600204,93,124,137,354
062600205,106,132,177,415
062600206,34,107,118,259
062600207,67,151,164,382
062600208,42,28,9,79
062600209,172,151,77,400
062600210,135,193,42,370
062600211,145,138,83,366
062600212,68,112,107,287
062600213,80,148,97,325
062600214,149,114,56,319
062600215,187,136,75,398
062600216,134,139,70,343
062600301,188,142,349,679
062600302,58,96,79,233
062600303,57,97,114,268
062600304,48,175,264,487
062600305,83,151,149,383
062600306,64,96,67,227
062600307,92,149,63,304
062600308,95,126,82,303
062600309,41,81,76,198
062600310,254,197,15,466
062600311,173,240,2,415
062600312,265,246,2,513
062600313,256,202,0,458
062600314,87,78,84,249
062600315,150,79,47,276
062600316,161,121,87,369
062600317,97,100,102,299
062600318,129,106,92,327
062600319,137,80,60,277
062600401,98,82,47,227
062600402,122,108,80,310
062600403,145,101,76,322
062600404,142,88,68,298
062600405,165,98,41,304
062600406,162,100,49,311
062600407,130,76,51,257
062600408,196,117,33,346
062600409,160,89,44,293
062600410,145,32,50,227
062600411,173,38,15,226
062600412,170,80,51,301
062600501,103,68,152,323
062600502,141,88,91,320
062600503,87,57,76,220
062600504,111,101,106,318
062600505,102,107,143,352
062600506,78,97,174,349
062600507,70,90,154,314
062600508,100,45,35,180
062600509,170,86,98,354
062600510,136,68,83,287
062600511,98,92,160,350
062600512,87,70,93,250
062600513,127,68,183,378
062600514,114,65,198,377
062600515,138,81,84,303
062600516,134,56,38,228
062600517,182,57,23,262
062600601,248,104,20,372
062600602,180,50,11,241
062600603,219,78,17,314
062600604,299,82,19,400
062600605,289,78,10,377
062600606,155,37,17,209
062600607,132,65,34,231
062600608,170,38,26,234
062600609,189,38,9,236
062600610,137,30,12,179
062600611,176,41,11,228
062600612,292,40,12,344
062600613,249,45,6,300
062600614,276,55,10,341
062600615,241,47,6,294
062600616,303,64,10,377
062600701,318,55,16,389
062600702,302,27,16,345
062600703,367,41,4,412
062600704,259,26,13,298
062600705,180,48,20,248
062600706,181,88,60,329
062600707,208,78,46,332
062600708,161,58,22,241
062600709,203,73,13,289
062600710,345,56,17,418
062600711,265,32,6,303
062600712,287,15,1,303
062600713,224,13,2,239
062600801,94,73,137,304
062600802,176,118,118,412
062600803,69,79,159,307
062600804,93,131,174,398
062600805,39,76,166,281
062600806,88,75,124,287
062600807,79,72,92,243
062600808,179,76,65,320
062600809,185,83,57,325
062600810,120,54,61,235
062600811,126,116,134,376
062600812,146,142,72,360
062600813,160,143,102,405
062600814,145,73,70,288
062600901,119,121,86,326
062600902,144,91,61,296
062600903,191,158,104,453
062600904,115,133,167,415
062600905,91,83,109,283
062600906,42,28,17,87
062600907,198,94,63,355
062600908,209,113,78,400
062600909,140,70,29,239
062600910,134,114,109,357
062600911,153,119,105,377
062600912,91,74,109,274
062600913,117,93,142,352
062600914,175,75,50,300
062601001,138,90,101,329
062601002,140,60,54,254
062601003,233,77,34,344
062601004,212,47,26,285
062601005,40,0,1,41
062601006,794,73,53,920
062601007,148,82,79,309
062601008,155,105,62,322
062601009,123,46,40,209
062601010,127,63,53,243
062601011,112,76,115,303
062601012,103,83,72,258
062601013,119,99,152,370
062601014,71,54,120,245
062601015,75,24,36,135
062601101,120,9,1,130
062601102,179,8,3,190
062601103,332,29,1,362
062601104,308,15,2,325
062601105,255,20,5,280
062601106,159,25,5,189
062601107,322,43,8,373
062601108,262,44,42,348
062601109,280,58,2,340
062601110,267,77,27,371
062601201,292,12,1,305
062601202,171,9,0,180
062601203,161,4,1,166
062601204,268,24,3,295
062601205,318,73,5,396
062601206,302,34,7,343
062601207,126,38,10,174
062601208,264,33,3,300
062601209,217,35,11,263
062601210,141,38,20,199
062601211,157,46,35,238
062601212,159,88,85,332
062601301,215,24,7,246
062601302,341,80,11,432
062601303,296,55,2,353
062601304,269,64,5,338
062601305,336,64,8,408
062601306,280,48,1,329
062601307,300,55,6,361
062601308,264,56,6,326
062601309,212,80,32,324
062601310,195,6,2,203
062601311,240,19,2,261
062601312,156,11,3,170
062601313,212,7,0,219
062601314,211,5,1,217
062601401,291,72,6,369
062601402,225,54,5,284
062601403,211,51,6,268
062601404,175,30,5,210
062601405,287,53,19,359
062601406,365,58,5,428
062601407,166,64,39,269
062601408,226,93,59,378
062601409,216,109,37,362
062601410,238,77,45,360
062601411,182,67,26,275
062601412,186,30,7,223
062601413,161,83,21,265
062601501,136,141,141,418
062601502,179,78,44,301
062601503,67,78,47,192
062601504,115,73,41,229
062601505,117,99,76,292
062601506,101,90,115,306
062601507,75,101,88,264
062601508,64,76,110,250
062601509,78,120,158,356
062601510,100,150,173,423
062601511,128,147,148,423
062601512,148,84,45,277
062601513,115,108,57,280
062601514,67,83,70,220
062601515,81,104,96,281
062601516,195,53,50,298
062601517,182,150,117,449
062601518,136,144,132,412
062601519,136,94,60,290
062601601,282,78,36,396
062601602,154,70,74,298
062601603,106,108,165,379
062601604,84,74,80,238
062601605,134,125,75,334
062601606,134,124,118,376
062601607,72,89,209,370
062601608,15,18,89,122
062601609,39,73,207,319
062601610,105,57,116,278
062601611,39,51,199,289
062601612,81,78,169,328
062601613,121,73,115,309
062601614,121,107,186,414
062601615,120,106,176,402
062601616,157,104,73,334
062601617,185,104,96,385
062601701,23,111,323,457
062601702,5,4,11,20
062601703,16,101,294,411
062601704,71,70,94,235
062601705,31,7,24,62
062601706,260,74,98,432
062601707,48,7,3,58
062601708,155,48,0,203
062601709,65,9,1,75
062601710,95,8,2,105
062601711,68,16,1,85
062601712,91,13,2,106
062601713,552,71,7,630
062601714,34,12,5,51
062700101,152,24,5,181
062700102,154,24,2,180
062700103,129,7,4,140
062700104,33,47,240,320
062700105,126,33,0,159
062700106,119,34,12,165
062700201,144,110,200,454
062700202,73,68,87,228
062700203,118,61,94,273
062700204,166,62,37,265
062700205,186,85,17,288
062700206,286,98,67,451
062700207,216,106,59,381
062700208,116,113,214,443
062700209,103,121,195,419
062700210,137,94,131,362
062700211,122,109,192,423
062700212,117,105,197,419
062700213,32,61,161,254
062700214,65,75,106,246
062700215,31,52,182,265
062700216,116,75,138,329
062700217,137,105,129,371
062700301,114,62,53,229
062700302,126,71,53,250
062700303,164,101,148,413
062700304,169,157,160,486
062700305,189,115,116,420
062700306,171,91,75,337
062700307,154,71,41,266
062700308,213,85,52,350
062700309,186,98,113,397
062700310,152,106,108,366
062700311,226,76,41,343
062700312,349,59,31,439
062700313,169,50,20,239
062700314,189,75,22,286
062700315,189,38,14,241
062700316,202,44,2,248
062700401,97,34,34,165
062700402,165,71,32,268
062700403,336,26,3,365
062700404,203,101,67,371
062700405,158,102,131,391
062700406,235,133,89,457
062700407,266,49,15,330
062700408,137,34,5,176
062700409,349,32,44,425
062700410,216,78,55,349
062700411,186,98,155,439
062700412,220,103,29,352
062700413,190,62,87,339
062700414,121,81,106,308
062700501,226,46,20,292
062700502,170,32,22,224
062700503,89,52,93,234
062700504,96,122,198,416
062700505,102,105,151,358
062700506,80,108,166,354
062700507,238,83,54,375
062700508,141,101,165,407
062700509,4,3,4,11
062700510,116,106,158,380
062700511,95,36,60,191
062700512,142,53,40,235
062700601,105,72,94,271
062700602,152,24,5,181
062700603,99,12,0,111
062700604,106,26,6,138
062700605,134,101,121,356
062700606,78,106,227,411
062700607,107,99,193,399
062700608,109,127,175,411
062700609,135,57,163,355
062700610,162,78,294,534
062700611,76,96,231,403
062700612,72,25,17,114
062700613,81,17,6,104
062700614,97,56,77,230
062700615,68,28,98,194
062700616,44,57,232,333
062700617,38,79,348,465
062700701,50,58,140,248
062700702,50,50,98,198
062700703,77,113,118,308
062700704,108,54,27,189
062700705,114,100,95,309
062700706,44,53,132,229
062700707,230,115,73,418
062700708,218,19,2,239
062700709,139,45,19,203
062700710,130,39,16,185
062700711,113,111,128,352
062700712,76,122,215,413
062700713,55,59,151,265
062700714,121,101,97,319
062700715,82,93,93,268
062700716,58,76,217,351
062700717,89,71,208,368
062700718,97,132,258,487
062700719,34,78,301,413
062700801,41,20,13,74
062700802,38,3,1,42
062700803,63,3,3,69
062700804,11,5,2,18
062700805,31,9,5,45
062700806,19,5,4,28
062700807,37,19,15,71
062700808,139,114,122,375
062700809,57,72,121,250
062700810,47,72,100,219
062700811,249,58,15,322
062700812,15,8,5,28
062700813,48,9,0,57
062700814,48,30,21,99
062700815,38,33,94,165
062700816,38,41,98,177
062700817,13,11,11,35
062700901,114,126,359,599
062700902,62,79,226,367
062700903,60,80,150,290
062700904,183,75,34,292
062700905,98,72,122,292
062700906,102,65,98,265
062700907,157,63,21,241
062700908,99,64,32,195
062700909,69,70,102,241
062700910,131,89,137,357
062700911,133,73,36,242
062700912,113,95,63,271
062700913,102,73,108,283
062701001,272,59,28,359
062701002,86,112,313,511
062701003,115,168,306,589
062701004,202,124,85,411
062701005,134,113,103,350
062701006,76,63,139,278
062701007,119,110,136,365
062701008,75,75,178,328
062701009,67,72,157,296
062701010,57,75,202,334
062701101,242,111,18,371
062701102,3,5,1,9
062701103,8,3,10,21
062701104,67,26,14,107
062701105,8,4,1,13
062740101,227,90,19,336
062740102,295,68,13,376
062740103,153,54,7,214
062740104,135,48,4,187
062740105,275,136,43,454
062740106,153,71,22,246
062740107,177,58,8,243
062740108,130,31,10,171
062740109,142,70,16,228
062740110,180,73,6,259
062740111,148,86,22,256
062740112,111,83,32,226
062740113,198,142,71,411
062740114,117,54,43,214
062740115,224,187,43,454
062740201,212,132,19,363
062740202,212,101,36,349
062740203,200,139,61,400
062740204,209,48,20,277
062740205,158,121,25,304
062740206,233,161,46,440
062740207,133,121,46,300
062740208,103,96,60,259
062740209,136,76,49,261
062740210,95,116,79,290
062740211,166,170,56,392
062740212,162,106,39,307
062740213,181,89,35,305
062740214,251,98,28,377
062740215,249,100,26,375
062740301,153,140,64,357
062740302,108,88,46,242
062740303,100,73,40,213
062740304,161,129,126,416
062740305,137,123,94,354
062740306,114,47,34,195
062740307,159,132,65,356
062740308,116,77,94,287
062740309,91,69,72,232
062740310,159,96,111,366
062740311,153,116,74,343
062740312,97,146,123,366
062740313,145,100,123,368
062740314,100,88,106,294
062740315,84,92,62,238
062740316,120,96,69,285
062740401,141,93,93,327
062740402,157,103,121,381
062740403,111,111,111,333
062740404,72,89,169,330
062740405,103,72,118,293
062740406,107,82,100,289
062740407,122,69,50,241
062740408,132,45,58,235
062740409,108,92,151,351
062740410,125,91,102,318
062740411,86,87,89,262
062740412,69,121,274,464
062740413,95,83,112,290
062740414,31,78,184,293
062740415,85,111,137,333
062740416,69,76,112,257
062740417,78,92,117,287
062740501,135,74,59,268
062740502,119,60,50,229
062740503,92,103,52,247
062740504,113,108,103,324
062740505,55,104,58,217
062740506,67,70,74,211
062740507,68,98,145,311
062740508,223,95,52,370
062740509,118,68,69,255
062740510,108,105,80,293
062740511,147,128,68,343
062740512,147,95,73,315
062740513,118,72,68,258
062740514,93,130,146,369
062740515,95,99,133,327
062740516,64,82,127,273
062740601,153,127,99,379
062740602,151,101,44,296
062740603,122,84,84,290
062740604,220,43,19,282
062740605,192,122,74,388
062740606,132,149,86,367
062740607,60,98,63,221
062740608,98,102,36,236
062740609,106,87,45,238
062740610,199,42,25,266
062740611,84,88,73,245
062740612,96,106,46,248
062740613,58,66,93,217
062740614,73,70,104,247
062740615,82,103,145,330
062740616,19,37,123,179
062740617,144,40,75,259
062740618,50,53,90,193
062740619,41,48,98,187
062740620,62,79,201,342
062740701,102,50,33,185
062740702,113,67,60,240
062740703,126,67,89,282
062740704,34,65,179,278
062740705,60,109,120,289
062740706,79,127,154,360
062740707,61,112,161,334
062740708,90,132,173,395
062740709,106,102,94,302
062740710,79,78,112,269
062740711,58,89,70,217
062740712,80,73,110,263
062740713,38,83,203,324
062740801,73,49,52,174
062740802,118,60,25,203
062740803,244,10,8,262
062740804,203,39,8,250
062740805,133,106,1,240
062740806,149,33,1,183
062740807,183,155,9,347
062740808,147,38,73,258
062740809,22,63,155,240
062740810,16,51,218,285
062740811,32,52,148,232
062740812,28,49,173,250
062740813,27,94,272,393
062740814,102,127,71,300
062740815,118,77,108,303
062740816,96,83,89,268
062740817,52,56,120,228
062740818,57,111,118,286
062740819,65,85,151,301
062740820,51,71,194,316
062740901,17,41,268,326
062740902,27,68,209,304
062740903,25,52,240,317
062740904,51,84,151,286
062740905,28,53,164,245
062740906,51,76,246,373
062740907,49,55,124,228
062740908,54,62,83,199
062740909,142,41,17,200
062740910,194,104,32,330
062740911,51,43,110,204
062740912,34,39,166,239
062740913,49,39,160,248
062740914,20,30,185,235
062740915,83,95,202,380
062740916,65,62,106,233
062740917,85,91,105,281
062740918,75,76,130,281
062740919,37,60,240,337
062740920,80,59,215,354
062740921,85,67,137,289
062740922,79,77,118,274
062741001,73,65,161,299
062741002,44,94,141,279
062741003,102,93,110,305
062741004,62,90,110,262
062741005,91,72,66,229
062741006,56,67,94,217
062741007,57,82,189,328
062741008,70,83,188,341
062741009,68,67,58,193
062741010,62,49,148,259
062741011,58,44,92,194
062741012,73,65,159,297
062741013,21,18,42,81
062741014,18,40,175,233
062741015,82,48,143,273
062741101,129,102,42,273
062741102,181,88,38,307
062741103,142,84,32,258
062741104,133,113,49,295
062741105,165,144,65,374
062741106,197,174,81,452
062741107,85,112,75,272
062741108,120,112,54,286
062741109,184,167,132,483
062741110,178,211,109,498
062741111,78,94,88,260
062741112,56,65,163,284
062741113,58,72,135,265
062741114,57,117,107,281
062741115,83,85,127,295
062741116,67,83,105,255
062741117,64,107,188,359
062741118,96,73,93,262
062741201,266,98,46,410
062741202,137,73,30,240
062741203,200,75,25,300
062741204,133,31,5,169
062741205,179,21,4,204
062741206,129,50,10,189
062741207,134,68,6,208
062741208,232,113,53,398
062741209,157,122,111,390
062741210,205,61,49,315
062741211,159,87,96,342
062741212,107,125,147,379
062741213,68,59,76,203
062741214,66,50,101,217
062741215,99,105,95,299
062741216,112,147,65,324
062741217,177,105,39,321
062741301,201,132,46,379
062741302,128,48,13,189
062741303,135,64,26,225
062741304,127,76,32,235
062741305,88,89,48,225
062741306,180,73,44,297
062741307,121,90,45,256
062741308,120,65,46,231
062741309,86,90,89,265
062741310,136,55,31,222
062741311,167,56,40,263
062741312,253,85,21,359
062741313,132,26,8,166
062741314,173,12,0,185
062741315,197,20,10,227
062741316,211,41,6,258
062741317,289,102,26,417
062741401,235,122,34,391
062741402,281,61,3,345
062741403,175,29,0,204
062741404,236,51,6,293
062741405,322,44,2,368
062741406,174,26,2,202
062741407,227,10,2,239
062741408,265,31,2,298
062741409,292,55,5,352
062741410,259,24,6,289
062741411,307,39,1,347
062741501,61,115,147,323
062741502,95,97,111,303
062741503,108,99,53,260
062741504,193,123,45,361
062741505,97,60,22,179
062741506,120,66,22,208
062741507,105,122,60,287
062741508,94,82,50,226
062741509,114,60,40,214
062741510,149,129,132,410
062741511,123,70,51,244
062741512,83,78,70,231
062741513,94,99,67,260
062741514,104,91,60,255
062741515,129,86,30,245
062741516,170,91,61,322
062741517,123,95,110,328
062741518,252,107,38,397
062741601,49,119,168,336
062741602,81,123,166,370
062741603,69,120,166,355
062741604,192,115,128,435
062741605,101,90,53,244
062741606,159,111,57,327
062741607,113,70,78,261
062741608,127,88,64,279
062741609,80,82,64,226
062741610,65,82,130,277
062741611,73,81,49,203
062741612,92,91,56,239
062741613,137,100,51,288
062741614,101,72,86,259
062741701,141,53,15,209
062741702,143,58,15,216
062741703,116,93,70,279
062741704,120,83,55,258
062741705,86,88,62,236
062741706,90,94,100,284
062741707,128,60,19,207
062741708,149,51,10,210
062741709,158,105,42,305
062741710,108,112,74,294
062741711,105,72,56,233
062741712,67,67,57,191
062741713,181,78,38,297
062741714,235,87,19,341
062741801,122,128,185,435
062741802,43,62,152,257
062741803,53,66,119,238
062741804,60,79,81,220
062741805,47,52,135,234
062741806,102,128,121,351
062741807,134,101,123,358
062741808,83,72,74,229
062741809,55,91,146,292
062741810,30,62,219,311
062741811,11,32,344,387
062741812,5,17,176,198
062741813,38,66,185,289
062741814,70,65,102,237
062741815,65,66,78,209
062741816,97,112,162,371
062741817,150,122,72,344
062741818,165,104,126,395
062741901,128,68,115,311
062741902,96,98,181,375
062741903,47,62,157,266
062741904,102,100,217,419
062741905,62,100,303,465
062741906,86,68,187,341
062741907,72,94,230,396
062741908,37,66,104,207
062741909,39,73,99,211
062741910,127,149,160,436
062741911,136,123,186,445
062741912,77,107,207,391
062741913,27,56,186,269
062742001,67,112,176,355
062742002,84,127,137,348
062742003,124,126,70,320
062742004,116,155,247,518
062742005,93,126,199,418
062742006,99,130,165,394
062742007,71,157,236,464
062742008,77,77,122,276
062742009,84,75,110,269
062742010,67,90,102,259
062742011,94,93,100,287
062742012,78,99,131,308
062742013,49,114,180,343
062742014,4,8,35,47
062742015,3,4,3,10
062742016,21,61,176,258
062742101,144,42,15,201
062742102,106,68,43,217
062742103,171,121,120,412
062742104,79,98,159,336
062742105,44,236,69,349
062742106,29,339,21,389
062742107,11,379,8,398
062742108,23,357,6,386
062742109,51,57,140,248
062742110,84,78,80,242
062742111,78,68,105,251
062742112,69,68,87,224
062742113,122,107,147,376
062742114,138,97,68,303
062742115,111,117,166,394
062742116,57,94,84,235
062742117,67,111,115,293
062742118,112,115,103,330
062742119,120,104,80,304
062742120,108,64,47,219
062742121,109,67,48,224
062742122,121,71,50,242
062742123,114,59,102,275
062742201,31,35,167,233
062742202,38,53,154,245
062742203,115,128,164,407
062742204,75,67,103,245
062742205,59,67,129,255
062742206,54,62,189,305
062742207,33,7,4,44
062742208,27,21,44,92
062742209,17,26,99,142
062742210,74,70,167,311
062742211,21,39,334,394
062742212,40,45,155,240
063710101,109,83,72,264
063710102,161,86,21,268
063710103,153,97,121,371
063710104,177,40,6,223
063710105,29,46,97,172
063710106,14,35,75,124
063710107,13,29,57,99
063710108,3,39,54,96
063710109,90,77,58,225
063710110,30,106,255,391
063710111,1,11,8,20
063710201,224,104,47,375
063710202,257,82,27,366
063710203,313,55,8,376
063710204,159,142,65,366
063710205,144,195,122,461
063710206,176,81,18,275
063710207,184,50,11,245
063710208,195,78,7,280
063710209,269,115,10,394
063710210,240,114,22,376
063710211,159,58,30,247
063710212,146,44,12,202
063710301,297,96,7,400
063710302,160,68,4,232
063710303,100,50,4,154
063710304,282,101,15,398
063710305,202,88,12,302
063710306,216,66,9,291
063710307,233,67,15,315
063710308,249,90,26,365
063710309,230,26,34,290
063710310,189,25,21,235
063710311,279,47,21,347
063710312,88,17,10,115
063710313,156,37,10,203
063710314,183,35,3,221
063710315,265,54,5,324
063710401,347,80,5,432
063710402,284,92,7,383
063710403,147,60,11,218
063710404,147,52,7,206
063710405,262,55,6,323
063710406,310,57,9,376
063710407,266,62,4,332
063710408,156,40,2,198
063710501,169,41,11,221
063710502,200,76,28,304
063710503,132,25,0,157
063710504,152,66,5,223
063710505,194,39,6,239
063710506,241,59,13,313
063710507,189,53,21,263
063710508,144,44,5,193
063710509,293,80,7,380
063710510,257,86,18,361
063710601,177,24,4,205
063710602,95,102,3,200
063710603,150,87,5,242
063710604,122,82,8,212
063710605,107,93,2,202
063710606,214,44,9,267
063710607,163,77,15,255
063710608,89,59,25,173
063710609,32,74,213,319
063710610,66,90,189,345
063710611,60,150,206,416
063710612,218,47,11,276
063710701,131,130,6,267
063710702,313,106,6,425
063710703,207,45,10,262
063710704,73,167,65,305
063710705,124,114,25,263
063710706,177,107,11,295
063710707,185,164,118,467
063710708,112,78,26,216
063710709,190,118,19,327
063710710,157,49,4,210
063710711,152,46,11,209
063710712,243,63,7,313
063710713,215,44,2,261
063710801,160,138,115,413
063710802,230,31,8,269
063710803,274,29,11,314
063710804,230,54,18,302
063710805,228,51,4,283
063710806,208,125,70,403
063710807,194,58,2,254
063710808,272,62,0,334
063710809,252,77,2,331
063710810,293,42,0,335
063710811,290,30,3,323
063710812,245,68,7,320
063710901,308,44,7,359
063710902,312,68,9,389
063710903,191,51,3,245
063710904,169,33,8,210
063710905,182,78,13,273
063710906,340,120,13,473
063710907,215,52,7,274
063710908,305,44,7,356
063710909,291,53,14,358
063710910,310,52,1,363
063710911,155,21,3,179
063710912,193,32,5,230
063710913,183,40,5,228
063710914,266,63,5,334
063710915,128,47,9,184
063710916,146,37,4,187
063710917,209,94,7,310
063711001,264,17,1,282
063711002,312,45,16,373
063711003,284,37,3,324
063711004,165,21,0,186
063711005,173,45,7,225
063711006,304,41,3,348
063711007,326,45,3,374
063711008,269,23,4,296
063711009,232,52,3,287
063711010,312,32,3,347
063711011,223,63,0,286
063711012,30,48,24,102
063711013,248,75,18,341
063711014,225,58,1,284
063711015,285,32,3,320
063711016,166,23,2,191
063711101,223,37,0,260
063711102,227,6,3,236
063711103,288,21,4,313
063711104,307,16,12,335
063711105,250,28,0,278
063711106,203,23,0,226
063711107,324,22,1,347
063711108,204,38,1,243
063711109,153,24,0,177
063711110,336,39,6,381
063711201,271,84,8,363
063711202,211,24,3,238
063711203,179,24,1,204
063711204,303,57,5,365
063711205,204,21,1,226
063711206,165,27,1,193
063711207,235,35,8,278
063711208,372,47,4,423
063711209,256,9,3,268
063711210,278,15,1,294
063711301,241,48,11,300
063711302,234,73,5,312
063711303,309,65,5,379
063711304,289,47,5,341
063711305,250,45,3,298
063711306,255,82,12,349
063711307,295,73,8,376
063711308,252,50,5,307
063711309,289,84,9,382
063711310,307,52,12,371
063711311,260,51,1,312
063711312,326,35,0,361
063711401,198,76,75,349
063711402,228,43,6,277
063711403,119,50,1,170
063711404,44,87,110,241
063711405,37,78,56,171
063711406,35,112,219,366
063711407,4,26,150,180
063711408,2,40,189,231
063711409,35,88,87,210
063711410,46,57,103,206
063711411,160,45,5,210
063711412,201,34,1,236
063711413,219,31,5,255
063711414,22,28,162,212
063711501,20,15,13,48
063711502,39,63,106,208
063711503,62,127,151,340
063711504,75,35,20,130
063711505,187,173,141,501
063711506,35,118,301,454
063711507,24,64,107,195
063711508,17,89,43,149
063711509,63,42,92,197
063711510,29,36,57,122
063711511,206,95,69,370
063711512,131,73,38,242
063711513,89,54,68,211
063711514,97,82,70,249
063711601,18,30,105,153
063711602,21,53,81,155
063711603,27,49,77,153
063711604,48,108,137,293
063711605,16,39,4,59
063711606,79,47,24,150
063711607,177,41,8,226
063711608,222,80,7,309
063711609,280,57,22,359
063711610,161,57,19,237
063711611,140,83,20,243
063711612,33,66,14,113
063711613,183,86,9,278
063711614,110,99,20,229
063711701,294,54,5,353
063711702,278,36,3,317
063711703,250,49,6,305
063711704,256,49,4,309
063711705,234,34,7,275
063711706,268,58,2,328
063711707,256,37,3,296
063711708,221,55,13,289
063711709,212,46,42,300
063711710,287,86,7,380
063711711,258,67,5,330
063711712,195,45,4,244
063711713,285,64,10,359
063711714,225,94,10,329
063711801,271,51,7,329
063711802,200,32,3,235
063711803,315,57,3,375
063711804,285,60,6,351
063711805,304,23,2,329
063711806,294,43,5,342
063711807,273,42,8,323
063711808,198,43,8,249
063711809,198,59,8,265
063711810,164,47,8,219
063711811,335,66,3,404
063711812,180,35,3,218
063711813,225,101,15,341
063711814,341,79,18,438
063711815,277,114,20,411
063711901,181,26,1,208
063711902,292,6,0,298
063711903,279,22,3,304
063711904,280,24,0,304
063711905,301,21,1,323
063711906,193,33,8,234
063711907,308,46,3,357
063711908,296,18,7,321
063711909,310,61,3,374
063712001,299,55,10,364
063712002,279,66,16,361
063712003,198,55,10,263
063712004,276,75,23,374
063712005,210,48,2,260
063712006,318,45,2,365
063712007,255,106,2,363
063712008,137,77,4,218
063712101,282,26,3,311
063712102,299,44,12,355
063712103,203,29,3,235
063712104,156,13,2,171
063712105,360,31,5,396
063712106,94,22,2,118
063712107,226,38,9,273
063712108,303,56,8,367
063712109,277,44,5,326
063712110,256,23,4,283
063712111,330,48,7,385
063712112,182,14,2,198
063712113,226,47,2,275
063712114,224,42,7,273
063712115,279,20,20,319
063712201,245,61,0,306
063712202,229,20,5,254
063712203,181,67,11,259
063712204,296,30,0,326
063712205,167,15,1,183
063712206,152,15,1,168
063712207,241,61,6,308
063712208,190,23,5,218
063712209,170,11,6,187
063712210,152,34,1,187
063712211,122,11,0,133
063712212,141,66,1,208
063712213,196,13,1,210
063712214,222,17,0,239
063712301,275,19,1,295
063712302,285,103,21,409
063712303,141,6,0,147
063712304,192,23,3,218
063712305,202,25,11,238
063712306,216,35,5,256
063712307,245,28,0,273
063712308,256,34,5,295
063712309,261,8,0,269
063712310,176,21,2,199
063712311,173,68,4,245
063712312,173,51,3,227
063712313,202,41,2,245
063712314,234,55,5,294
063712315,333,83,7,423
063712316,297,97,10,404
063712317,223,49,6,278
063712401,241,93,15,349
063712402,156,48,5,209
063712403,295,78,21,394
063712404,94,38,1,133
063712405,102,47,24,173
063712406,170,34,4,208
063712407,156,70,4,230
063712408,164,48,1,213
063712501,192,58,6,256
063712502,247,35,6,288
063712503,143,50,4,197
063712504,231,52,2,285
063712505,266,35,4,305
063712506,233,55,3,291
063712507,226,67,2,295
063712508,229,31,7,267
063712601,267,69,6,342
063712602,164,14,6,184
063712603,205,85,5,295
063712604,273,46,4,323
063712605,136,39,1,176
063712606,180,72,11,263
063712607,175,58,8,241
063712608,188,35,3,226
063712701,206,33,5,244
063712702,220,88,8,316
063712703,277,134,79,490
063712704,263,50,8,321
063712705,243,50,9,302
063712706,136,29,3,168
063712707,163,26,1,190
063712708,173,30,7,210
063712801,24,51,88,163
063712802,28,18,1,47
063712803,17,14,1,32
063712804,77,16,6,99
063712805,51,6,3,60
063712806,100,102,36,238
063712807,61,13,1,75
063712808,223,48,5,276
063712901,252,12,2,266
063712902,175,13,17,205
063712903,178,17,1,196
063712904,269,35,4,308
063712905,313,71,6,390
063712906,143,27,2,172
063712907,328,61,16,405
063712908,438,140,10,588
063712909,305,48,0,353
063713001,221,37,12,270
063713002,267,94,12,373
063713003,188,65,9,262
063713004,158,52,5,215
063713005,214,69,12,295
063713006,219,65,9,293
063713007,150,43,21,214
063713008,194,44,3,241
063713009,198,26,4,228
063713010,10,19,87,116
063713011,212,70,16,298
063713101,223,71,12,306
063713102,150,51,6,207
063713103,257,87,14,358
063713104,98,24,1,123
063713105,214,48,8,270
063713106,409,30,7,446
063713107,215,40,8,263
063713108,204,34,5,243
063713201,65,0,1,66
063713202,233,135,39,407
063713203,223,95,29,347
063713204,167,111,20,298
063713205,153,120,36,309
063713206,187,113,51,351
063713207,186,62,12,260
063713208,209,122,106,437
063713209,176,50,10,236
063713210,284,81,26,391
063713211,262,105,27,394
063713212,198,71,29,298
063713213,202,123,22,347
063713214,228,133,92,453
063713215,143,64,37,244
063713301,69,112,77,258
063713302,108,121,140,369
063713303,278,83,18,379
063713304,221,49,24,294
063713305,337,67,12,416
063713306,262,103,3,368
063713307,186,82,14,282
063713308,166,48,3,217
063713309,243,63,6,312
063713310,139,46,5,190
063713401,185,52,4,241
063713402,230,71,22,323
063713403,106,25,2,133
063713404,167,61,9,237
063713405,152,168,112,432
063713406,208,46,1,255
063713407,187,93,7,287
063713408,272,38,4,314
063713409,175,38,0,213
063713501,255,101,8,364
063713502,149,38,3,190
063713503,134,70,13,217
063713504,142,53,11,206
063713505,125,64,14,203
063713506,235,108,15,358
063713507,3,11,4,18
063713508,6,10,6,22
063713509,16,13,11,40
063713510,100,67,51,218
063713511,185,101,89,375
063713512,170,70,25,265
063713513,181,110,9,300
063713514,131,47,6,184
063713601,143,127,97,367
063713602,96,81,54,231
063713603,134,82,45,261
063713604,251,136,77,464
063713605,194,87,6,287
063713606,155,100,21,276
063713607,152,119,67,338
063713608,252,67,14,333
063713609,290,110,17,417
063713610,256,77,12,345
063713611,321,50,8,379
063713701,23,72,153,248
063713702,23,86,213,322
063713703,49,52,81,182
063713704,11,24,71,106
063713705,22,52,66,140
063713706,50,84,40,174
063713707,170,139,56,365
063713708,106,225,209,540
063713709,272,130,39,441
063713710,91,143,180,414
063713711,49,112,199,360
063713712,46,119,172,337
063713713,217,105,38,360
063713714,209,92,49,350
063713715,202,108,30,340
063713716,281,105,29,415
064080101,253,70,21,344
064080102,247,27,1,275
064080103,245,36,54,335
064080104,338,33,7,378
064080105,241,80,42,363
064080106,197,12,3,212
064080107,325,40,4,369
064080108,264,88,26,378
064080109,343,64,18,425
064080110,159,41,35,235
064080111,378,109,42,529
064080112,268,79,12,359
064080113,260,112,18,390
064080114,14,9,3,26
064080115,90,10,1,101
064080116,173,16,5,194
064080117,265,21,6,292
064080201,176,64,60,300
064080202,229,71,37,337
064080203,252,60,16,328
064080204,214,97,31,342
064080205,184,43,3,230
064080206,269,43,7,319
064080207,305,64,19,388
064080208,282,109,78,469
064080209,294,125,57,476
064080210,273,103,41,417
064080211,231,67,13,311
064080301,10,26,61,97
064080302,40,32,18,90
064080303,139,106,81,326
064080304,160,76,37,273
064080305,168,83,24,275
064080306,202,60,46,308
064080307,253,112,64,429
064080308,238,175,188,601
064080309,209,51,22,282
064080310,145,47,9,201
064080401,116,91,133,340
064080402,199,142,193,534
064080403,86,75,42,203
064080404,148,127,85,360
064080405,150,113,86,349
064080406,114,81,59,254
064080407,188,98,78,364
064080408,271,115,45,431
064080409,192,94,56,342
064080410,396,111,50,557
064080411,143,101,48,292
064080412,169,96,32,297
064080501,92,70,65,227
064080502,142,64,67,273
064080503,160,77,96,333
064080504,167,74,45,286
064080505,55,28,20,103
064080506,118,34,51,203
064080507,137,57,35,229
064080508,194,49,33,276
064080509,197,76,28,301
064080510,173,43,33,249
064080511,208,51,1,260
064080512,140,78,20,238
064080601,311,42,3,356
064080602,159,16,2,177
064080603,318,18,9,345
064080604,249,21,2,272
064080605,306,48,5,359
064080606,80,20,0,100
064080607,287,42,7,336
064080608,236,24,12,272
064080609,287,41,11,339
064080701,250,64,4,318
064080702,110,75,31,216
064080703,93,55,59,207
064080704,265,82,26,373
064080705,259,71,5,335
064080706,260,49,3,312
064080707,83,11,0,94
064080708,300,26,0,326
064080709,173,34,7,214
064080710,175,59,15,249
064080801,157,96,62,315
064080802,114,99,69,282
064080803,150,40,13,203
064080804,164,28,4,196
064080805,172,47,9,228
064080806,169,47,76,292
064080807,142,60,29,231
064080808,273,34,15,322
064080809,192,45,8,245
064080810,230,75,17,322
064080811,226,89,9,324
064080812,135,27,8,170
064080813,110,80,59,249
064080814,253,118,62,433
064080901,282,62,21,365
064080902,173,32,9,214
064080903,192,51,14,257
064080904,191,45,9,245
064080905,295,40,8,343
064080906,309,39,6,354
064080907,328,74,20,422
064080908,238,60,16,314
064081001,265,48,6,319
064081002,158,92,25,275
064081003,279,80,18,377
064081004,283,48,27,358
064081005,332,76,21,429
064081006,186,69,22,277
064081007,291,77,27,395
064081008,167,51,21,239
064081101,173,58,27,258
064081102,198,68,32,298
064081103,312,29,1,342
064081104,200,86,37,323
064081105,231,126,70,427
064081106,233,56,11,300
064081107,49,22,9,80
064081108,195,73,48,316
064081109,41,13,18,72
064081110,63,52,56,171
064081111,36,22,16,74
064081201,214,72,38,324
064081202,100,148,2,250
064081203,136,89,96,321
064081204,144,90,83,317
064081205,276,111,60,447
064081206,308,163,81,552
064081207,217,97,45,359
064081208,303,114,47,464
064081209,193,79,9,281
064081301,319,79,35,433
064081302,121,83,72,276
064081303,147,65,67,279
064081304,147,67,53,267
064081305,161,48,27,236
064081306,234,89,31,354
064081307,204,82,51,337
064081308,150,76,75,301
064081309,87,76,93,256
064081310,184,79,61,324
064081311,192,105,44,341
064081312,207,84,27,318
064081313,101,92,12,205
064081401,236,61,22,319
064081402,224,95,29,348
064081403,251,91,43,385
064081404,294,91,9,394
064081405,115,40,12,167
064081406,163,56,22,241
064081407,175,51,4,230
064081408,147,61,22,230
064081409,142,50,11,203
064081410,158,64,29,251
064081411,198,61,12,271
064081412,193,89,12,294
064081413,231,68,7,306
064081501,311,62,9,382
064081502,281,94,39,414
064081503,37,8,6,51
064081504,180,75,76,331
064081505,347,60,7,414
064081506,101,3,1,105
064081507,247,14,5,266
064081508,123,76,8,207
064081509,207,79,17,303
064081510,167,32,2,201
064081511,217,45,2,264
064081512,113,17,2,132
064081513,228,57,6,291
064100101,149,79,72,300
064100102,181,71,90,342
064100103,132,92,80,304
064100104,261,107,59,427
064100105,140,67,28,235
064100106,190,35,2,227
064100107,171,51,1,223
064100108,258,109,37,404
064100109,113,107,21,241
064100110,230,81,17,328
064100111,413,210,169,792
064100112,202,87,43,332
064100113,148,32,0,180
064100201,214,55,7,276
064100202,174,82,21,277
064100203,174,38,8,220
064100204,29,20,11,60
064100205,174,133,68,375
064100206,30,18,9,57
064100207,183,40,13,236
064100208,224,115,56,395
064100209,254,56,12,322
064100210,195,48,30,273
064100301,182,140,34,356
064100302,167,88,38,293
064100303,170,60,12,242
064100304,151,109,42,302
064100305,180,84,59,323
064100306,144,91,58,293
064100307,151,74,40,265
064100308,148,86,33,267
064100309,233,88,62,383
064100310,167,88,31,286
064100311,125,65,38,228
064100312,109,37,4,150
064100401,222,104,27,353
064100402,193,74,35,302
064100403,273,96,25,394
064100404,171,61,17,249
064100405,171,52,9,232
064100406,250,75,16,341
064100407,156,44,20,220
064100408,166,71,28,265
064100409,212,150,69,431
064100410,151,60,31,242
064100411,131,61,31,223
064100412,117,64,62,243
064100413,147,71,43,261
064100414,210,83,71,364
064100415,39,25,14,78
064100416,119,40,8,167
064100501,139,71,22,232
064100502,142,71,40,253
064100503,271,82,39,392
064100504,130,72,15,217
064100505,156,71,41,268
064100506,92,56,26,174
064100507,72,66,50,188
064100508,197,83,46,326
064100509,197,90,46,333
064100510,153,118,55,326
064100511,116,95,61,272
064100512,131,81,63,275
064100513,201,108,46,355
064100514,88,86,37,211
064100515,79,156,131,366
064100601,144,114,88,346
064100602,137,125,64,326
064100603,295,54,21,370
064100604,232,95,9,336
064100605,222,76,15,313
064100606,266,31,4,301
064100607,240,63,9,312
064100608,271,131,13,415
064100609,222,33,24,279
064100610,171,76,23,270
064100611,114,63,23,200
064100612,250,104,52,406
064100613,330,69,17,416
064100614,303,72,8,383
064100615,288,29,12,329
064100701,175,42,1,218
064100702,123,60,1,184
064100703,239,68,0,307
064100704,323,92,14,429
064100705,247,100,9,356
064100706,253,31,6,290
064100707,282,104,60,446
064100708,200,44,33,277
064100709,202,70,19,291
064100710,269,107,24,400
064100711,206,80,12,298
064100712,192,55,22,269
064100713,306,45,19,370
064100714,114,109,47,270
064100715,107,76,47,230
064100716,272,120,42,434
064100801,164,43,6,213
064100802,181,45,21,247
064100803,266,98,33,397
064100804,197,29,10,236
064100805,145,86,30,261
064100806,316,70,11,397
064100807,289,70,20,379
064100808,221,62,8,291
064100809,277,121,36,434
064100901,294,87,10,391
064100902,210,46,7,263
064100903,320,94,11,425
064100904,312,49,2,363
064100905,284,31,4,319
064100906,246,51,6,303
064100907,241,36,5,282
064100908,228,48,3,279
064100909,224,38,6,268
064101001,314,84,7,405
064101002,325,75,10,410
064101003,262,73,10,345
064101004,318,47,8,373
064101005,254,46,9,309
064101006,249,53,7,309
064101007,299,109,34,442
064101008,208,64,20,292
064101009,238,51,12,301
064101010,273,53,10,336
064101101,315,39,1,355
064101102,331,18,1,350
064101103,243,41,1,285
064101104,245,38,0,283
064101105,187,10,2,199
064101106,191,14,2,207
064101107,259,29,1,289
064101108,264,29,2,295
064101109,316,59,11,386
064101110,274,65,2,341
064101111,285,31,2,318
064101201,291,33,3,327
064101202,277,51,3,331
064101203,178,21,2,201
064101204,172,46,18,236
064101205,194,31,7,232
064101206,204,61,11,276
064101207,245,23,2,270
064101208,128,34,8,170
064101209,170,41,7,218
064101210,162,39,15,216
064101211,168,65,47,280
064101212,153,87,31,271
064101213,309,92,35,436
064101301,319,65,11,395
064101302,199,48,6,253
064101303,152,47,3,202
064101304,162,50,4,216
064101305,163,59,14,236
064101306,325,84,28,437
064101307,305,109,45,459
064101308,192,55,15,262
064101309,159,69,20,248
064101310,168,48,13,229
064101311,156,63,38,257
064120101,129,53,18,200
064120102,140,23,5,168
064120103,48,11,4,63
064120104,57,22,78,157
064120105,83,15,0,98
064120106,164,93,36,293
064120107,46,19,23,88
064120108,70,38,26,134
064120109,185,94,45,324
064120110,153,117,110,380
064120111,67,46,85,198
064120112,181,65,56,302
064120113,61,45,172,278
064120114,124,94,107,325
064120115,127,72,84,283
064120116,115,83,235,433
064120117,72,65,256,393
064120118,73,105,213,391
064120201,77,31,19,127
064120202,144,105,68,317
064120203,136,88,75,299
064120204,136,89,149,374
064120205,207,131,74,412
064120206,117,56,84,257
064120207,168,63,75,306
064120208,220,86,38,344
064120209,165,106,68,339
064120210,208,84,15,307
064120211,197,60,20,277
064120301,131,84,107,322
064120302,178,129,121,428
064120303,273,108,37,418
064120304,204,102,51,357
064120305,274,76,42,392
064120306,255,52,14,321
064120307,280,97,26,403
064120308,185,66,27,278
064120309,180,76,29,285
064120310,84,233,4,321
064120311,250,75,17,342
064120312,124,25,2,151
064120313,147,53,7,207
064120401,207,122,62,391
064120402,186,90,70,346
064120403,168,106,121,395
064120404,225,115,77,417
064120405,131,73,56,260
064120406,121,60,82,263
064120407,124,78,80,282
064120408,110,44,30,184
064120409,131,63,18,212
064120410,206,81,94,381
064120411,181,100,40,321
064120412,267,115,66,448
064120501,139,72,20,231
064120502,205,117,25,347
064120503,264,50,33,347
064120504,153,41,23,217
064120505,139,53,20,212
064120506,135,57,16,208
064120507,216,82,16,314
064120508,192,112,45,349
064120509,148,96,129,373
064120510,131,123,105,359
064120511,157,76,64,297
064120512,202,72,27,301
064120513,244,91,38,373
064120514,176,72,27,275
064120601,127,30,12,169
064120602,179,71,29,279
064120603,200,71,6,277
064120604,201,44,11,256
064120605,219,22,8,249
064120606,261,103,25,389
064120607,193,84,91,368
064120608,185,119,108,412
064120609,134,77,51,262
064120610,121,74,48,243
064120611,256,101,63,420
064120612,233,103,27,363
064120613,213,70,22,305
064120701,99,102,147,348
064120702,104,107,128,339
064120703,109,112,142,363
064120704,103,79,96,278
064120705,97,67,74,238
064120706,92,61,57,210
064120707,76,79,51,206
064120708,128,72,52,252
064120709,143,36,9,188
064120710,203,79,49,331
064120711,179,102,81,362
064120712,127,88,108,323
064120713,129,101,94,324
064120714,104,85,70,259
064120715,84,51,86,221
064120716,85,58,73,216
064120717,99,78,67,244
064120801,184,127,96,407
064120802,193,106,57,356
064120803,129,73,14,216
064120804,117,59,40,216
064120805,167,53,30,250
064120806,111,75,75,261
064120807,79,85,96,260
064120808,66,57,99,222
064120809,136,88,106,330
064120810,85,62,129,276
064120811,51,96,98,245
064120812,86,85,89,260
064120813,42,85,201,328
064120814,53,57,187,297
064120815,64,69,107,240
064120901,7,23,181,211
064120902,23,58,183,264
064120903,63,86,210,359
064120904,70,94,180,344
064120905,61,87,172,320
064120906,41,31,13,85
064120907,33,28,74,135
064120908,112,102,137,351
064120909,58,113,163,334
064120910,62,92,181,335
064120911,37,75,236,348
064120912,27,30,165,222
064120913,19,59,148,226
064120914,81,89,229,399
064120915,64,84,204,352
064120916,45,67,87,199
064120917,15,21,78,114
064120918,78,76,226,380
064121001,64,88,207,359
064121002,63,114,161,338
064121003,60,107,205,372
064121004,78,97,248,423
064121005,53,82,210,345
064121006,70,88,156,314
064121007,87,105,118,310
064121008,90,92,143,325
064121009,138,71,55,264
064121010,23,55,185,263
064121011,62,62,157,281
064121012,53,63,105,221
064121013,37,51,124,212
064121014,56,70,229,355
064121015,224,6,25,255
064121016,197,113,4,314
064121017,256,81,147,484
064121018,264,99,1,364
064121019,334,53,10,397
064121020,238,62,69,369
064121021,246,24,57,327
064121101,61,144,62,267
064121102,36,64,208,308
064121103,132,111,211,454
064121104,66,35,125,226
064121105,77,80,221,378
064121106,109,86,108,303
064121107,80,56,81,217
064121108,66,68,101,235
064121109,66,61,116,243
064121110,44,74,91,209
064121111,73,53,125,251
064121112,56,82,83,221
064121113,67,73,93,233
064121114,76,72,85,233
064121115,91,116,132,339
064121116,28,57,181,266
064121117,60,44,87,191
064121118,84,84,132,300
064121119,83,145,141,369
064121120,115,126,183,424
064121201,94,86,113,293
064121202,99,91,128,318
064121203,114,104,128,346
064121204,147,106,148,401
064121205,161,114,123,398
064121206,80,66,174,320
064121207,83,89,227,399
064121208,118,108,112,338
064121209,102,82,211,395
064121301,112,97,109,318
064121302,129,73,149,351
064121303,61,49,90,200
064121304,103,61,88,252
064121305,91,75,217,383
064121306,127,79,239,445
064121307,54,49,173,276
064121308,118,89,163,370
064121309,103,104,80,287
064121310,82,66,74,222
064121311,98,81,127,306
064121312,50,90,246,386
064121401,149,52,48,249
064121402,123,89,95,307
064121403,190,124,104,418
064121404,79,78,112,269
064121405,148,70,83,301
064121406,257,83,55,395
064121407,293,42,23,358
064121408,274,48,80,402
064121409,82,69,152,303
064121410,105,75,151,331
064121411,127,94,144,365
064121412,100,87,166,353
064121413,78,66,108,252
064121501,134,52,45,231
064121502,241,132,30,403
064121503,195,138,107,440
064121504,155,102,91,348
064121505,104,89,56,249
064121506,132,70,70,272
064121507,102,84,101,287
064121508,95,94,55,244
064121509,135,56,74,265
064121510,86,68,121,275
064121511,138,106,113,357
064121512,89,92,259,440
064270101,205,10,2,217
064270102,176,18,0,194
064270103,477,56,2,535
064270104,113,4,0,117
064270105,124,13,0,137
064270106,424,22,1,447
064270107,401,29,3,433
064270108,270,10,0,280
064270109,249,9,0,258
064270110,266,29,5,300
064270111,274,50,6,330
064270112,249,22,3,274
064270113,205,56,6,267
064270201,189,6,0,195
064270202,175,6,0,181
064270203,140,3,0,143
064270204,334,13,1,348
064270205,203,18,4,225
064270206,165,7,3,175
064270207,237,17,2,256
064270208,237,3,3,243
064270209,282,19,2,303
064270210,231,31,11,273
064270211,69,12,4,85
064270212,177,3,0,180
064270213,194,33,6,233
064270214,165,11,6,182
064270215,167,11,0,178
064270216,157,13,3,173
064270217,226,4,1,231
064270218,269,23,4,296
064270301,239,5,3,247
064270302,331,38,3,372
064270303,188,22,2,212
064270304,198,30,1,229
064270305,222,35,4,261
064270306,261,65,9,335
064270307,227,33,1,261
064270308,219,28,2,249
064270309,176,12,1,189
064270310,319,32,2,353
064270311,266,40,6,312
064270312,306,52,1,359
064270401,212,44,6,262
064270402,335,13,1,349
064270403,380,63,9,452
064270404,252,48,1,301
064270405,283,29,2,314
064270406,258,43,6,307
064270407,259,60,10,329
064270408,260,68,6,334
064270409,320,64,3,387
064270501,370,62,10,442
064270502,195,42,2,239
064270503,213,30,5,248
064270504,316,49,11,376
064270505,341,85,7,433
064270506,273,56,7,336
064270507,325,71,8,404
064270508,192,33,5,230
064270509,148,48,29,225
064270510,218,59,7,284
064270511,232,50,5,287
064270601,238,51,8,297
064270602,371,65,9,445
064270603,230,56,9,295
064270604,380,70,12,462
064270605,138,39,0,177
064270606,203,39,5,247
064270607,170,45,3,218
064270608,159,29,2,190
064270609,276,88,3,367
064270610,185,37,7,229
064270611,184,34,5,223
064270612,223,18,5,246
064270613,209,21,2,232
064270614,187,43,6,236
064270701,294,64,21,379
064270702,294,65,17,376
064270703,258,32,27,317
064270704,284,49,2,335
064270705,258,48,7,313
064270706,203,34,12,249
064270707,171,41,14,226
064270708,235,42,5,282
064270709,206,79,8,293
064270710,325,71,5,401
064270711,207,55,3,265
064270712,276,45,1,322
064270713,196,32,3,231
064270801,256,80,10,346
064270802,300,102,16,418
064270803,277,61,6,344
064270804,327,71,14,412
064270805,236,89,8,333
064270806,355,64,6,425
064270807,265,65,23,353
064270808,138,50,4,192
064270809,169,36,4,209
064270810,307,79,10,396
064270811,297,85,3,385
064270812,311,83,13,407
064270901,239,81,87,407
064270902,258,62,64,384
064270903,284,123,112,519
064270904,302,140,103,545
064270905,258,84,81,423
064270906,141,139,110,390
064270907,202,101,55,358
064270908,192,78,35,305
064270909,26,40,76,142
064270910,34,44,191,269
064270911,45,89,127,261
064270912,209,36,9,254
064271001,259,108,45,412
064271002,172,53,13,238
064271003,138,41,24,203
064271004,316,55,42,413
064271005,271,86,21,378
064271006,254,40,16,310
064271007,273,73,31,377
064271008,274,79,13,366
064271009,252,136,36,424
064271010,165,54,11,230
064271011,130,48,1,179
064271012,283,78,7,368
064271101,307,68,4,379
064271102,234,87,14,335
064271103,287,92,10,389
064271104,221,98,16,335
064271105,226,76,4,306
064271106,251,89,31,371
064271107,235,70,5,310
064271108,248,109,19,376
064271109,236,102,13,351
064271110,202,42,5,249
064271111,228,31,6,265
064271201,327,95,13,435
064271202,343,58,23,424
064271203,134,38,0,172
064271204,150,50,4,204
064271205,256,69,13,338
064271206,287,56,48,391
064271207,144,61,6,211
064271208,161,31,4,196
064271209,170,39,6,215
064271210,158,30,9,197
064271301,293,61,8,362
064271302,338,81,26,445
064271303,258,54,3,315
064271304,271,115,108,494
064271305,325,136,31,492
064271306,168,35,21,224
064271307,201,31,10,242
064271308,214,50,18,282
064271309,188,56,12,256
064271310,269,102,24,395
064271311,336,82,9,427
064271401,175,61,24,260
064271402,189,59,24,272
064271403,135,27,30,192
064271404,151,28,41,220
064271405,82,51,89,222
064271406,68,11,32,111
064271407,263,41,59,363
064271408,140,173,227,540
064271409,121,92,73,286
064271410,200,176,245,621
064271411,300,193,124,617
064271412,34,53,28,115
064271413,618,106,48,772
064271414,122,35,5,162
064271415,180,56,5,241
064271416,267,71,9,347
064271417,160,44,6,210
064271418,180,38,6,224
064271419,240,36,14,290
064271420,151,13,5,169
064271501,143,82,40,265
064271502,108,53,29,190
064271503,191,67,0,258
064271504,317,81,0,398
064271505,191,39,1,231
064271506,198,65,4,267
064271507,161,47,2,210
064271508,169,65,10,244
064271509,136,84,7,227
064271510,151,44,4,199
064271511,104,56,11,171
064271512,238,76,10,324
064271513,146,53,8,207
064271514,86,94,16,196
064271515,208,57,10,275
064271601,344,25,21,390
064271602,428,21,3,452
064271603,230,90,18,338
064271604,97,82,21,200
064271605,213,114,85,412
064271606,73,128,86,287
064271607,201,95,38,334
064271608,162,41,23,226
064271609,262,75,15,352
064271610,151,50,5,206
064271611,333,67,1,401
064271612,279,99,1,379
064271613,129,14,0,143
064271701,311,38,10,359
064271702,248,46,2,296
064271703,138,81,21,240
064271704,139,51,10,200
064271705,123,66,23,212
064271706,68,53,48,169
064271707,279,378,322,979
064271708,272,35,36,343
064271709,149,58,21,228
064271710,280,113,57,450
064271711,134,246,322,702
064271801,208,81,98,387
064271802,111,54,88,253
064271803,21,55,84,160
064271804,127,147,185,459
064271805,205,257,385,847
064271806,1,6,16,23
064271807,139,144,135,418
064271808,137,157,119,413
064271809,154,152,169,475
064271810,58,70,216,344
064271811,110,125,121,356
064271812,11,10,34,55
064271813,243,316,323,882
064271901,147,50,4,201
064271902,152,51,2,205
064271903,291,79,18,388
064271904,186,54,6,246
064271905,131,47,7,185
064271906,242,97,11,350
064271907,272,63,6,341
064271908,285,63,2,350
064271909,277,86,23,386
064271910,217,58,17,292
064272001,158,38,22,218
064272002,150,72,12,234
064272003,198,56,17,271
064272004,174,47,8,229
064272005,138,19,2,159
064272006,225,76,11,312
064272007,209,36,0,245
064272008,299,8,1,308
064272009,276,56,0,332
064272010,198,78,17,293
064272011,261,135,38,434
064272012,104,8,0,112
064272013,162,26,2,190
064272014,225,100,52,377
064272015,126,59,71,256
064272016,279,93,76,448
064272101,314,69,15,398
064272102,237,107,39,383
064272103,282,106,13,401
064272104,227,103,14,344
064272105,237,39,8,284
064272106,92,107,80,279
064272107,236,70,6,312
064272108,269,102,13,384
064272201,186,49,8,243
064272202,159,28,23,210
064272203,265,52,23,340
064272204,225,75,12,312
064272205,199,39,9,247
064272206,90,67,51,208
064272207,321,84,11,416
064272208,231,43,9,283
064272209,275,90,8,373
064272301,113,24,0,137
064272302,298,44,6,348
064272303,432,89,8,529
064272304,432,64,27,523
064272305,319,60,10,389
064272306,306,77,14,397
064272307,280,79,8,367
064272308,314,100,15,429
064272309,359,132,20,511
064272310,308,98,14,420
064272311,380,102,14,496
064272401,326,53,8,387
064272402,32,10,14,56
064272403,55,20,79,154
064272404,48,34,50,132
064272405,190,44,74,308
064272406,248,59,3,310
064272407,267,109,25,401
064272408,280,66,30,376
064272409,248,99,14,361
064272410,65,45,89,199
064272501,191,32,2,225
064272502,176,87,0,263
064272503,317,45,4,366
064272504,246,42,4,292
064272505,226,67,63,356
064272506,209,56,10,275
064272507,167,34,0,201
064272508,117,23,3,143
064272509,306,59,12,377
064272510,320,253,100,673
064272511,180,262,149,591
064272512,237,245,185,667
064272513,146,21,2,169
064272514,162,11,1,174
064272515,131,102,49,282
064272601,198,17,0,215
064272602,250,16,11,277
064272603,349,56,3,408
064272604,343,32,9,384
064272605,259,37,14,310
064272606,194,36,6,236
064272607,343,70,16,429
064272608,313,63,8,384
064272609,330,23,0,353
064272610,298,25,2,325
064272611,310,73,8,391
064272701,460,60,6,526
064272702,141,46,2,189
064272703,213,22,1,236
064272704,205,36,4,245
064272705,231,20,1,252
064272706,284,74,5,363
064272707,314,47,1,362
064272708,284,65,33,382
064272709,338,45,16,399
064272801,319,47,4,370
064272802,229,27,1,257
064272803,228,20,13,261
064272804,218,43,3,264
064272805,199,35,3,237
064272806,337,20,6,363
064272807,328,33,6,367
064272808,251,39,6,296
064272809,200,30,7,237
064272810,362,43,3,408
064272811,309,27,2,338
064272812,306,58,1,365
064272901,327,32,6,365
064272902,332,23,5,360
064272903,180,41,2,223
064272904,188,22,0,210
064272905,337,29,2,368
064272906,271,39,3,313
064272907,348,56,6,410
064272908,341,44,16,401
064272909,155,33,3,191
064272910,156,36,6,198
064272911,337,44,11,392
064272912,332,69,8,409
064272913,248,20,7,275
064272914,274,53,11,338
064273001,290,23,5,318
064273002,353,14,9,376
064273003,199,34,28,261
064273004,310,17,4,331
064273005,99,49,5,153
064273006,258,33,17,308
064273007,284,27,15,326
064273008,171,10,3,184
064273009,170,9,7,186
064273010,228,25,45,298
064273011,153,14,2,169
064273012,207,20,6,233
064273013,256,37,9,302
064273101,280,11,1,292
064273102,276,25,0,301
064273103,306,17,0,323
064273104,282,20,3,305
064273105,372,45,1,418
064273106,370,9,3,382
064273107,219,30,8,257
064273108,154,15,2,171
064273109,229,22,10,261
064273110,239,34,6,279
064273201,221,24,2,247
064273202,231,17,1,249
064273203,224,31,2,257
064273204,206,18,9,233
064273205,293,69,12,374
064273206,243,37,3,283
064273207,296,30,5,331
064273208,312,61,26,399
064273209,180,33,1,214
064273210,189,22,3,214
064273211,223,31,2,256
064273212,183,19,1,203
064273301,102,23,100,225
064273302,296,64,24,384
064273303,138,59,7,204
064273304,126,18,4,148
064273305,158,43,6,207
064273306,135,37,6,178
064273307,139,55,8,202
064273308,189,70,6,265
064273309,159,71,5,235
064273310,235,52,5,292
064273311,276,36,3,315
064273312,408,68,4,480
064273313,237,44,2,283
064273314,297,50,3,350
064273315,230,37,8,275
064273401,294,40,9,343
064273402,231,22,8,261
064273403,427,50,8,485
064273404,278,33,8,319
064273405,261,66,6,333
064273406,436,99,21,556
064273407,291,46,7,344
064273408,259,59,7,325
064273409,362,45,1,408
064273410,180,30,1,211
064273411,213,33,2,248
064273412,283,96,20,399
064273413,236,47,7,290
064273414,260,33,2,295
064273415,335,58,5,398
064273501,316,70,10,396
064273502,208,24,2,234
064273503,154,35,6,195
064273504,169,57,3,229
064273505,242,50,11,303
064273506,310,59,12,381
064273507,225,24,6,255
064273508,203,89,30,322
064273509,341,105,6,452
064273510,175,56,6,237
064273511,316,69,11,396
064273512,306,48,1,355
064273513,211,48,2,261
064273601,196,25,2,223
064273602,248,42,22,312
064273603,238,33,4,275
064273604,161,26,13,200
064273605,184,26,16,226
064273606,79,30,30,139
064273607,92,26,2,120
064273608,40,9,35,84
064273609,330,37,3,370
064273610,275,18,3,296
064273611,324,24,1,349
064273612,147,25,2,174
064273701,139,38,10,187
064273702,126,41,20,187
064273703,147,40,8,195
064273704,317,77,21,415
064273705,182,27,24,233
064273706,468,56,18,542
064273707,274,76,28,378
064273708,250,72,28,350
064273709,244,128,26,398
064273710,233,137,30,400
064273801,218,74,22,314
064273802,169,89,5,263
064273803,343,138,38,519
064273804,84,63,63,210
064273805,169,77,9,255
064273806,198,61,5,264
064273807,254,85,17,356
064273808,225,132,23,380
064273809,125,36,4,165
064273810,273,97,15,385
064273901,229,83,20,332
064273902,143,107,22,272
064273903,119,67,20,206
064273904,219,110,18,347
064273905,179,123,23,325
064273906,149,77,20,246
064273907,163,59,14,236
064273908,3,3,6,12
064273909,261,113,17,391
064273910,115,81,58,254
064273911,137,70,8,215
064274001,186,69,18,273
064274002,271,123,25,419
064274003,144,87,22,253
064274004,261,79,52,392
064274005,251,95,15,361
064274006,223,89,20,332
064274007,452,144,13,609
064274008,307,170,7,484
064274009,113,96,1,210
064274010,283,126,62,471
064274011,207,129,57,393
064274012,162,58,2,222
064274101,307,78,69,454
064274102,297,101,66,464
064274103,342,100,70,512
064274104,314,67,11,392
064274105,261,75,33,369
064274106,272,40,17,329
064274107,288,133,221,642
064274108,165,143,233,541
064274109,175,119,204,498
064274110,44,91,118,253
064274201,312,72,33,417
064274202,317,79,12,408
064274203,346,112,20,478
064274204,375,132,24,531
064274205,200,103,49,352
064274206,176,62,16,254
064274207,154,84,21,259
064274208,170,54,17,241
064274209,289,129,52,470
064274210,147,66,7,220
064274211,169,76,10,255
064274301,301,87,16,404
064274302,280,110,24,414
064274303,270,94,27,391
064274304,270,74,18,362
064274305,304,75,21,400
064274306,321,134,18,473
064274307,222,66,7,295
064274308,223,105,6,334
064274309,231,85,45,361
064274310,212,54,12,278
064274311,227,56,7,290
064274401,252,86,31,369
064274402,165,55,23,243
064274403,260,85,47,392
064274404,277,87,35,399
064274405,119,27,14,160
064274406,199,36,13,248
064274407,127,25,20,172
064274408,170,28,7,205
064274409,197,24,6,227
064274410,196,69,10,275
064274411,156,26,11,193
064274412,291,68,24,383
064274501,367,124,23,514
064274502,274,67,14,355
064274503,245,52,5,302
064274504,370,75,9,454
064274505,269,24,8,301
064274506,197,44,4,245
064274507,321,105,23,449
064274508,347,126,25,498
064274509,210,64,12,286
064274510,194,63,29,286
064274511,288,58,9,355
064274601,303,62,10,375
064274602,58,44,84,186
064274603,366,113,23,502
064274604,298,117,64,479
064274605,289,125,65,479
064274606,392,122,50,564
064274607,171,97,75,343
064274608,97,52,18,167
064274609,613,254,241,1108
064274610,167,74,71,312
064274611,154,69,116,339
064274612,247,105,31,383
064274613,265,87,26,378
064274701,168,70,18,256
064274702,38,19,14,71
064274703,19,12,10,41
064274704,154,39,11,204
064274705,147,42,21,210
064274706,24,16,14,54
064274707,12,7,14,33
064274708,8,7,10,25
064274709,184,45,12,241
064274710,161,80,28,269
064274711,150,60,21,231
064274712,33,31,29,93
064274801,50,29,70,149
064274802,343,101,73,517
064274803,271,90,42,403
064274804,292,32,19,343
064274805,204,68,9,281
064274806,253,124,147,524
064274807,253,91,31,375
064274808,201,130,61,392
064274809,242,114,42,398
064274810,132,121,116,369
064274811,151,130,134,415
064274812,280,149,49,478
064274813,209,109,43,361
064274814,230,169,49,448
064274901,289,127,58,474
064274902,179,73,36,288
064274903,165,80,31,276
064274904,164,107,34,305
064274905,163,119,36,318
064274906,75,155,264,494
064274907,55,111,176,342
064274908,71,131,142,344
064274909,111,147,191,449
064274910,56,123,129,308
064274911,11,69,134,214
064274912,62,103,85,250
064275001,338,41,3,382
064275002,210,81,12,303
064275003,273,57,5,335
064275004,277,84,8,369
064275005,300,44,3,347
064275006,313,117,8,438
064275007,262,90,13,365
064275008,177,77,26,280
064275009,198,61,12,271
064275010,253,40,20,313
064275011,243,66,18,327
064275012,402,62,5,469
064275013,205,29,0,234
064275101,242,48,3,293
064275102,251,40,29,320
064275103,249,27,6,282
064275104,220,35,31,286
064275105,232,28,10,270
064275106,119,41,26,186
064275107,129,84,58,271
064275108,264,140,87,491
064275109,237,79,65,381
064275110,291,61,9,361
064275111,298,52,19,369
064275112,280,47,25,352
064275113,326,29,21,376
064275114,337,128,13,478
064275115,7,16,54,77
064275201,177,149,75,401
064275202,278,132,27,437
064275203,147,98,34,279
064275204,153,179,48,380
064275205,43,93,232,368
064275206,66,126,117,309
064275207,53,118,137,308
064275208,23,78,199,300
064275209,57,110,174,341
064275210,34,86,112,232
064275211,56,76,94,226
064275212,51,87,103,241
064275213,60,95,187,342
064275301,154,201,64,419
064275302,33,62,113,208
064275303,67,103,26,196
064275304,81,141,186,408
064275305,108,158,182,448
064275306,224,214,52,490
064275307,167,189,30,386
064275308,162,195,43,400
064275309,54,122,10,186
064275310,184,230,23,437
064275401,207,104,52,363
064275402,210,152,82,444
064275403,120,88,29,237
064275404,118,85,21,224
064275405,126,99,44,269
064275406,139,100,27,266
064275407,222,87,37,346
064275408,197,114,56,367
064275409,209,146,62,417
064275410,209,220,312,741
064275411,80,99,93,272
064275412,261,129,34,424
064275501,132,61,9,202
064275502,174,65,7,246
064275503,147,58,4,209
064275504,169,37,7,213
064275505,236,72,36,344
064275506,248,90,9,347
064275507,188,51,11,250
064275508,201,95,31,327
064275509,139,104,26,269
064275510,158,114,34,306
064275511,208,104,30,342
064275512,224,130,38,392
064275513,260,64,19,343
064275601,160,97,21,278
064275602,297,116,41,454
064275603,172,100,27,299
064275604,140,59,23,222
064275605,140,68,13,221
064275606,283,126,42,451
064275607,156,42,3,201
064275608,284,76,12,372
064275609,170,75,11,256
064275610,283,108,14,405
064275611,263,79,11,353
064275612,278,122,17,417
064275613,152,99,20,271
064275701,179,99,62,340
064275702,113,100,65,278
064275703,115,69,50,234
064275704,180,72,13,265
064275705,146,63,28,237
064275706,172,136,49,357
064275707,221,126,51,398
064275708,135,56,42,233
064275709,108,53,22,183
064275710,118,73,44,235
064275711,94,58,29,181
064275712,189,136,65,390
064275713,172,100,73,345
064275714,49,76,65,190
064275715,99,57,33,189
064275801,237,125,38,400
064275802,179,126,59,364
064275803,170,117,71,358
064275804,132,114,62,308
064275805,85,71,33,189
064275806,106,48,46,200
064275807,116,113,67,296
064275808,199,135,62,396
064275809,62,10,18,90
064275810,161,71,56,288
064275811,99,56,34,189
064275812,118,72,35,225
064275813,93,52,34,179
064275814,98,67,30,195
064275815,22,13,41,76
064275901,190,117,83,390
064275902,77,34,11,122
064275903,204,136,56,396
064275904,95,65,48,208
064275905,177,125,94,396
064275906,89,76,56,221
064275907,90,47,43,180
064275908,146,61,86,293
064275909,139,48,65,252
064275910,137,107,93,337
064275911,149,97,71,317
064275912,130,76,45,251
064275913,133,81,69,283
064276001,206,91,82,379
064276002,159,93,48,300
064276003,152,76,33,261
064276004,164,77,41,282
064276005,273,101,47,421
064276006,218,107,117,442
064276007,169,142,77,388
064276008,205,169,111,485
064276009,138,113,120,371
064276010,147,109,64,320
064276011,166,101,89,356
064276012,92,67,46,205
064276013,129,65,68,262
064276014,132,40,30,202
064276015,102,58,41,201
064276016,272,91,73,436
064276017,162,77,34,273
064276018,147,56,44,247
064276101,313,111,54,478
064276102,187,95,37,319
064276103,226,65,27,318
064276104,272,147,29,448
064276105,199,110,169,478
064276106,82,71,124,277
064276107,95,60,68,223
064276108,134,109,106,349
064276109,149,86,142,377
064276110,168,118,89,375
064276111,128,75,64,267
064276112,93,51,42,186
064276113,133,81,64,278
064276114,167,116,89,372
064276201,156,51,32,239
064276202,163,96,62,321
064276203,157,78,27,262
064276204,176,65,59,300
064276205,232,161,105,498
064276206,173,87,27,287
064276207,140,56,58,254
064276208,145,48,32,225
064276209,159,55,24,238
064276210,286,99,22,407
064276211,64,27,37,128
064276212,135,112,37,284
064276213,143,70,54,267
064276214,107,58,26,191
064276215,139,73,24,236
064276216,179,89,38,306
064276301,239,123,62,424
064276302,26,12,23,61
064276303,156,57,36,249
064276304,116,95,46,257
064276305,109,77,56,242
064276306,186,110,62,358
064276307,177,65,41,283
064276308,244,99,61,404
064276309,204,137,78,419
064276310,258,143,92,493
064276311,71,139,131,341
064276312,107,104,95,306
064276401,100,58,41,199
064276402,69,52,32,153
064276403,80,70,86,236
064276404,77,57,64,198
064276405,95,91,40,226
064276406,124,63,39,226
064276407,138,106,134,378
064276408,101,57,33,191
064276409,175,114,78,367
064276410,159,131,79,369
064276411,140,49,40,229
064276412,139,91,42,272
064276413,73,38,70,181
064276414,113,60,54,227
064276415,74,50,71,195
064276416,49,35,28,112
064276417,186,71,18,275
064276501,82,114,187,383
064276502,114,117,99,330
064276503,134,90,59,283
064276504,85,87,210,382
064276505,52,69,78,199
064276506,32,35,65,132
064276507,88,108,140,336
064276508,77,72,41,190
064276509,76,62,42,180
064276510,47,60,108,215
064276511,175,93,150,418
064276512,92,71,68,231
064276513,94,75,74,243
064276514,92,82,68,242
064276515,146,85,71,302
064276516,181,131,120,432
064276517,172,116,186,474
064276601,94,80,70,244
064276602,121,75,86,282
064276603,196,97,118,411
064276604,179,82,94,355
064276605,158,110,107,375
064276606,158,78,58,294
064276607,150,81,45,276
064276608,154,54,57,265
064276609,116,70,69,255
064276610,161,60,78,299
064276611,110,76,95,281
064276701,53,80,160,293
064276702,28,47,176,251
064276703,37,28,185,250
064276704,108,155,355,618
064276705,23,51,177,251
064276706,90,78,142,310
064276707,82,56,124,262
064276708,99,68,78,245
064276709,108,57,52,217
064276710,104,63,39,206
064276711,97,67,55,219
064276712,141,90,62,293
064276713,51,74,127,252
064276714,8,53,170,231
064276715,32,50,123,205
064276716,53,73,76,202
064276717,56,66,170,292
064276718,132,122,73,327
064276801,120,71,64,255
064276802,178,115,43,336
064276803,116,63,19,198
064276804,132,75,27,234
064276805,207,41,13,261
064276806,219,78,28,325
064276807,140,48,45,233
064276808,177,50,32,259
064276809,178,91,31,300
064276810,157,61,35,253
064276901,104,61,45,210
064276902,174,81,55,310
064276903,157,71,44,272
064276904,166,83,70,319
064276905,226,87,69,382
064276906,109,36,60,205
064276907,133,121,69,323
064276908,155,80,37,272
064276909,261,126,49,436
064276910,142,41,7,190
064276911,170,39,17,226
064276912,137,76,33,246
064276913,216,114,84,414
064276914,103,87,115,305
064276915,151,82,123,356
064276916,115,59,97,271
064276917,125,103,55,283
064277001,92,42,42,176
064277002,187,65,29,281
064277003,144,80,35,259
064277004,211,138,58,407
064277005,165,87,86,338
064277006,143,54,34,231
064277007,106,60,36,202
064277008,137,64,46,247
064277009,59,47,49,155
064277010,134,66,46,246
064277011,124,88,56,268
064277012,143,89,80,312
064277013,131,50,41,222
064277014,178,86,38,302
064277015,93,67,55,215
064277016,105,59,35,199
064277017,97,52,37,186
064277018,96,43,38,177
064277101,157,123,74,354
064277102,176,137,62,375
064277103,92,91,30,213
064277104,77,70,28,175
064277105,77,60,43,180
064277106,146,72,37,255
064277107,163,156,74,393
064277108,93,65,48,206
064277109,95,76,48,219
064277110,88,43,53,184
064277111,125,86,73,284
064277112,159,151,123,433
064277113,79,96,107,282
064277114,116,108,97,321
064277115,147,100,65,312
064277116,133,124,118,375
064277201,157,64,41,262
064277202,107,72,84,263
064277203,109,65,41,215
064277204,125,92,45,262
064277205,124,112,68,304
064277206,143,49,38,230
064277207,100,95,65,260
064277208,75,85,65,225
064277209,83,101,100,284
064277210,104,87,79,270
064277211,173,141,143,457
064277212,93,101,127,321
064277301,133,123,114,370
064277302,138,144,138,420
064277303,125,89,77,291
064277304,77,76,91,244
064277305,132,104,54,290
064277306,191,97,69,357
064277307,108,84,67,259
064277308,173,134,130,437
064277309,150,109,103,362
064277310,83,154,187,424
064277311,54,82,52,188
064277312,55,87,98,240
064277313,75,126,142,343
064277314,45,73,114,232
064277315,50,91,121,262
064277316,15,58,208,281
064277401,135,119,102,356
064277402,183,154,115,452
064277403,106,78,118,302
064277404,61,63,62,186
064277405,116,116,57,289
064277406,190,122,117,429
064277407,153,92,118,363
064277408,119,75,90,284
064277409,98,64,79,241
064277410,76,80,117,273
064277411,105,106,192,403
064277412,120,153,138,411
064277413,118,63,77,258
064277414,90,131,149,370
064277415,65,67,97,229
064277416,45,79,117,241
064277417,92,101,104,297
064277418,130,224,355,709
064277501,41,99,118,258
064277502,44,161,118,323
064277503,58,107,127,292
064277504,55,93,158,306
064277505,56,129,263,448
064277506,26,59,128,213
064277507,36,114,205,355
064277508,62,96,154,312
064277509,47,88,108,243
064277510,75,125,169,369
064277511,48,132,194,374
064277512,59,100,138,297
064277513,51,60,158,269
064277514,67,67,130,264
064277515,60,108,157,325
064277516,75,119,154,348
064277601,61,133,206,400
064277602,56,68,90,214
064277603,109,138,213,460
064277604,110,142,176,428
064277605,146,141,105,392
064277606,208,131,52,391
064277607,156,150,113,419
064277608,130,137,78,345
064277609,107,138,125,370
064277610,113,148,107,368
064277611,126,148,164,438
064277612,143,148,163,454
064277613,55,108,57,220
064277614,107,55,69,231
064277615,121,125,119,365
064277616,145,113,114,372
064277617,80,90,80,250
064277618,78,88,84,250
064277701,134,103,97,334
064277702,180,110,113,403
064277703,180,90,93,363
064277704,273,106,72,451
064277705,83,73,88,244
064277706,136,100,142,378
064277707,126,78,77,281
064277708,124,74,40,238
064277709,122,68,36,226
064277710,153,119,105,377
064277711,150,87,66,303
064277712,183,131,100,414
064277713,118,93,73,284
064277714,84,79,88,251
064277715,86,64,80,230
064277716,133,81,52,266
064277801,54,42,70,166
064277802,148,157,109,414
064277803,127,61,104,292
064277804,105,78,90,273
064277805,140,109,153,402
064277806,94,67,80,241
064277807,118,109,157,384
064277808,71,59,97,227
064277809,92,81,130,303
064277810,54,69,153,276
064277811,71,76,115,262
064277812,104,131,133,368
064277813,126,118,111,355
064277901,142,83,78,303
064277902,110,66,78,254
064277903,95,88,72,255
064277904,118,102,85,305
064277905,181,132,121,434
064277906,140,84,63,287
064277907,75,51,74,200
064277908,91,65,67,223
064277909,143,59,78,280
064277910,134,95,104,333
064277911,118,138,196,452
064278001,74,81,109,264
064278002,133,125,169,427
064278003,62,92,257,411
064278004,73,70,113,256
064278005,72,71,112,255
064278006,68,87,257,412
064278007,88,69,127,284
064278008,113,77,178,368
064278009,69,51,126,246
064278010,29,54,119,202
064278011,48,38,117,203
064278012,27,38,158,223
064278013,29,49,124,202
064278014,33,48,132,213
064278015,28,52,112,192
064278016,38,71,139,248
064278101,118,77,141,336
064278102,83,60,96,239
064278103,75,93,134,302
064278104,47,60,119,226
064278105,11,29,119,159
064278106,9,9,93,111
064278107,3,18,82,103
064278108,0,4,16,20
064278109,3,13,49,65
064278110,1,6,81,88
064278111,12,49,188,249
064278112,18,12,34,64
064278201,88,107,161,356
064278202,78,92,97,267
064278203,104,106,121,331
064278204,117,79,82,278
064278205,47,67,125,239
064278206,13,17,24,54
064278207,93,97,223,413
064278208,67,98,158,323
064278209,62,67,247,376
064278210,123,92,62,277
064278211,115,63,53,231
064278212,105,77,57,239
064278213,159,99,58,316
064278301,138,106,123,367
064278302,98,104,128,330
064278303,96,103,131,330
064278304,161,83,72,316
064278305,42,63,86,191
064278306,54,106,169,329
064278307,41,86,145,272
064278308,42,83,174,299
064278309,61,91,128,280
064278310,99,110,107,316
064278311,123,120,61,304
064278312,75,119,104,298
064278313,149,113,127,389
064278314,152,81,93,326
064278401,189,29,23,241
064278402,114,30,112,256
064278403,38,68,139,245
064278404,83,109,174,366
064278405,133,138,174,445
064278406,89,92,131,312
064278407,50,115,192,357
064278408,69,102,204,375
064278409,99,143,234,476
064278410,30,90,179,299
064278411,58,147,224,429
064278412,44,78,235,357
064278413,20,99,288,407
064278414,13,67,157,237
064278415,58,158,291,507
064278416,69,119,197,385
064278417,104,129,181,414
064278501,100,124,253,477
064278502,80,139,255,474
064278503,91,119,141,351
064278504,106,87,98,291
064278505,125,89,43,257
064278506,197,94,77,368
064278507,112,80,123,315
064278508,160,39,13,212
064278509,248,111,78,437
064278510,136,79,39,254
064278511,193,73,74,340
064278512,101,89,125,315
064278513,171,131,97,399
064278601,246,105,38,389
064278602,164,79,49,292
064278603,199,103,46,348
064278604,138,77,80,295
064278605,140,66,67,273
064278606,127,87,65,279
064278607,188,91,61,340
064278608,116,83,51,250
064278609,125,74,75,274
064278610,119,83,80,282
064278611,121,84,52,257
064278612,106,88,92,286
064278613,114,127,91,332
064278614,133,99,93,325
064278701,104,94,100,298
064278702,104,67,98,269
064278703,118,85,55,258
064278704,144,78,121,343
064278705,247,117,59,423
064278706,100,106,63,269
064278707,98,102,82,282
064278708,133,140,191,464
064278709,75,58,93,226
064278710,130,77,85,292
064278711,10,12,20,42
064278712,74,69,90,233
064278713,163,102,44,309
064278714,157,58,54,269
064278715,97,62,60,219
064278801,146,105,64,315
064278802,221,156,126,503
064278803,146,118,154,418
064278804,106,96,127,329
064278805,117,82,167,366
064278806,110,81,66,257
064278807,112,95,89,296
064278808,170,128,84,382
064278809,183,131,61,375
064278810,166,98,68,332
064278811,102,54,31,187
064278812,176,88,29,293
064278813,180,127,56,363
064278901,46,73,245,364
064278902,67,69,149,285
064278903,99,105,261,465
064278904,130,136,232,498
064278905,149,124,212,485
064278906,107,101,176,384
064278907,51,96,338,485
064278908,71,128,225,424
064278909,43,88,92,223
064278910,78,96,101,275
064278911,161,133,187,481
064278912,113,112,229,454
064278913,102,148,250,500
064278914,62,135,287,484
064279001,266,106,50,422
064279002,152,145,133,430
064279003,111,33,43,187
064279004,76,77,107,260
064279005,49,87,124,260
064279006,103,128,78,309
064279007,187,81,25,293
064279008,147,97,105,349
064279009,144,138,276,558
064279010,201,175,187,563
064279011,99,81,72,252
064279012,68,41,62,171
064279013,83,72,81,236
064279014,75,86,133,294
064279101,73,88,127,288
064279102,35,42,59,136
064279103,91,76,153,320
064279104,131,86,96,313
064279105,109,59,77,245
064279106,127,88,79,294
064279107,130,77,81,288
064279108,54,89,162,305
064279109,19,63,183,265
064279110,55,43,74,172
064279111,80,63,49,192
064279112,80,66,223,369
064279113,50,23,38,111
064279114,34,16,26,76
064279115,53,24,25,102
064279116,45,28,13,86
064279201,27,81,251,359
064279202,86,91,174,351
064279203,46,56,103,205
064279204,88,107,190,385
064279205,71,93,208,372
064279206,57,144,266,467
064279207,41,136,323,500
064279208,31,83,360,474
064279209,111,48,231,390
064279210,122,85,184,391
064279211,267,53,48,368
064279212,107,108,138,353
064279213,96,104,121,321
064279214,106,125,159,390
064279215,66,70,87,223
064279216,101,81,122,304
064279217,35,63,115,213
064279218,47,65,90,202
064279219,55,88,228,371
064279301,33,114,169,316
064279302,26,76,246,348
064279303,18,54,219,291
064279304,33,85,225,343
064279305,12,41,245,298
064279306,121,119,238,478
064279307,81,103,223,407
064279308,166,101,149,416
064279309,158,126,136,420
064279310,188,144,97,429
064279311,98,165,202,465
064279312,122,112,145,379
064279313,98,110,203,411
064279314,203,100,113,416
064279315,41,51,351,443
064279401,98,119,141,358
064279402,136,127,120,383
064279403,127,121,177,425
064279404,120,136,184,440
064279405,87,142,236,465
064279406,78,124,297,499
064279407,45,53,148,246
064279408,28,56,201,285
064279409,112,120,158,390
064279410,115,83,146,344
064279411,114,135,137,386
064279412,132,118,133,383
064279413,81,131,149,361
064279501,87,58,142,287
064279502,81,102,190,373
064279503,79,110,242,431
064279504,65,134,314,513
064279505,36,104,278,418
064279506,54,102,225,381
064279507,89,214,405,708
064279508,70,121,179,370
064279509,84,106,132,322
064279510,131,123,144,398
064279511,114,104,155,373
064279512,120,137,241,498
064279513,80,122,143,345
064279514,81,98,163,342
064279601,54,105,218,377
064279602,24,58,259,341
064279603,29,53,240,322
064279604,31,95,203,329
064279605,55,68,95,218
064279606,161,142,118,421
064279607,33,71,168,272
064279608,151,134,104,389
064279609,178,169,131,478
064279610,72,132,240,444
064279611,61,100,128,289
064279612,27,65,241,333
064279613,1,5,30,36
064279614,45,57,247,349
064279615,56,57,130,243
064279616,56,32,31,119
064279701,38,65,166,269
064279702,132,132,120,384
064279703,76,92,191,359
064279704,98,81,211,390
064279705,31,64,104,199
064279706,145,118,186,449
064279707,62,90,195,347
064279708,77,121,145,343
064279709,103,79,82,264
064279710,69,51,97,217
064279711,46,22,29,97
064279712,19,16,77,112
064279713,72,85,83,240
064279714,142,105,114,361
064279715,89,51,67,207
064279716,31,28,60,119
064279717,36,61,150,247
064279718,27,41,102,170
064279719,74,75,65,214
064279720,34,71,232,337
064279721,12,40,251,303
064279722,15,37,142,194
064279723,58,85,115,258
064279724,89,71,85,245
064340101,107,121,169,397
064340102,182,78,5,265
064340103,203,54,3,260
064340104,210,46,3,259
064340105,242,80,9,331
064340106,229,109,30,368
064340107,135,65,16,216
064340108,185,41,12,238
064340109,198,43,8,249
064340110,252,46,3,301
064340111,221,50,2,273
064340201,210,17,6,233
064340202,38,13,2,53
064340203,198,78,2,278
064340204,159,44,10,213
064340205,226,59,7,292
064340206,201,83,4,288
064340207,50,8,1,59
064340208,116,75,2,193
064340209,46,5,1,52
064340210,133,50,11,194
064340211,293,53,1,347
064340212,252,41,4,297
064340301,257,66,9,332
064340302,226,52,3,281
064340303,400,80,2,482
064340304,196,48,1,245
064340305,246,71,3,320
064340306,215,26,1,242
064340307,226,75,4,305
064340308,333,98,10,441
064340309,415,58,14,487
064340310,244,62,3,309
064340401,300,56,3,359
064340402,210,51,5,266
064340403,267,23,1,291
064340404,167,38,1,206
064340405,207,26,7,240
064340406,279,63,8,350
064340407,189,20,0,209
064340408,129,14,0,143
064340409,147,23,9,179
064340410,298,54,2,354
064340501,333,67,5,405
064340502,297,63,8,368
064340503,240,29,1,270
064340504,212,64,15,291
064340505,257,46,8,311
064340506,173,49,2,224
064340507,243,89,11,343
064340508,224,49,25,298
064340601,259,65,4,328
064340602,164,72,12,248
064340603,207,83,9,299
064340604,223,65,8,296
064340605,207,60,4,271
064340606,320,43,15,378
064340607,260,53,4,317
064340608,239,92,13,344
064340609,129,92,91,312
064340701,48,86,83,217
064340702,171,37,5,213
064340703,184,75,9,268
064340704,157,50,7,214
064340705,67,99,102,268
064340706,113,22,10,145
064340707,775,148,86,1009
064340708,82,55,11,148
064340709,129,17,3,149
064340710,160,44,8,212
064340711,85,47,18,150
064340801,140,53,7,200
064340802,284,94,18,396
064340803,136,62,12,210
064340804,174,85,27,286
064340805,187,81,15,283
064340806,196,137,115,448
064340807,41,64,98,203
064340808,16,30,36,82
064340809,21,71,134,226
064340810,28,114,181,323
064340811,74,86,100,260
064340812,103,139,168,410
064340813,119,73,81,273
064340814,152,38,33,223
064340815,149,146,85,380
064340816,242,96,47,385
064340901,57,92,92,241
064340902,78,97,90,265
064340903,87,103,107,297
064340904,48,64,79,191
064340905,54,65,27,146
064340906,72,99,86,257
064340907,108,96,30,234
064340908,93,87,52,232
064340909,107,56,28,191
064340910,122,65,24,211
064340911,99,51,21,171
064340912,128,59,22,209
064340913,71,80,70,221
064340914,118,110,101,329
064340915,178,90,25,293
064340916,85,69,33,187
064340917,74,68,42,184
064340918,123,74,35,232
064341001,145,74,35,254
064341002,127,27,11,165
064341003,169,21,6,196
064341004,111,47,32,190
064341005,149,45,14,208
064341006,198,80,25,303
064341007,212,98,15,325
064341008,255,88,18,361
064341009,238,78,23,339
064341010,191,64,40,295
064341011,251,72,3,326
064341012,194,54,9,257
064341101,212,67,15,294
064341102,261,82,25,368
064341103,179,51,15,245
064341104,188,59,20,267
064341105,163,49,30,242
064341106,75,75,39,189
064341107,109,63,25,197
064341108,117,69,12,198
064341109,164,59,24,247
064341110,120,58,9,187
064341111,152,96,37,285
064341112,262,94,18,374
064341113,235,100,18,353
064341114,129,61,21,211
064341201,229,82,15,326
064341202,273,68,25,366
064341203,266,46,11,323
064341204,266,67,10,343
064341205,257,51,4,312
064341206,263,55,19,337
064341207,234,88,24,346
064341208,212,77,7,296
064341301,259,69,0,328
064341302,165,43,9,217
064341303,242,26,5,273
064341304,153,29,2,184
064341305,253,75,11,339
064341306,213,57,6,276
064341307,239,45,5,289
064341308,284,53,4,341
064341309,282,50,7,339
064341310,224,75,13,312
064341311,252,106,33,391
064341312,205,62,29,296
064341401,219,45,0,264
064341402,194,21,0,215
064341403,206,22,1,229
064341404,227,50,5,282
064341405,208,35,3,246
064341406,226,58,18,302
064341407,249,49,2,300
064341408,257,57,12,326
064341501,165,12,3,180
064341502,254,37,5,296
064341503,164,12,1,177
064341504,185,27,1,213
064341505,192,24,0,216
064341506,185,12,0,197
064341507,230,13,0,243
064341508,222,4,0,226
064341509,160,23,2,185
064341510,172,5,0,177
064341511,164,9,0,173
064341512,140,7,0,147
064341513,290,35,2,327
064341514,199,42,0,241
064341515,245,51,0,296
064341601,255,40,8,303
064341602,243,20,4,267
064341603,264,34,1,299
064341604,215,6,3,224
064341605,188,5,1,194
064341606,169,10,0,179
064341607,218,20,1,239
064341608,173,14,0,187
064341609,299,32,2,333
064341610,318,38,3,359
064341611,281,30,3,314
064341612,374,38,1,413
064341613,334,29,0,363
064341701,218,42,2,262
064341702,239,69,10,318
064341703,267,51,4,322
064341704,268,21,3,292
064341705,255,31,8,294
064341706,156,28,2,186
064341707,118,39,1,158
064341708,209,43,2,254
064341709,221,23,2,246
064341710,115,11,4,130
064341711,230,25,1,256
064341801,285,53,8,346
064341802,178,44,3,225
064341803,315,52,1,368
064341804,169,39,2,210
064341805,276,38,0,314
064341806,345,31,4,380
064341807,169,14,0,183
064341808,235,20,0,255
064341809,165,12,1,178
064341810,160,3,2,165
064341811,187,5,2,194
064341812,184,12,1,197
064341813,267,28,6,301
064341814,111,2,0,113
064341901,246,47,8,301
064341902,295,49,4,348
064341903,279,62,6,347
064341904,254,42,8,304
064341905,287,54,8,349
064341906,233,56,14,303
064341907,248,49,2,299
064341908,188,40,2,230
064341909,224,48,5,277
064342001,185,59,3,247
064342002,263,51,6,320
064342003,294,41,12,347
064342004,176,22,2,200
064342005,276,37,5,318
064342006,322,56,11,389
064342007,176,35,5,216
064342008,219,108,3,330
064342009,222,54,1,277
064342010,205,60,5,270
064342101,267,59,2,328
064342102,210,33,2,245
064342103,183,78,0,261
064342104,144,37,5,186
064342105,188,52,3,243
064342106,135,33,8,176
064342107,152,29,4,185
064342108,168,67,10,245
064342109,161,26,22,209
064342110,141,40,9,190
064342111,173,20,9,202
064342112,231,39,9,279
064342113,241,74,16,331
064342201,73,117,70,260
064342202,29,105,76,210
064342203,118,61,9,188
064342204,206,79,6,291
064342205,148,32,5,185
064342206,124,62,2,188
064342207,118,80,5,203
064342208,134,50,27,211
064342209,54,103,125,282
064342210,330,92,7,429
064342211,227,55,11,293
064342212,162,70,24,256
064342213,281,75,3,359
064342214,188,60,7,255
064342301,127,106,76,309
064342302,82,90,82,254
064342303,108,96,125,329
064342304,126,110,50,286
064342305,124,107,121,352
064342306,121,96,159,376
064342307,77,37,36,150
064342308,79,106,144,329
064342309,58,71,110,239
064342310,81,70,85,236
064342311,75,109,179,363
064342312,54,67,73,194
064342313,3,2,4,9
064342314,39,54,118,211
064342315,57,68,91,216
064342401,132,42,13,187
064342402,144,43,3,190
064342403,139,60,7,206
064342404,124,82,11,217
064342405,193,48,7,248
064342406,189,36,9,234
064342407,166,43,12,221
064342408,212,95,48,355
064342409,208,51,7,266
064342410,196,27,5,228
064342501,226,133,20,379
064342502,128,71,8,207
064342503,113,47,1,161
064342504,128,45,8,181
064342505,144,60,11,215
064342506,84,60,51,195
064342507,84,71,70,225
064342508,212,69,17,298
064342509,129,59,5,193
064342510,144,61,15,220
064342511,161,68,14,243
064342512,125,75,3,203
064342513,147,87,20,254
064342514,184,35,6,225
064342515,123,59,7,189
064342516,208,83,23,314
064342517,124,80,30,234
064342518,106,67,12,185
064342601,15,70,225,310
064342602,12,34,134,180
064342603,8,22,302,332
064342604,57,82,175,314
064342605,29,12,26,67
064342606,27,34,49,110
064342607,50,38,54,142
064342608,59,78,67,204
064342609,39,49,61,149
064342610,68,103,135,306
064342611,79,45,50,174
064342612,50,44,45,139
064342613,113,86,79,278
064342614,88,94,84,266
064342615,88,27,21,136
064342616,102,93,36,231
064342617,86,60,37,183
064342618,116,103,39,258
064342619,85,107,87,279
064342701,188,70,12,270
064342702,230,42,9,281
064342703,300,112,11,423
064342704,104,79,32,215
064342705,139,23,1,163
064342706,196,74,29,299
064342707,181,48,18,247
064342708,171,55,6,232
064342709,254,65,22,341
064342710,198,136,44,378
064342801,191,82,19,292
064342802,216,80,34,330
064342803,229,82,51,362
064342804,161,87,28,276
064342805,184,63,15,262
064342806,196,79,19,294
064342807,159,76,23,258
064342808,284,130,18,432
064342809,267,69,10,346
064342810,228,119,18,365
064342811,167,30,4,201
064342812,176,52,2,230
064342813,154,59,6,219
064342814,153,85,38,276
064342901,228,72,10,310
064342902,281,89,7,377
064342903,222,57,15,294
064342904,230,55,5,290
064342905,228,35,4,267
064342906,207,63,15,285
064342907,235,78,7,320
064342908,171,32,8,211
064342909,244,70,16,330
064342910,130,43,9,182
064342911,129,52,4,185
064343001,187,32,7,226
064343002,176,43,3,222
064343003,233,44,6,283
064343004,250,54,7,311
064343005,245,57,5,307
064343006,260,33,1,294
064343007,298,44,1,343
064343008,201,26,0,227
064343009,241,52,9,302
064343101,286,52,3,341
064343102,175,17,6,198
064343103,244,19,3,266
064343104,175,37,3,215
064343105,328,38,0,366
064343106,251,35,1,287
064343107,135,30,1,166
064343108,164,17,2,183
064343109,198,17,1,216
064343110,166,5,1,172
064343111,173,15,0,188
064343112,230,5,0,235
064343113,287,9,1,297
064343114,256,14,0,270
064343115,130,8,1,139
064343201,268,66,0,334
064343202,291,21,1,313
064343203,189,25,0,214
064343204,145,5,0,150
064343205,161,11,0,172
064343206,153,7,1,161
064343207,243,57,1,301
064343208,230,26,0,256
064343209,281,54,3,338
064343210,283,42,1,326
064343211,224,19,3,246
064343212,207,27,0,234
064343213,263,24,4,291
064343301,209,57,9,275
064343302,275,68,8,351
064343303,247,80,4,331
064343304,186,44,4,234
064343305,262,56,2,320
064343306,249,56,7,312
064343307,265,48,6,319
064343308,172,36,6,214
064343401,251,71,1,323
064343402,285,65,14,364
064343403,187,60,13,260
064343404,182,38,5,225
064343405,181,35,8,224
064343406,172,65,15,252
064343407,206,44,22,272
064343408,137,64,22,223
064343409,145,44,8,197
064343410,225,68,34,327
064343411,216,71,52,339
064343412,255,116,43,414
064343413,221,81,14,316
064343414,79,93,89,261
064343501,264,64,12,340
064343502,177,18,2,197
064343503,147,22,1,170
064343504,213,112,70,395
064343505,83,30,7,120
064343506,236,43,5,284
064343507,184,51,20,255
064343508,73,84,75,232
064343509,164,71,29,264
064343510,79,76,100,255
064343511,101,91,82,274
064343512,20,23,47,90
064343513,143,70,25,238
064343601,252,92,12,356
064343602,301,68,9,378
064343603,259,43,6,308
064343604,288,26,2,316
064343605,231,35,4,270
064343606,251,67,10,328
064343607,207,28,10,245
064343608,156,44,12,212
064343701,182,26,5,213
064343702,223,38,1,262
064343703,205,22,4,231
064343704,249,26,11,286
064343705,272,37,6,315
064343706,252,44,5,301
064343707,249,36,2,287
064343708,203,26,3,232
064343801,126,37,1,164
064343802,252,40,7,299
064343803,283,35,10,328
064343804,322,7,0,329
064343805,245,17,0,262
064343806,270,38,5,313
064343807,196,19,1,216
064343808,292,27,0,319
064343809,209,33,5,247
064343901,246,24,0,270
064343902,200,21,0,221
064343903,207,48,4,259
064343904,161,41,3,205
064343905,258,43,0,301
064343906,249,28,1,278
064343907,229,26,3,258
064343908,126,37,1,164
064343909,75,76,55,206
064344001,261,55,3,319
064344002,283,57,10,350
064344003,155,23,3,181
064344004,116,22,0,138
064344005,166,24,0,190
064344006,165,33,8,206
064344007,176,39,5,220
064344008,348,13,5,366
064344101,228,18,2,248
064344102,212,37,8,257
064344103,328,46,0,374
064344104,195,79,35,309
064344105,263,28,5,296
064344106,162,74,38,274
064344107,139,29,9,177
064344108,270,33,9,312
064344201,154,88,44,286
064344202,158,80,27,265
064344203,143,40,8,191
064344204,196,50,15,261
064344205,115,82,5,202
064344206,187,54,21,262
064344207,155,50,3,208
064344208,198,49,8,255
064344301,295,53,7,355
064344302,196,58,7,261
064344303,284,71,3,358
064344304,242,54,0,296
064344305,172,41,8,221
064344306,223,38,4,265
064344307,210,35,4,249
064344308,176,43,4,223
064344401,105,38,9,152
064344402,173,49,14,236
064344403,163,64,18,245
064344404,136,33,2,171
064344405,173,58,24,255
064344406,64,187,192,443
064344407,313,87,6,406
064344408,183,33,6,222
064344409,166,28,5,199
064344410,222,38,13,273
064344411,185,54,10,249
064344412,316,37,3,356
064344501,220,90,14,324
064344502,226,130,88,444
064344503,79,94,69,242
064344504,140,74,32,246
064344505,212,86,44,342
064344506,69,88,63,220
064344507,132,93,71,296
064344508,113,103,67,283
064344509,143,64,32,239
064344510,131,66,27,224
064344511,263,59,22,344
064344512,290,130,40,460
064900101,58,58,66,182
064900102,75,128,99,302
064900103,50,62,82,194
064900104,60,80,83,223
064900105,65,80,101,246
064900106,51,78,87,216
064900107,58,84,81,223
064900108,52,43,73,168
064900109,47,59,54,160
064900110,41,66,57,164
064900111,61,65,73,199
064900112,64,70,94,228
064900113,42,46,53,141
064900114,46,40,64,150
064900201,133,116,119,368
064900202,126,92,115,333
064900203,73,83,91,247
064900204,54,77,118,249
064900205,166,88,98,352
064900206,121,99,83,303
064900207,133,89,157,379
064900208,110,142,185,437
064900209,184,131,98,413
064900210,133,113,88,334
064900301,152,100,42,294
064900302,140,111,59,310
064900303,100,75,32,207
064900304,29,38,48,115
064900305,30,47,83,160
064900306,128,131,73,332
064900307,122,59,38,219
064900308,112,60,25,197
064900309,163,80,69,312
064900310,31,93,342,466
064900311,42,50,38,130
064900312,92,72,77,241
064900313,157,100,56,313
064900401,168,91,45,304
064900402,107,103,68,278
064900403,18,64,172,254
064900404,27,58,137,222
064900405,62,87,154,303
064900406,130,75,63,268
064900407,30,97,248,375
064900408,43,61,125,229
064900409,29,32,133,194
064900410,62,70,104,236
064900411,132,127,54,313
064900412,57,66,30,153
064900413,97,80,40,217
064900414,193,172,67,432
064900501,100,75,61,236
064900502,131,114,65,310
064900503,102,84,45,231
064900504,91,63,39,193
064900505,126,73,27,226
064900506,110,69,30,209
064900507,157,67,18,242
064900508,192,122,42,356
064900509,117,62,44,223
064900510,166,88,60,314
064900511,122,89,48,259
064900512,200,125,103,428
064900513,101,60,28,189
064900514,147,106,63,316
064900515,161,101,75,337
064900516,201,152,85,438
064900601,184,47,19,250
064900602,287,57,10,354
064900603,188,53,3,244
064900604,245,78,15,338
064900605,136,43,19,198
064900606,149,51,8,208
064900607,173,132,11,316
064900608,217,112,31,360
064900609,125,50,6,181
064900610,131,37,53,221
064900611,255,6,6,267
064900612,321,13,0,334
064900613,288,61,0,349
064900614,269,80,3,352
064900615,289,15,0,304
064900701,135,34,29,198
064900702,150,48,20,218
064900703,193,80,26,299
064900704,148,71,33,252
064900705,255,69,18,342
064900706,242,61,18,321
064900707,135,78,56,269
064900708,117,36,33,186
064900709,120,36,9,165
064900710,154,60,56,270
064900711,92,57,30,179
064900712,195,64,21,280
064900713,180,33,5,218
064900714,140,80,16,236
064900715,123,60,39,222
064900801,192,30,7,229
064900802,204,24,2,230
064900803,355,33,2,390
064900804,168,4,0,172
064900805,153,2,0,155
064900806,211,7,0,218
064900807,189,1,1,191
064900808,336,12,1,349
064900809,305,44,10,359
064900901,264,57,5,326
064900902,221,34,14,269
064900903,152,30,8,190
064900904,107,33,4,144
064900905,315,51,5,371
064900906,285,40,5,330
064900907,223,22,1,246
064900908,225,28,2,255
064900909,201,10,0,211
064901001,179,23,19,221
064901002,315,42,8,365
064901003,273,22,1,296
064901004,306,41,1,348
064901005,324,26,1,351
064901006,190,15,0,205
064901007,187,18,0,205
064901008,272,4,0,276
064901009,183,39,14,236
064901010,271,37,5,313
064901011,318,43,3,364
064901012,284,23,0,307
064901013,290,26,1,317
064901014,218,10,0,228
064901015,247,7,0,254
064901101,154,18,1,173
064901102,256,20,0,276
064901103,246,25,1,272
064901104,277,27,0,304
064901105,316,22,4,342
064901106,166,2,0,168
064901107,155,9,0,164
064901108,163,4,2,169
064901109,197,10,1,208
064901110,191,22,0,213
064901111,160,22,2,184
064901112,217,12,0,229
064901113,259,31,0,290
064901114,275,28,0,303
064901115,196,17,4,217
064901116,334,18,2,354
064901117,316,14,0,330
064901118,237,9,1,247
064901201,208,46,13,267
064901202,299,28,7,334
064901203,290,39,1,330
064901204,138,28,7,173
064901205,171,17,0,188
064901206,314,31,1,346
064901207,289,35,1,325
064901208,228,52,0,280
064901209,265,28,4,297
064901210,260,52,4,316
064901301,310,52,6,368
064901302,250,83,0,333
064901303,221,67,13,301
064901304,145,48,8,201
064901305,145,51,14,210
064901306,169,90,65,324
064901307,149,63,0,212
064901308,169,103,1,273
064901309,223,82,21,326
064901310,240,106,21,367
064901311,192,110,25,327
064901312,164,88,28,280
064901313,174,72,23,269
064901314,148,138,57,343
064901315,267,129,16,412
064901401,155,72,27,254
064901402,205,102,30,337
064901403,122,37,16,175
064901404,142,61,37,240
064901405,166,60,14,240
064901406,127,35,7,169
064901407,161,48,57,266
064901408,93,56,58,207
064901409,138,70,17,225
064901410,171,70,22,263
064901411,139,102,25,266
064901412,105,60,68,233
064901501,152,61,29,242
064901502,161,77,39,277
064901503,95,53,31,179
064901504,107,61,22,190
064901505,111,56,25,192
064901506,49,19,5,73
064901507,97,41,18,156
064901508,86,44,25,155
064901509,62,29,6,97
064901510,136,78,38,252
064901511,139,71,31,241
064901601,243,115,49,407
064901602,142,42,5,189
064901603,193,95,28,316
064901604,93,44,7,144
064901605,115,97,50,262
064901606,78,69,56,203
064901607,173,84,9,266
064901608,195,72,19,286
064901609,226,87,10,323
064901701,160,105,86,351
064901702,69,97,124,290
064901703,31,50,112,193
064901704,163,102,54,319
064901705,267,68,40,375
064901706,193,111,36,340
064901707,231,84,32,347
064901708,183,129,47,359
064901709,156,51,55,262
064901801,267,102,5,374
064901802,252,53,6,311
064901803,285,47,6,338
064901804,297,42,5,344
064901805,142,62,7,211
064901806,138,45,7,190
064901807,211,61,28,300
064901808,244,66,3,313
064901809,265,55,20,340
064901810,180,62,22,264
064901811,215,83,35,333
064901812,295,87,20,402
064901813,300,110,22,432
064901814,228,111,46,385
064901815,250,117,31,398
064901816,153,64,31,248
064901901,295,32,6,333
064901902,223,49,6,278
064901903,217,17,5,239
064901904,195,16,1,212
064901905,239,32,1,272
064901906,211,33,11,255
064901907,266,84,7,357
064901908,182,51,5,238
064901909,144,23,1,168
064901910,269,40,10,319
064901911,170,45,6,221
064901912,133,59,7,199
064902001,247,52,1,300
064902002,224,40,0,264
064902003,278,44,8,330
064902004,175,31,3,209
064902005,242,27,7,276
064902006,240,42,7,289
064902007,293,63,3,359
064902008,192,44,6,242
064902009,167,37,3,207
064902101,355,26,2,383
064902102,276,45,1,322
064902103,328,12,0,340
064902104,205,27,0,232
064902105,309,19,3,331
064902106,274,23,0,297
064902107,291,20,1,312
064902108,148,6,0,154
064902109,192,16,2,210
064902110,306,25,2,333
064902201,244,15,4,263
064902202,199,21,2,222
064902203,236,13,4,253
064902204,188,12,1,201
064902205,218,4,0,222
064902206,261,6,0,267
064902207,144,29,0,173
064902208,89,13,0,102
064902209,178,19,0,197
064902210,350,14,0,364
064902211,228,6,3,237
064902212,46,0,0,46
064902301,251,21,1,273
064902302,222,9,5,236
064902303,234,44,2,280
064902304,201,30,3,234
064902305,246,17,1,264
064902306,266,26,3,295
064902307,219,11,1,231
064902308,99,12,1,112
064902309,235,6,3,244
064902310,133,8,0,141
064902311,191,3,0,194
064902312,201,7,0,208
064902313,166,6,1,173
064902401,228,28,3,259
064902402,325,14,5,344
064902403,164,28,0,192
064902404,358,14,1,373
064902405,257,19,4,280
064902406,237,18,2,257
064902407,198,11,0,209
064902408,155,10,0,165
064902409,155,4,0,159
064902410,238,2,1,241
064902411,175,21,1,197
064902501,263,46,7,316
064902502,244,44,1,289
064902503,232,31,3,266
064902504,199,46,2,247
064902505,228,18,1,247
064902506,244,25,1,270
064902507,237,35,1,273
064902508,270,45,16,331
064902601,267,40,3,310
064902602,225,31,2,258
064902603,281,36,5,322
064902604,137,13,5,155
064902605,185,24,23,232
064902606,297,23,2,322
064902607,300,42,2,344
064902608,177,48,6,231
064902609,135,17,3,155
064902610,331,29,7,367
064902611,212,63,1,276
064902612,215,27,3,245
064902613,264,29,5,298
064902701,223,48,8,279
064902702,293,90,14,397
064902703,259,47,3,309
064902704,222,33,2,257
064902705,286,70,26,382
064902706,259,35,5,299
064902707,249,57,0,306
064902708,216,50,9,275
064902709,241,22,7,270
064902710,330,97,13,440
064902711,295,98,22,415
064902712,253,99,48,400
064902713,110,36,11,157
064902801,182,59,9,250
064902802,152,36,5,193
064902803,273,76,12,361
064902804,315,81,24,420
064902805,257,38,5,300
064902806,360,41,9,410
064902807,177,48,2,227
064902808,156,33,5,194
064902809,136,49,1,186
064902810,258,88,40,386
064902811,219,63,8,290
064902901,201,86,46,333
064902902,247,134,46,427
064902903,139,69,41,249
064902904,171,119,53,343
064902905,112,94,89,295
064902906,55,89,136,280
064902907,216,116,66,398
064902908,275,119,75,469
064902909,268,107,26,401
064902910,159,133,34,326
064902911,259,116,30,405
064903001,134,54,49,237
064903002,218,124,153,495
064903003,137,68,43,248
064903004,161,70,40,271
064903005,298,98,53,449
064903006,160,67,11,238
064903007,190,91,15,296
064903008,220,61,21,302
064903009,237,55,5,297
064903010,301,36,14,351
064903101,68,72,65,205
064903102,100,105,41,246
064903103,145,124,120,389
064903104,122,97,130,349
064903105,86,78,143,307
064903106,65,88,195,348
064903107,108,104,111,323
064903108,97,111,109,317
064903109,123,79,67,269
064903110,160,65,24,249
064903201,128,142,124,394
064903202,142,107,75,324
064903203,78,120,116,314
064903204,71,107,82,260
064903205,61,47,74,182
064903206,88,110,149,347
064903207,82,90,97,269
064903208,124,137,96,357
064903209,77,85,65,227
064903210,110,83,99,292
064903301,64,92,35,191
064903302,80,87,67,234
064903303,106,121,118,345
064903304,101,99,46,246
064903305,94,148,116,358
064903306,73,90,171,334
064903307,38,67,100,205
064903308,37,56,150,243
064903309,51,122,90,263
064903310,95,106,84,285
064903401,93,103,159,355
064903402,98,113,98,309
064903403,62,90,87,239
064903404,37,54,218,309
064903405,88,109,115,312
064903406,106,87,90,283
064903407,88,67,65,220
064903408,68,47,32,147
064903409,71,40,70,181
064903410,87,73,114,274
064903411,71,93,105,269
064903412,49,85,127,261
064903413,76,78,172,326
064903414,84,89,151,324
064903415,64,57,72,193
064903501,70,76,78,224
064903502,65,76,96,237
064903503,2,29,342,373
064903504,3,40,401,444
064903505,2,23,321,346
064903506,1,16,483,500
064903507,1,20,375,396
064903508,78,103,169,350
064903509,41,88,74,203
064903510,49,68,111,228
064903511,29,74,113,216
064903512,54,77,117,248
064903513,70,158,160,388
064903514,78,109,109,296
064903515,80,71,64,215
064903516,66,72,50,188
064903517,100,92,77,269
064903518,141,109,55,305
064903601,100,105,97,302
064903602,116,97,126,339
064903603,101,60,88,249
064903604,63,61,94,218
064903605,113,86,49,248
064903606,113,76,82,271
064903607,58,81,115,254
064903608,83,73,108,264
064903609,84,60,70,214
064903610,138,107,73,318
064903611,59,71,67,197
064903612,54,65,85,204
064903701,119,102,75,296
064903702,62,48,52,162
064903703,101,59,82,242
064903704,75,60,75,210
064903705,79,77,92,248
064903706,122,106,106,334
064903707,54,35,62,151
064903708,45,60,62,167
064903709,162,151,204,517
064903710,80,97,82,259
064903711,157,125,162,444
064903712,83,85,87,255
064903713,148,130,132,410
064903714,107,130,109,346
064903801,60,61,46,167
064903802,122,120,42,284
064903803,30,56,46,132
064903804,53,78,47,178
064903805,64,94,189,347
064903806,37,68,169,274
064903807,83,89,98,270
064903808,111,112,145,368
064903809,65,64,59,188
064903810,74,46,86,206
064903811,96,81,120,297
064903812,63,47,70,180
064903813,55,54,52,161
064903814,58,76,53,187
064903815,58,65,47,170
064903816,147,125,120,392
064903817,123,168,110,401
064903901,22,81,200,303
064903902,16,59,95,170
064903903,62,242,450,754
064903904,20,84,279,383
064903905,25,79,303,407
064903906,39,92,199,330
064903907,27,55,69,151
064903908,16,33,199,248
064903909,24,89,178,291
064903910,24,54,134,212
064903911,55,108,203,366
064903912,56,43,119,218
064903913,24,33,96,153
064903914,63,99,148,310
064903915,28,93,403,524
064903916,40,67,242,349
064904001,11,27,126,164
064904002,33,39,118,190
064904003,24,82,158,264
064904004,54,89,222,365
064904005,47,80,135,262
064904006,66,119,231,416
064904007,26,74,254,354
064904008,41,119,212,372
064904009,27,250,286,563
064904010,39,77,216,332
064904011,46,98,167,311
064904012,27,52,204,283
064904013,26,257,115,398
064904101,3,15,9,27
064904102,14,3,1,18
064904201,207,41,5,253
064904202,268,60,5,333
064904203,187,45,7,239
064904204,273,22,5,300
064904205,187,25,2,214
064904206,230,47,3,280
064904207,246,42,6,294
064904208,214,39,15,268
064904301,7,2,3,12
064904302,209,18,9,236
064904303,208,54,6,268
064904304,294,30,7,331
064904305,2,0,0,2
064904306,214,85,9,308
064904307,109,97,36,242
064904308,74,54,50,178
064904309,333,81,20,434
064904310,312,28,6,346
064904311,134,61,6,201
064904312,197,59,4,260
064904313,166,37,11,214
064904314,134,57,20,211
064904401,205,72,13,290
064904402,320,52,10,382
064904403,195,48,12,255
064904404,222,81,13,316
064904405,204,116,48,368
064904406,238,114,19,371
064904407,283,56,8,347
064904408,243,83,15,341
064904409,243,97,62,402
064904410,133,62,20,215
064904411,126,60,9,195
064904412,140,66,35,241
064904413,129,80,41,250
064904501,181,50,17,248
064904502,286,42,9,337
064904503,210,80,27,317
064904504,298,88,16,402
064904505,300,64,10,374
064904506,288,40,14,342
064904507,156,27,6,189
064904508,200,25,1,226
064904601,275,17,0,292
064904602,243,15,2,260
064904603,248,17,1,266
064904604,242,26,3,271
064904605,114,10,1,125
064904606,158,15,2,175
064904607,267,22,5,294
064904608,173,24,48,245
064904609,239,29,3,271
064904610,22,3,0,25
064904611,268,61,12,341
064904612,213,34,9,256
064904701,54,10,2,66
064904702,275,17,2,294
064904703,157,18,3,178
064904704,174,16,31,221
064904705,272,12,1,285
064904706,209,21,4,234
064904707,299,25,9,333
064904708,258,22,3,283
064904709,189,27,6,222
064904710,211,21,5,237
064904711,276,25,0,301
064904712,240,21,1,262
064904713,228,21,6,255
064904801,277,7,1,285
064904802,255,12,1,268
064904803,225,14,2,241
064904804,320,13,2,335
064904805,161,12,1,174
064904806,132,9,0,141
064904807,261,17,0,278
064904808,249,21,32,302
064904809,202,3,3,208
064904810,224,27,2,253
064904811,193,23,17,233
064904901,244,11,2,257
064904902,271,33,3,307
064904903,244,15,1,260
064904904,454,22,0,476
064904905,214,23,0,237
064904906,323,29,1,353
064904907,241,29,3,273
064904908,173,12,1,186
064904909,181,19,0,200
064904910,265,29,5,299
064904911,280,19,0,299
064905001,336,12,2,350
064905002,353,42,4,399
064905003,256,15,17,288
064905004,44,26,17,87
064905005,180,32,2,214
064905006,355,15,2,372
064905007,304,25,4,333
064905008,272,27,0,299
064905009,166,36,4,206
064905010,305,60,16,381
064905011,168,22,3,193
064905101,174,55,17,246
064905102,174,79,12,265
064905103,143,45,12,200
064905104,132,29,7,168
064905105,263,87,19,369
064905106,254,57,19,330
064905107,279,59,12,350
064905108,276,60,6,342
064905109,214,34,17,265
064905110,156,24,0,180
064905111,159,20,1,180
065150101,46,57,72,175
065150102,0,1,0,1
065150103,137,97,180,414
065150104,136,108,127,371
065150105,177,108,154,439
065150106,115,102,106,323
065150107,88,80,83,251
065150108,140,134,198,472
065150109,79,69,85,233
065150110,70,84,237,391
065150111,80,88,238,406
065150112,91,119,243,453
065150113,148,136,224,508
065150201,39,17,29,85
065150202,129,93,54,276
065150203,60,61,38,159
065150204,8,17,3,28
065150205,92,37,28,157
065150206,148,37,9,194
065150207,144,126,75,345
065150208,269,67,27,363
065150209,133,84,121,338
065150210,149,125,234,508
065150211,178,104,61,343
065150212,78,80,77,235
065150213,31,31,142,204
065150214,89,87,186,362
065150215,100,82,147,329
065150216,57,59,144,260
065150301,96,100,93,289
065150302,111,102,124,337
065150303,82,110,119,311
065150304,152,113,82,347
065150305,87,57,64,208
065150306,129,81,66,276
065150307,140,64,64,268
065150308,171,54,33,258
065150309,114,75,52,241
065150310,109,77,84,270
065150311,147,73,53,273
065150312,161,76,29,266
065150313,168,50,10,228
065150314,179,75,19,273
065150401,161,67,77,305
065150402,86,82,57,225
065150403,117,109,87,313
065150404,123,54,12,189
065150405,173,64,23,260
065150406,114,100,97,311
065150407,145,78,86,309
065150408,144,98,62,304
065150409,142,77,66,285
065150410,87,75,107,269
065150411,31,57,68,156
065150501,91,44,77,212
065150502,117,60,57,234
065150503,195,103,66,364
065150504,183,96,103,382
065150505,197,46,44,287
065150506,263,80,9,352
065150507,236,79,12,327
065150508,130,60,16,206
065150509,177,85,45,307
065150510,46,31,16,93
065150511,356,43,6,405
065150512,249,101,92,442
065150601,67,72,86,225
065150602,219,64,42,325
065150603,81,45,64,190
065150604,164,63,42,269
065150605,87,51,20,158
065150606,245,74,18,337
065150607,236,94,23,353
065150608,155,81,24,260
065150609,227,100,56,383
065150610,114,41,79,234
065150611,100,67,36,203
065150612,138,49,27,214
065150613,107,40,19,166
065150614,142,69,10,221
065150615,153,55,9,217
065150616,168,75,30,273
065150701,138,124,203,465
065150702,130,96,89,315
065150703,123,66,60,249
065150704,153,147,150,450
065150705,128,69,52,249
065150706,148,106,82,336
065150707,189,138,41,368
065150708,136,119,63,318
065150709,195,114,98,407
065150710,84,77,44,205
065150711,57,52,31,140
065150712,181,88,133,402
065150713,139,65,25,229
065150714,107,73,27,207
065150801,229,65,26,320
065150802,206,48,26,280
065150803,130,72,81,283
065150804,134,73,23,230
065150805,130,61,27,218
065150806,116,48,55,219
065150807,224,92,24,340
065150808,239,94,27,360
065150809,198,76,49,323
065150810,109,74,108,291
065150811,123,78,112,313
065150812,219,59,17,295
065150901,162,61,17,240
065150902,245,98,24,367
065150903,163,63,28,254
065150904,140,60,31,231
065150905,219,123,61,403
065150906,145,73,38,256
065150907,143,53,12,208
065150908,139,64,35,238
065150909,257,91,39,387
065150910,274,98,25,397
065150911,157,95,33,285
065150912,208,84,42,334
065150913,147,100,160,407
065150914,125,89,86,300
065151001,125,72,44,241
065151002,253,94,89,436
065151003,245,82,55,382
065151004,220,34,7,261
065151005,233,29,10,272
065151006,238,71,11,320
065151007,48,29,0,77
065151008,220,97,37,354
065151009,143,92,73,308
065151010,122,68,21,211
065151011,100,61,68,229
065151012,85,52,18,155
065151013,171,93,35,299
065151014,193,81,48,322
065151015,219,55,16,290
065151101,257,70,21,348
065151102,273,89,35,397
065151103,204,120,27,351
065151104,123,55,29,207
065151105,125,58,30,213
065151106,137,65,21,223
065151107,136,60,49,245
065151108,104,58,54,216
065151109,160,95,71,326
065151110,190,103,65,358
065151111,104,76,49,229
065151112,93,71,57,221
065151113,139,74,57,270
065151201,138,55,17,210
065151202,164,52,19,235
065151203,77,53,91,221
065151204,94,29,53,176
065151205,131,64,60,255
065151206,142,63,64,269
065151207,167,121,88,376
065151208,101,44,36,181
065151209,215,102,83,400
065151210,92,73,73,238
065151211,141,72,36,249
065151212,170,96,27,293
065151213,102,50,54,206
065151214,114,69,91,274
065151215,101,66,71,238
065151216,127,65,50,242
065151217,97,62,30,189
065151301,119,67,108,294
065151302,147,98,75,320
065151303,55,50,68,173
065151304,120,102,68,290
065151305,270,123,70,463
065151306,258,130,36,424
065151307,155,77,21,253
065151308,174,89,29,292
065151309,269,114,52,435
065151310,237,89,41,367
065151311,267,114,46,427
065151312,167,83,79,329
065151313,185,83,42,310
065151314,104,64,90,258
065151401,58,68,147,273
065151402,84,93,80,257
065151403,77,107,143,327
065151404,150,113,151,414
065151405,45,61,41,147
065151406,92,75,64,231
065151407,61,64,68,193
065151408,192,131,89,412
065151409,89,63,80,232
065151410,154,120,104,378
065151411,103,85,63,251
065151501,276,101,21,398
065151502,180,62,29,271
065151503,91,86,133,310
065151504,146,97,99,342
065151505,93,71,124,288
065151506,110,88,142,340
065151507,122,134,100,356
065151508,119,115,114,348
065151509,193,68,68,329
065151510,154,88,93,335
065151511,94,64,76,234
065151512,138,84,43,265
065151513,182,102,49,333
065151601,177,95,11,283
065151602,143,91,43,277
065151603,160,34,36,230
065151604,118,46,38,202
065151605,151,53,15,219
065151606,132,62,83,277
065151607,247,84,36,367
065151608,244,63,46,353
065151609,165,48,40,253
065151701,193,68,90,351
065151702,184,100,57,341
065151703,117,51,15,183
065151704,124,41,7,172
065151705,148,48,7,203
065151706,118,80,167,365
065151707,152,83,52,287
065151708,80,27,26,133
065151709,72,27,14,113
065151710,102,83,130,315
065151801,149,146,144,439
065151802,71,93,103,267
065151803,104,88,190,382
065151804,63,64,215,342
065151805,39,64,166,269
065151806,38,74,222,334
065151807,67,91,122,280
065151808,87,87,103,277
065151809,48,74,34,156
065151810,78,76,89,243
065151811,79,71,66,216
065151812,70,79,193,342
065151813,195,54,70,319
065151901,252,73,87,412
065151902,114,75,91,280
065151903,96,129,175,400
065151904,103,87,173,363
065151905,66,68,127,261
065151906,61,53,115,229
065151907,172,145,171,488
065151908,130,88,129,347
065151909,125,72,104,301
065151910,174,94,153,421
065151911,180,144,141,465
065151912,103,76,37,216
065151913,76,39,31,146
065151914,87,51,33,171
065152001,233,116,111,460
065152002,128,59,47,234
065152003,97,67,94,258
065152004,81,64,71,216
065152005,112,72,85,269
065152006,120,54,36,210
065152007,121,68,48,237
065152008,131,74,104,309
065152009,114,83,73,270
065152010,164,130,124,418
065152011,127,48,45,220
065152012,96,70,55,221
065152013,159,99,73,331
065152014,183,110,134,427
065152015,186,107,75,368
065152101,80,13,7,100
065152102,90,28,15,133
065152103,135,42,7,184
065152104,116,43,42,201
065152105,114,76,39,229
065152106,233,12,2,247
065152107,158,16,20,194
065152108,122,78,44,244
065152109,185,100,46,331
065152110,222,68,12,302
065152111,193,73,28,294
065152112,122,68,43,233
065152113,196,78,16,290
065152114,146,45,23,214
065152115,102,50,36,188
065390101,127,106,117,350
065390102,153,120,64,337
065390103,81,101,63,245
065390104,151,76,53,280
065390105,192,122,60,374
065390106,143,100,94,337
065390107,40,62,159,261
065390108,93,65,128,286
065390109,53,67,113,233
065390110,79,80,64,223
065390111,136,106,105,347
065390112,128,104,26,258
065390113,137,65,29,231
065390114,270,63,17,350
065390201,122,72,27,221
065390202,118,62,28,208
065390203,102,97,63,262
065390204,271,112,37,420
065390205,131,83,32,246
065390206,260,113,33,406
065390207,261,78,11,350
065390208,253,94,28,375
065390209,146,50,3,199
065390210,165,46,8,219
065390211,199,55,16,270
065390212,175,54,9,238
065390213,151,67,37,255
065390214,156,59,3,218
065390301,232,63,2,297
065390302,223,73,15,311
065390303,212,33,32,277
065390304,112,85,101,298
065390305,303,13,0,316
065390306,226,33,14,273
065390307,260,63,8,331
065390308,151,29,4,184
065390309,215,45,5,265
065390310,320,88,18,426
065390311,325,73,5,403
065390401,340,68,6,414
065390402,401,43,2,446
065390403,326,51,9,386
065390404,338,74,22,434
065390405,219,52,12,283
065390406,396,33,12,441
065390407,154,28,1,183
065390408,345,28,2,375
065390409,378,42,2,422
065390410,226,25,1,252
065390411,294,40,0,334
065390412,207,56,2,265
065390413,199,17,0,216
065390414,146,27,1,174
065390501,234,35,3,272
065390502,335,50,8,393
065390503,310,103,14,427
065390504,239,68,14,321
065390505,196,47,15,258
065390506,203,47,12,262
065390507,315,56,19,390
065390508,304,36,1,341
065390509,344,62,4,410
065390601,299,81,25,405
065390602,141,68,21,230
065390603,200,45,12,257
065390604,119,66,56,241
065390605,149,51,7,207
065390606,246,83,42,371
065390607,201,136,101,438
065390608,174,94,47,315
065390609,153,80,45,278
065390701,284,82,12,378
065390702,199,65,38,302
065390703,281,103,23,407
065390704,270,127,75,472
065390705,145,105,66,316
065390706,142,114,57,313
065390707,111,40,36,187
065390708,206,50,33,289
065390709,351,66,19,436
065390801,136,52,19,207
065390802,184,74,21,279
065390803,176,102,81,359
065390804,153,55,45,253
065390805,154,96,124,374
065390806,104,57,84,245
065390807,104,56,93,253
065390808,156,144,157,457
065390809,126,102,102,330
065390810,154,77,57,288
065390811,113,72,65,250
065390812,308,219,184,711
065390813,117,77,115,309
065390814,164,71,60,295
065390815,112,81,96,289
065390901,6,4,4,14
065390902,39,52,57,148
065390903,85,63,110,258
065390904,85,103,144,332
065390905,82,104,158,344
065390906,114,138,134,386
065390907,188,144,161,493
065390908,120,113,174,407
065390909,16,29,40,85
065390910,117,137,122,376
065390911,55,20,55,130
065390912,107,118,95,320
065391001,77,88,158,323
065391002,80,117,139,336
065391003,61,84,170,315
065391004,108,63,99,270
065391005,114,51,48,213
065391006,100,73,69,242
065391007,120,123,410,653
065391008,75,144,271,490
065391009,65,111,209,385
065391010,163,152,115,430
065391011,170,134,105,409
065391012,202,128,131,461
065391013,146,133,103,382
065391014,194,110,59,363
065391015,113,92,51,256
065391016,118,159,156,433
065391017,22,27,49,98
065391101,193,56,30,279
065391102,224,101,70,395
065391103,104,76,93,273
065391104,120,93,80,293
065391105,86,58,112,256
065391106,75,48,97,220
065391107,235,141,110,486
065391108,205,105,93,403
065391109,109,111,110,330
065391110,103,110,130,343
065391111,100,100,139,339
065391112,113,66,47,226
065391113,147,74,66,287
065391114,91,124,167,382
065391115,141,98,127,366
065391116,144,101,114,359
065391201,96,112,109,317
065391202,117,85,79,281
065391203,143,84,74,301
065391204,155,115,194,464
065391205,77,82,137,296
065391206,172,79,72,323
065391207,161,94,56,311
065391208,109,105,156,370
065391209,46,56,195,297
065391210,81,104,132,317
065391211,103,98,92,293
065391212,193,84,98,375
065391213,111,66,106,283
065391214,139,86,65,290
065391215,89,81,82,252
065391301,227,161,67,455
065391302,119,83,68,270
065391303,129,81,60,270
065391304,102,93,167,362
065391305,95,100,69,264
065391306,118,84,111,313
065391307,149,57,85,291
065391308,230,77,27,334
065391309,57,49,95,201
065391401,252,80,8,340
065391402,140,42,5,187
065391403,231,57,10,298
065391404,146,52,18,216
065391405,133,60,25,218
065391406,243,104,47,394
065391407,262,96,78,436
065391408,143,76,71,290
065391409,236,126,71,433
065391410,182,54,13,249
065391411,168,75,14,257
065391412,107,64,62,233
065391413,90,74,78,242
065391414,131,73,47,251
065391415,106,81,63,250
065391416,160,54,42,256
065391501,191,35,2,228
065391502,196,51,0,247
065391503,169,24,1,194
065391504,195,77,103,375
065391505,137,14,1,152
065391506,222,18,1,241
065391507,250,53,3,306
065391508,212,25,4,241
065391509,197,42,6,245
065391510,158,40,8,206
065391511,198,52,27,277
065391601,183,44,7,234
065391602,321,65,11,397
065391603,149,30,2,181
065391604,162,24,0,186
065391605,162,33,5,200
065391606,256,38,1,295
065391607,325,69,6,400
065391608,158,45,7,210
065391609,141,39,17,197
065391610,240,58,2,300
065391611,307,30,1,338
065391701,101,78,109,288
065391702,128,80,66,274
065391703,128,90,57,275
065391704,104,80,38,222
065391705,147,108,87,342
065391706,96,105,54,255
065391707,87,83,54,224
065391708,144,76,16,236
065391709,122,39,4,165
065391710,185,74,14,273
065391711,157,52,17,226
065391712,171,56,12,239
065391713,200,53,4,257
065391714,156,51,3,210
065391715,176,37,6,219
065391716,157,24,5,186
065391717,177,35,4,216
065391801,139,117,60,316
065391802,151,79,28,258
065391803,156,144,51,351
065391804,173,78,39,290
065391805,136,156,52,344
065391806,154,117,100,371
065391807,114,145,138,397
065391808,129,143,96,368
065391809,184,116,39,339
065391901,134,127,45,306
065391902,148,107,79,334
065391903,154,84,55,293
065391904,185,69,26,280
065391905,172,94,54,320
065391906,117,66,58,241
065391907,103,108,51,262
065391908,145,90,37,272
065391909,134,96,50,280
065392001,151,58,15,224
065392002,9,2,1,12
065392003,149,92,34,275
065392004,130,94,36,260
065392005,145,88,50,283
065392006,140,113,68,321
065392007,135,48,27,210
065392008,208,143,76,427
065392009,193,124,84,401
065392010,136,134,117,387
065392011,131,141,100,372
065392012,128,146,126,400
065392013,72,104,65,241
065392014,57,84,104,245
065392101,168,84,12,264
065392102,156,46,26,228
065392103,282,71,13,366
065392104,287,126,19,432
065392105,169,40,24,233
065392106,189,45,22,256
065392107,197,68,13,278
065392108,163,52,13,228
065392201,267,121,59,447
065392202,307,127,43,477
065392203,308,106,17,431
065392204,239,84,12,335
065392205,276,95,34,405
065392206,224,110,68,402
065392207,198,161,56,415
065392208,247,140,43,430
065392301,156,66,46,268
065392302,157,109,74,340
065392303,131,99,70,300
065392304,101,79,65,245
065392305,163,127,100,390
065392306,162,133,70,365
065392307,100,78,82,260
065392308,98,118,85,301
065392309,109,124,93,326
065392310,105,116,70,291
065392311,99,104,128,331
065392312,95,124,147,366
065392313,43,96,168,307
065392314,87,83,100,270
065392401,236,147,60,443
065392402,137,91,49,277
065392403,119,54,39,212
065392404,170,105,104,379
065392405,127,85,67,279
065392406,165,76,29,270
065392407,117,71,37,225
065392408,99,56,36,191
065392409,80,65,50,195
065392410,84,67,57,208
065392411,122,89,61,272
065392412,90,91,45,226
065392413,93,80,69,242
065392414,103,130,148,381
065392415,139,159,134,432
065392501,273,118,51,442
065392502,105,89,89,283
065392503,210,131,93,434
065392504,107,77,58,242
065392505,113,72,70,255
065392506,115,95,56,266
065392507,65,168,87,320
065392508,117,158,103,378
065392509,94,133,146,373
065392510,143,123,70,336
065392511,121,71,63,255
065392512,61,62,87,210
065392601,191,147,77,415
065392602,161,160,125,446
065392603,67,115,75,257
065392604,48,85,115,248
065392605,142,125,65,332
065392606,140,105,80,325
065392607,104,135,212,451
065392608,134,122,135,391
065392609,95,133,103,331
065392610,151,102,71,324
065392611,106,105,70,281
065392612,120,141,111,372
065392613,71,80,45,196
065392614,59,97,80,236
065392701,68,97,212,377
065392702,46,66,219,331
065392703,99,136,140,375
065392704,120,135,59,314
065392705,110,108,70,288
065392706,115,140,103,358
065392707,107,138,87,332
065392708,142,123,105,370
065392709,81,128,100,309
065392710,97,106,78,281
065392711,84,126,96,306
065392712,107,137,129,373
065392801,53,71,118,242
065392802,102,104,106,312
065392803,102,108,84,294
065392804,93,137,139,369
065392805,92,107,131,330
065392806,105,123,174,402
065392807,69,106,160,335
065392808,148,160,98,406
065392809,111,103,76,290
065392810,116,116,165,397
065392811,112,151,119,382
065392812,93,96,95,284
065392901,3,6,28,37
065392902,4,21,23,48
065392903,22,20,29,71
065392904,15,20,35,70
065392905,25,21,40,86
065392906,30,45,60,135
065392907,35,55,50,140
065392908,15,22,62,99
065392909,17,36,76,129
065392910,0,3,34,37
065392911,16,48,116,180
065392912,2,3,61,66
065392913,0,3,17,20
065392914,143,25,44,212
065392915,33,28,67,128
065392916,72,104,199,375
065392917,3,4,11,18
065392918,36,60,142,238
065392919,13,43,147,203
065392920,52,87,273,412
065392921,71,80,149,300
065392922,161,101,71,333
065392923,160,73,61,294
065392924,144,130,114,388
065392925,52,66,131,249
065393001,75,129,240,444
065393002,135,142,133,410
065393003,242,45,2,289
065393004,171,133,84,388
065393005,45,89,161,295
065393006,15,60,129,204
065393007,29,59,107,195
065393008,68,63,93,224
065393009,125,91,144,360
065393010,179,74,51,304
065393011,134,102,83,319
065393012,68,88,106,262
065393013,73,120,158,351
065393014,111,108,155,374
065393015,178,82,44,304
065393016,196,79,52,327
065393101,95,110,129,334
065393102,106,115,164,385
065393103,81,86,170,337
065393104,156,154,136,446
065393105,165,58,83,306
065393106,87,122,191,400
065393107,90,100,248,438
065393108,48,52,178,278
065393109,47,99,177,323
065393110,131,105,128,364
065393111,153,96,129,378
065393112,273,61,24,358
065393113,127,85,109,321
065393114,57,57,89,203
065393115,83,96,103,282
065393116,153,92,118,363
065393117,150,110,107,367
065393201,49,79,218,346
065393202,47,79,179,305
065393203,43,74,230,347
065393204,24,36,194,254
065393205,23,63,241,327
065393206,38,70,251,359
065393207,31,53,210,294
065393208,27,73,213,313
065393209,85,70,57,212
065393210,95,82,79,256
065393211,79,85,200,364
065393212,8,8,28,44
065393213,34,34,138,206
065393214,41,58,160,259
065393215,116,108,160,384
065393301,106,97,117,320
065393302,68,82,87,237
065393303,89,72,108,269
065393304,44,48,126,218
065393305,15,39,134,188
065393306,49,78,118,245
065393307,91,124,182,397
065393308,82,109,188,379
065393309,45,93,284,422
065393310,63,78,133,274
065393311,17,50,75,142
065393312,177,99,49,325
065393313,221,101,44,366
065393314,79,71,33,183
065393315,33,45,68,146
065393316,1,2,7,10
065393401,115,89,87,291
065393402,45,67,191,303
065393403,34,46,223,303
065393404,52,53,189,294
065393405,65,90,176,331
065393406,31,35,206,272
065393407,98,89,142,329
065393408,112,76,158,346
065393409,52,120,182,354
065393410,50,96,150,296
065393411,81,73,114,268
065393412,101,100,74,275
065393413,208,102,33,343
065393414,145,122,136,403
065393415,71,67,118,256
065393416,16,7,22,45
065393417,67,72,140,279
065393418,45,72,85,202
065600101,67,60,220,347
065600102,70,104,174,348
065600103,72,93,177,342
065600104,44,78,191,313
065600105,105,122,212,439
065600106,74,48,113,235
065600107,38,75,138,251
065600108,104,88,147,339
065600109,75,71,191,337
065600110,69,87,186,342
065600111,65,73,167,305
065600112,42,236,18,296
065600113,24,215,32,271
065600114,134,107,177,418
065600115,60,56,152,268
065600201,98,111,161,370
065600202,118,109,167,394
065600203,108,78,169,355
065600204,78,112,238,428
065600205,105,79,149,333
065600206,73,66,241,380
065600207,97,78,166,341
065600208,105,92,189,386
065600209,113,91,184,388
065600210,84,97,200,381
065600211,32,140,728,900
065600212,65,67,173,305
065600213,77,71,172,320
065600214,60,96,200,356
065600215,28,105,246,379
065600216,26,119,529,674
065600301,106,163,651,920
065600302,127,92,209,428
065600303,90,71,113,274
065600304,79,55,105,239
065600305,97,79,78,254
065600306,116,73,77,266
065600307,114,105,229,448
065600308,29,24,348,401
065600309,89,74,175,338
065600310,95,121,144,360
065600311,118,122,133,373
065600312,148,98,66,312
065600313,76,88,53,217
065600314,65,66,86,217
065600315,60,85,193,338
065600316,25,14,39,78
065600401,60,95,109,264
065600402,78,116,55,249
065600403,150,170,156,476
065600404,131,176,118,425
065600405,28,103,136,267
065600406,41,48,124,213
065600407,64,54,97,215
065600408,59,134,78,271
065600409,97,104,89,290
065600410,125,126,84,335
065600411,89,95,69,253
065600412,147,89,40,276
065600413,169,92,19,280
065600414,148,92,24,264
065600415,150,72,20,242
065600416,167,95,29,291
065600417,167,96,26,289
065600418,127,91,59,277
065600419,134,114,112,360
065600420,73,146,137,356
065600501,105,54,46,205
065600502,148,109,111,368
065600503,70,44,58,172
065600504,103,113,110,326
065600505,33,21,28,82
065600506,20,12,23,55
065600507,126,107,106,339
065600508,27,25,31,83
065600509,39,16,21,76
065600510,143,102,106,351
065600511,129,90,54,273
065600512,88,79,90,257
065600513,136,119,108,363
065600514,100,105,121,326
065600515,97,81,84,262
065600601,174,88,76,338
065600602,138,112,139,389
065600603,197,90,111,398
065600604,122,49,70,241
065600605,302,175,169,646
065600606,144,161,107,412
065600607,408,324,377,1109
065600608,126,123,109,358
065600609,183,125,96,404
065600610,104,92,128,324
065600611,163,91,90,344
065600612,98,116,121,335
065600613,72,70,50,192
065600614,75,67,67,209
065600615,126,65,62,253
065600616,84,71,154,309
065600617,68,90,167,325
065600618,44,71,162,277
065600701,83,68,83,234
065600702,277,32,18,327
065600703,341,12,4,357
065600704,224,34,0,258
065600705,313,33,7,353
065600706,250,56,95,401
065600707,62,63,82,207
065600708,13,22,51,86
065600709,67,88,67,222
065600710,40,51,109,200
065600711,45,52,94,191
065600712,30,101,73,204
065600713,60,82,133,275
065600714,76,89,180,345
065600715,72,93,205,370
065600716,83,134,212,429
065600717,104,142,150,396
065600718,133,100,68,301
065600801,199,67,48,314
065600802,145,80,77,302
065600803,148,74,54,276
065600804,172,82,22,276
065600805,112,86,72,270
065600806,148,80,61,289
065600807,158,87,82,327
065600808,174,92,100,366
065600809,155,89,46,290
065600810,198,59,33,290
065600811,149,53,33,235
065600812,115,55,44,214
065600901,69,98,13,180
065600902,34,21,30,85
065600903,15,11,21,47
065600904,61,26,35,122
065600905,39,29,20,88
065600906,47,36,5,88
065600907,97,11,0,108
065600908,30,24,15,69
065600909,47,37,6,90
065600910,25,12,12,49
065600911,15,9,19,43
065600912,39,34,6,79
065601001,110,40,10,160
065601002,200,44,20,264
065601003,140,81,71,292
065601004,108,90,137,335
065601005,153,104,126,383
065601006,145,98,110,353
065601007,169,93,167,429
065601008,136,110,102,348
065601009,115,101,114,330
065601010,152,129,102,383
065601011,147,93,78,318
065601012,134,113,65,312
065601013,186,101,36,323
065601101,141,78,46,265
065601102,173,120,75,368
065601103,98,71,61,230
065601104,72,76,85,233
065601105,60,55,103,218
065601106,71,97,80,248
065601107,126,126,118,370
065601108,133,107,103,343
065601109,114,121,126,361
065601110,113,124,182,419
065601111,124,120,133,377
065601112,127,102,104,333
065601113,141,147,101,389
065601114,144,108,71,323
065601115,124,96,79,299
065601116,118,45,56,219
065601117,123,60,38,221
065601201,120,105,74,299
065601202,113,80,75,268
065601203,105,115,130,350
065601204,112,69,42,223
065601205,142,119,61,322
065601206,129,81,40,250
065601207,135,77,47,259
065601208,88,98,49,235
065601209,209,132,53,394
065601210,150,64,33,247
065601211,129,53,24,206
065601212,128,84,44,256
065601213,142,93,16,251
065601214,262,112,29,403
065601215,148,81,9,238
065601216,139,85,16,240
065601301,57,116,140,313
065601302,110,94,87,291
065601303,142,139,156,437
065601304,116,115,80,311
065601305,112,129,95,336
065601306,122,94,55,271
065601307,174,126,103,403
065601308,159,126,47,332
065601309,150,94,59,303
065601310,171,139,101,411
065601311,168,171,95,434
065601401,43,191,127,361
065601402,86,98,198,382
065601403,48,79,197,324
065601404,75,141,93,309
065601405,50,156,145,351
065601406,64,163,131,358
065601407,44,87,114,245
065601408,93,129,298,520
065601409,27,84,109,220
065601410,63,85,63,211
065601411,50,78,110,238
065601412,120,110,108,338
065601413,133,97,82,312
065601414,104,102,91,297
065601501,56,95,117,268
065601502,38,77,80,195
065601503,66,76,118,260
065601504,68,113,86,267
065601505,73,92,75,240
065601506,90,96,75,261
065601507,66,72,70,208
065601508,490,72,143,705
065601509,104,152,176,432
065601510,74,97,111,282
065601511,81,138,146,365
065601512,85,102,182,369
065601513,77,125,149,351
065601514,111,117,112,340
065601515,87,134,149,370
065601516,100,127,118,345
065601601,91,66,168,325
065601602,87,87,68,242
065601603,105,109,91,305
065601604,67,78,165,310
065601605,104,94,79,277
065601606,142,108,116,366
065601607,112,75,102,289
065601608,193,100,90,383
065601609,99,111,115,325
065601610,148,113,73,334
065601611,151,160,59,370
065601612,144,176,123,443
065601613,117,106,148,371
065601614,136,118,108,362
065601615,129,64,47,240
065601616,128,62,37,227
065601701,42,78,230,350
065601702,33,46,214,293
065601703,16,32,137,185
065601704,11,12,54,77
065601705,159,47,19,225
065601706,134,37,48,219
065601707,95,33,25,153
065601708,60,14,3,77
065601709,45,8,0,53
065601710,97,17,0,114
065601711,151,22,3,176
065601712,78,39,15,132
065601713,27,76,122,225
065601714,21,31,131,183
065601715,53,42,62,157
065601716,52,54,133,239
065601717,78,43,107,228
065601718,44,56,78,178
065601719,76,81,189,346
065601720,78,43,88,209
065601721,48,58,106,212
065601722,176,40,4,220
065601723,187,31,5,223
065601724,181,49,13,243
065601801,78,62,58,198
065601802,189,77,67,333
065601803,76,45,90,211
065601804,103,72,45,220
065601805,97,44,34,175
065601806,448,52,6,506
065601807,181,28,7,216
065601808,112,46,24,182
065601809,142,99,147,388
065601810,157,135,145,437
065601811,167,113,114,394
065601812,205,35,17,257
065601813,147,68,43,258
065601814,151,129,114,394
065601815,181,109,59,349
065601901,53,74,125,252
065601902,79,100,105,284
065601903,54,73,236,363
065601904,75,75,151,301
065601905,57,52,80,189
065601906,72,51,73,196
065601907,157,82,44,283
065601908,188,51,23,262
065601909,151,77,54,282
065601910,125,86,160,371
065601911,164,73,15,252
065601912,123,75,20,218
065601913,91,50,49,190
065601914,95,81,65,241
065601915,77,131,98,306
065601916,49,37,110,196
065601917,41,51,67,159
065601918,64,42,18,124
065601919,32,30,117,179
065601920,64,43,86,193
065602001,27,361,61,449
065602002,130,109,94,333
065602003,130,101,140,371
065602004,121,83,125,329
065602005,36,70,148,254
065602006,61,151,88,300
065602007,52,134,120,306
065602008,51,123,97,271
065602009,56,81,182,319
065602010,49,85,179,313
065602011,94,79,44,217
065602012,147,90,39,276
065602013,136,136,129,401
065602014,103,92,116,311
065602101,151,111,93,355
065602102,88,62,54,204
065602103,25,81,125,231
065602104,31,37,126,194
065602105,91,67,87,245
065602106,122,53,84,259
065602107,91,95,195,381
065602108,82,118,155,355
065602109,146,117,116,379
065602110,99,64,46,209
065602111,230,134,56,420
065602112,106,63,47,216
065602113,126,133,46,305
065602201,100,70,109,279
065602202,208,65,45,318
065602203,221,84,25,330
065602204,161,100,56,317
065602205,210,114,56,380
065602206,136,82,31,249
065602207,160,57,22,239
065602208,317,58,9,384
065602209,240,65,20,325
065602210,187,98,31,316
065602301,138,119,65,322
065602302,140,94,45,279
065602303,145,81,22,248
065602304,350,49,8,407
065602305,201,91,25,317
065602306,224,78,24,326
065602307,267,52,8,327
065602308,147,42,3,192
065602309,145,42,1,188
065602310,211,13,0,224
065602311,160,12,1,173
065602312,157,26,0,183
065602313,259,47,12,318
065602314,168,39,3,210
065602315,185,52,2,239
065602316,239,39,5,283
065602317,304,65,7,376
065602401,182,15,1,198
065602402,163,21,1,185
065602403,216,21,9,246
065602404,239,35,3,277
065602405,168,73,6,247
065602406,151,88,20,259
065602407,193,73,37,303
065602408,187,63,17,267
065602409,162,48,2,212
065602410,166,27,4,197
065602411,247,23,1,271
065602412,166,13,1,180
065602413,176,24,0,200
065602414,187,22,11,220
065602415,171,23,1,195
065602416,213,47,18,278
065602417,142,114,93,349
065602501,197,33,6,236
065602502,220,28,2,250
065602503,296,54,11,361
065602504,355,71,21,447
065602505,173,31,5,209
065602506,170,56,7,233
065602507,174,82,18,274
065602508,151,83,85,319
065602509,282,111,42,435
065602510,380,74,9,463
065602511,132,55,49,236
065602512,133,70,40,243
065602513,149,133,125,407
065602514,140,121,66,327
065680101,80,27,9,116
065680102,234,28,0,262
065680103,294,51,3,348
065680201,252,40,3,295
065680202,170,17,0,187
065680203,287,34,1,322
065680204,172,43,5,220
065680205,241,44,5,290
065680206,278,46,7,331
065680207,259,49,2,310
065680208,263,74,10,347
065680209,284,68,8,360
065680210,186,33,4,223
065680211,294,37,13,344
065680212,211,40,7,258
065680301,183,124,5,312
065680302,282,61,14,357
065680303,243,90,18,351
065680304,172,50,5,227
065680305,150,42,6,198
065680306,152,68,5,225
065680307,145,49,1,195
065680308,195,65,30,290
065680309,210,76,14,300
065680310,155,23,29,207
065680311,249,70,15,334
065680312,245,72,11,328
065680313,297,76,34,407
065680314,336,133,85,554
065680315,329,117,65,511
065680316,242,42,14,298
065680401,168,53,6,227
065680402,192,37,1,230
065680403,172,39,4,215
065680404,244,25,3,272
065680405,309,21,1,331
065680406,154,19,2,175
065680407,248,30,1,279
065680408,258,61,1,320
065680409,297,50,3,350
065680410,271,19,1,291
065680411,310,55,1,366
065680501,244,36,3,283
065680502,355,69,5,429
065680503,219,16,0,235
065680504,209,15,1,225
065680505,340,20,4,364
065680506,283,32,2,317
065680507,276,36,1,313
065680508,310,35,1,346
065680509,205,10,3,218
065680510,176,27,3,206
065680601,371,22,0,393
065680602,273,16,2,291
065680603,275,17,0,292
065680604,286,40,5,331
065680605,285,25,1,311
065680606,354,17,0,371
065680607,362,28,0,390
065680608,256,31,1,288
065680609,309,27,0,336
065680610,212,13,0,225
065680611,154,6,0,160
065680701,273,30,1,304
065680702,258,43,0,301
065680703,164,35,6,205
065680704,197,37,6,240
065680705,266,17,4,287
065680706,190,155,7,352
065680707,228,58,1,287
065680708,239,24,3,266
065680801,266,35,2,303
065680802,251,61,8,320
065680803,197,34,2,233
065680804,296,57,2,355
065680805,316,48,5,369
065680806,294,31,7,332
065680807,231,63,4,298
065680808,283,47,4,334
065680901,147,39,1,187
065680902,221,26,2,249
065680903,298,82,9,389
065680904,195,16,3,214
065680905,154,38,1,193
065680906,231,35,1,267
065680907,279,83,5,367
065680908,139,33,3,175
065680909,183,68,5,256
065680910,333,34,2,369
065680911,177,22,21,220
065680912,185,17,0,202
065681001,212,89,20,321
065681002,110,29,6,145
065681003,70,47,20,137
065681004,223,68,4,295
065681005,220,55,7,282
065681006,147,27,8,182
065681007,144,19,32,195
065681008,234,80,13,327
065681009,237,38,22,297
065681010,163,51,2,216
065681011,170,49,3,222
065681012,262,56,9,327
065681013,297,51,3,351
065681014,237,33,1,271
065681015,218,39,0,257
065681016,253,30,2,285
065681017,136,49,41,226
065681101,275,13,0,288
065681102,287,45,1,333
065681103,201,25,0,226
065681104,177,11,2,190
065681105,249,25,3,277
065681106,240,31,3,274
065681107,235,31,4,270
065681108,284,52,0,336
065681109,231,9,0,240
065681110,208,15,2,225
065681111,234,13,5,252
065681112,287,27,5,319
065681201,221,26,1,248
065681202,299,20,10,329
065681203,284,38,2,324
065681204,185,41,1,227
065681205,285,56,5,346
065681206,319,60,6,385
065681207,338,29,4,371
065681208,174,44,0,218
065681209,190,40,3,233
065681210,201,65,2,268
065681301,195,21,2,218
065681302,180,20,0,200
065681303,221,35,4,260
065681304,275,37,4,316
065681305,279,44,2,325
065681306,279,83,13,375
065681307,346,61,16,423
065681308,261,60,9,330
065681309,245,101,16,362
065681310,195,95,34,324
065681401,148,32,2,182
065681402,261,36,1,298
065681403,337,61,18,416
065681404,213,46,0,259
065681405,156,20,0,176
065681406,170,31,0,201
065681407,307,18,0,325
065681408,174,31,2,207
065681409,312,30,0,342
065681410,308,39,4,351
065681501,188,67,5,260
065681502,272,70,4,346
065681503,222,95,7,324
065681504,265,85,43,393
065681505,238,66,4,308
065681506,220,54,16,290
065681507,251,67,12,330
065681508,358,48,6,412
065681509,201,12,3,216
065681510,254,38,5,297
065681601,222,72,13,307
065681602,166,102,43,311
065681603,152,54,6,212
065681604,305,92,14,411
065681605,272,49,4,325
065681606,278,61,3,342
065681607,216,27,4,247
065681608,180,34,3,217
065681609,297,88,23,408
065681610,326,41,1,368
065681611,270,43,0,313
065681612,299,52,9,360
065681701,274,54,8,336
065681702,237,62,8,307
065681703,170,43,23,236
065681704,156,37,5,198
065681705,306,71,2,379
065681706,299,65,13,377
065681707,334,28,2,364
065681708,298,24,13,335
065681709,221,8,1,230
065681710,272,17,2,291
065681711,273,29,4,306
065681712,265,12,0,277
065681801,215,12,1,228
065681802,164,1,0,165
065681803,162,15,0,177
065681804,228,3,5,236
065681805,235,18,1,254
065681806,169,8,0,177
065681807,264,36,25,325
065681808,234,14,4,252
065681809,295,49,7,351
065681810,281,30,3,314
065681811,269,17,10,296
065681812,277,40,1,318
065681813,226,20,1,247
065681814,204,15,0,219
065681901,194,34,2,230
065681902,271,49,28,348
065681903,348,53,5,406
065681904,191,34,0,225
065681905,204,28,26,258
065681906,350,45,4,399
065681907,275,54,6,335
065681908,292,63,6,361
065681909,241,80,15,336
065681910,171,36,6,213
065681911,229,98,34,361
065682001,302,33,4,339
065682002,213,21,2,236
065682003,294,15,4,313
065682004,233,54,2,289
065682005,250,19,2,271
065682006,209,10,2,221
065682007,190,24,1,215
065682008,333,22,1,356
065682009,367,27,3,397
065682010,247,45,5,297
065682011,324,71,9,404
065682012,253,45,10,308
065682013,208,36,2,246
065682014,197,39,4,240
065682101,152,18,3,173
065682102,108,31,4,143
065682103,127,12,9,148
065682104,199,59,4,262
065682105,126,16,0,142
065682106,107,14,0,121
065682107,39,2,0,41
065682108,120,14,0,134
065682109,147,9,5,161
065682110,140,21,7,168
065682111,109,10,0,119
065682112,230,7,9,246
065682113,314,42,6,362
065682201,156,26,0,182
065682202,113,25,0,138
065682203,112,28,0,140
065682204,160,23,0,183
065682205,94,20,2,116
065682206,188,52,0,240
065682207,111,30,0,141
065682208,166,31,0,197
065682209,139,30,0,169
065682210,156,32,0,188
065682211,118,26,0,144
065682212,144,26,0,170
065682213,234,46,0,280
065682214,283,62,0,345
065682215,130,29,0,159
065682216,167,41,0,208
065682217,166,27,0,193
065682218,103,25,0,128
065682301,153,31,0,184
065682302,184,38,4,226
065682303,249,32,3,284
065682304,174,29,6,209
065682305,196,21,3,220
065682306,279,53,7,339
065682307,269,54,8,331
065682308,324,70,3,397
065682309,219,90,2,311
065682310,196,37,1,234
065682311,185,44,8,237
065682401,269,50,8,327
065682402,196,97,4,297
065682403,152,31,6,189
065682404,293,82,4,379
065682405,291,44,2,337
065682406,193,53,1,247
065682407,207,55,3,265
065682408,283,76,20,379
065682409,167,42,4,213
065682410,152,55,6,213
065682501,135,30,3,168
065682502,243,60,3,306
065682503,244,85,10,339
065682504,263,109,14,386
065682505,150,42,9,201
065682506,272,110,19,401
065682507,275,84,19,378
065682508,248,79,28,355
065682509,101,108,82,291
065682510,62,102,126,290
065682511,217,88,20,325
065682512,266,79,25,370
065682601,188,11,2,201
065682602,277,63,3,343
065682603,244,62,8,314
065682604,148,48,7,203
065682605,137,27,0,164
065682606,124,54,8,186
065682607,258,91,15,364
065682608,168,52,3,223
065682609,120,73,5,198
065682610,272,73,13,358
065682611,255,79,13,347
065682612,276,66,9,351
065682701,3,4,4,11
065682702,88,104,138,330
065682703,145,80,69,294
065682704,125,75,49,249
065682705,139,59,24,222
065682706,146,77,56,279
065682707,221,88,35,344
065682708,192,61,12,265
065682709,196,83,29,308
065682710,159,74,27,260
065682711,208,65,22,295
065682801,283,110,36,429
065682802,233,91,24,348
065682803,311,106,64,481
065682804,140,65,23,228
065682805,201,111,80,392
065682806,164,111,67,342
065682807,125,59,27,211
065682808,121,51,101,273
065682809,140,107,97,344
065682810,149,121,110,380
065682901,178,83,64,325
065682902,181,83,33,297
065682903,128,72,38,238
065682904,111,86,54,251
065682905,131,68,43,242
065682906,156,79,25,260
065682907,141,63,61,265
065682908,96,70,59,225
065682909,145,97,67,309
065682910,117,85,69,271
065682911,146,138,126,410
065682912,106,104,76,286
065682913,107,71,79,257
065682914,78,87,77,242
065683001,214,98,39,351
065683002,272,88,62,422
065683003,282,82,52,416
065683004,239,134,52,425
065683005,146,64,45,255
065683006,182,74,22,278
065683007,207,94,78,379
065683008,188,88,43,319
065683009,134,68,65,267
065683010,228,116,49,393
065683011,218,92,49,359
065683101,300,71,15,386
065683102,270,101,21,392
065683103,183,75,15,273
065683104,244,147,57,448
065683105,186,108,33,327
065683106,173,70,37,280
065683107,281,74,24,379
065683108,154,54,10,218
065683109,147,70,74,291
065683110,128,71,33,232
065683111,130,69,3,202
065683112,157,95,46,298
066580101,2,0,0,2
066580102,293,68,4,365
066580103,308,26,6,340
066580104,234,13,2,249
066580105,277,27,1,305
066580106,263,39,5,307
066580107,213,24,1,238
066580108,227,20,2,249
066580109,249,40,10,299
066580110,271,91,74,436
066580111,0,0,3,3
066580112,1,0,38,39
066580113,17,9,2,28
066580201,11,6,84,101
066580202,93,58,76,227
066580203,57,67,106,230
066580204,54,54,156,264
066580205,86,51,68,205
066580206,107,131,171,409
066580207,24,71,133,228
066580208,113,88,78,279
066580209,172,63,17,252
066580210,164,64,34,262
066580211,81,67,196,344
066580212,195,65,14,274
066580301,66,91,131,288
066580302,25,79,191,295
066580303,212,104,22,338
066580304,271,23,1,295
066580305,224,87,15,326
066580306,202,30,5,237
066580307,263,60,12,335
066580308,310,114,23,447
066580309,335,95,4,434
066580310,281,24,4,309
066580311,219,25,8,252
066580401,91,19,67,177
066580402,212,80,22,314
066580403,204,74,32,310
066580404,181,55,23,259
066580405,222,50,0,272
066580406,163,75,21,259
066580407,182,73,18,273
066580408,262,107,15,384
066580409,261,50,4,315
066580410,253,41,6,300
066580411,231,71,3,305
066580412,279,94,23,396
066580413,216,13,2,231
066580414,189,9,0,198
066580415,205,59,8,272
066580501,187,27,3,217
066580502,144,20,0,164
066580503,207,55,10,272
066580504,143,44,3,190
066580505,195,24,7,226
066580506,186,45,23,254
066580507,280,82,6,368
066580508,236,50,8,294
066580509,302,53,4,359
066580510,148,22,1,171
066580511,216,79,37,332
066580512,194,43,6,243
066580513,201,41,5,247
066580514,221,46,6,273
066580601,227,7,0,234
066580602,240,28,1,269
066580603,274,7,0,281
066580604,250,28,2,280
066580605,243,59,2,304
066580606,182,11,0,193
066580607,231,28,1,260
066580608,138,29,3,170
066580609,316,52,3,371
066580610,289,48,11,348
066580611,256,61,6,323
066580612,223,52,2,277
066580701,235,13,2,250
066580702,234,21,0,255
066580703,254,19,0,273
066580704,282,17,1,300
066580705,259,7,1,267
066580706,216,30,8,254
066580707,168,55,25,248
066580708,199,106,40,345
066580709,100,77,93,270
066580710,121,126,169,416
066580711,193,46,11,250
066580801,159,2,0,161
066580802,198,5,0,203
066580803,161,6,0,167
066580804,302,21,1,324
066580805,298,20,0,318
066580806,203,1,0,204
066580807,173,19,1,193
066580808,200,15,0,215
066580809,267,22,0,289
066580810,188,4,5,197
066580811,279,12,1,292
066580812,211,6,0,217
066580813,132,6,0,138
066580814,168,10,0,178
066580815,135,12,1,148
066580901,264,46,3,313
066580902,285,28,2,315
066580903,262,11,3,276
066580904,51,2,0,53
066580905,206,1,1,208
066580906,246,8,5,259
066580907,170,22,0,192
066580908,149,14,0,163
066580909,178,2,1,181
066580910,275,22,1,298
066580911,176,3,0,179
066580912,215,4,0,219
066580913,203,27,0,230
066581001,30,77,168,275
066581002,48,117,168,333
066581003,174,50,12,236
066581004,210,40,5,255
066581005,377,34,1,412
066581006,213,14,1,228
066581007,329,40,3,372
066581008,283,16,3,302
066581009,234,22,2,258
066581010,230,40,5,275
066581011,242,54,39,335
066581012,48,109,244,401
066581013,19,73,136,228
066581101,246,40,2,288
066581102,222,29,0,251
066581103,204,26,0,230
066581104,176,12,6,194
066581105,131,19,2,152
066581106,238,26,1,265
066581107,254,23,1,278
066581108,245,21,5,271
066581109,257,26,0,283
066581110,261,33,0,294
066581111,212,14,0,226
066581112,270,5,1,276
066581113,199,11,1,211
066581201,363,53,9,425
066581202,302,37,3,342
066581203,328,24,4,356
066581204,309,51,9,369
066581205,290,23,0,313
066581206,278,14,3,295
066581207,275,7,1,283
066581208,303,4,0,307
066581209,279,7,0,286
066581210,261,18,2,281
066581211,324,16,1,341
066581212,302,17,1,320
066581213,214,32,1,247
066581301,16,44,97,157
066581302,20,42,61,123
066581303,29,30,34,93
066581304,60,67,92,219
066581305,29,46,49,124
066581306,27,43,130,200
066581307,64,94,80,238
066581308,71,60,94,225
066581309,55,73,108,236
066581310,31,55,101,187
066581401,6,15,127,148
066581402,5,5,51,61
066581403,2,18,57,77
066581404,12,56,104,172
066581405,19,42,61,122
066581406,11,25,87,123
066581407,26,60,175,261
066581408,18,44,144,206
066581409,24,98,285,407
066581410,33,58,106,197
066581501,195,49,4,248
066581502,233,46,11,290
066581503,142,77,85,304
066581504,44,37,70,151
066581505,183,89,66,338
066581506,153,24,6,183
066581507,215,40,5,260
066581508,240,31,4,275
066581509,309,25,3,337
066581510,215,12,0,227
066581511,177,27,2,206
066581512,206,24,1,231
066581513,176,34,0,210
066581601,231,22,4,257
066581602,229,25,2,256
066581603,208,24,0,232
066581604,145,27,5,177
066581605,197,9,0,206
066581606,247,18,0,265
066581607,217,8,0,225
066581608,204,25,5,234
066581609,245,43,3,291
066581610,189,24,3,216
066581611,194,21,2,217
066581612,190,27,6,223
066581701,248,24,12,284
066581702,239,24,1,264
066581703,214,28,3,245
066581704,241,38,3,282
066581705,249,54,13,316
066581706,314,28,3,345
066581707,223,64,5,292
066581708,341,36,1,378
066581709,282,60,4,346
066581710,227,32,5,264
066581711,259,45,10,314
066581712,261,44,6,311
066581801,120,5,5,130
066581802,133,13,0,146
066581803,170,17,0,187
066581804,242,14,0,256
066581805,236,23,5,264
066581806,268,15,1,284
066581807,195,22,1,218
066581808,235,23,5,263
066581809,265,17,6,288
066581810,190,18,1,209
066581811,211,28,2,241
066581812,131,7,0,138
066581901,207,13,1,221
066581902,218,26,1,245
066581903,166,26,3,195
066581904,161,15,16,192
066581905,189,15,1,205
066581906,158,20,1,179
066581907,158,20,1,179
066581908,235,28,6,269
066581909,188,39,6,233
066581910,201,56,15,272
066581911,196,43,39,278
066582001,205,52,40,297
066582002,275,40,2,317
066582003,260,103,33,396
066582004,174,128,20,322
066582005,153,133,40,326
066582006,56,81,51,188
066582007,143,68,20,231
066582008,144,151,41,336
066582009,287,161,49,497
066582010,290,129,39,458
066582011,248,115,42,405
066582101,315,122,11,448
066582102,205,147,32,384
066582103,300,129,39,468
066582104,120,143,61,324
066582105,182,118,63,363
066582106,214,130,83,427
066582107,56,154,337,547
066582108,146,194,204,544
066582109,103,123,124,350
066582110,177,93,27,297
066582111,410,34,0,444
066582112,191,183,84,458
066582113,169,159,89,417
066582114,179,108,59,346
066582115,22,77,172,271
066582116,33,119,115,267
066582201,278,40,7,325
066582202,273,34,6,313
066582203,258,42,7,307
066582204,218,40,3,261
066582205,189,31,2,222
066582206,186,42,1,229
066582207,235,28,26,289
066582208,156,47,8,211
066582209,159,268,19,446
066582210,273,71,20,364
066582211,276,61,9,346
066582301,209,34,4,247
066582302,209,89,24,322
066582303,370,48,6,424
066582304,158,92,40,290
066582305,237,73,14,324
066582306,141,54,3,198
066582307,137,42,1,180
066582308,167,29,1,197
066582309,145,128,66,339
066582310,137,133,79,349
066582311,214,62,17,293
066582312,233,18,2,253
066582401,281,24,4,309
066582402,268,55,8,331
066582403,295,105,22,422
066582404,216,51,4,271
066582405,207,91,5,303
066582406,263,80,4,347
066582407,224,80,8,312
066582408,218,38,9,265
066582409,218,42,1,261
066582410,186,41,2,229
066582411,207,35,1,243
066582412,186,48,0,234
066582501,179,39,2,220
066582502,201,24,3,228
066582503,220,36,24,280
066582504,164,32,10,206
066582505,217,28,1,246
066582506,229,56,6,291
066582507,182,72,4,258
066582508,211,70,10,291
066582509,165,45,7,217
066582510,261,56,7,324
066582511,80,102,191,373
066582512,55,68,188,311
066582513,272,88,6,366
066582514,107,20,2,129
066582601,339,95,66,500
066582602,254,109,62,425
066582603,246,63,18,327
066582604,223,59,13,295
066582605,210,57,5,272
066582606,289,39,10,338
066582607,217,51,3,271
066582608,210,24,7,241
066582609,199,17,6,222
066582610,300,51,8,359
066582701,104,128,74,306
066582702,107,121,79,307
066582703,41,62,62,165
066582704,42,46,27,115
066582705,94,13,5,112
066582706,119,134,131,384
066582707,70,75,68,213
066582708,57,64,44,165
066582709,187,136,96,419
066582710,88,66,64,218
066582711,86,113,146,345
066582712,86,105,81,272
066582713,69,94,112,275
066582714,17,71,118,206
066582715,63,83,72,218
066582716,24,45,109,178
066582801,190,25,3,218
066582802,255,80,6,341
066582803,240,35,2,277
066582804,304,55,4,363
066582805,202,53,4,259
066582806,150,84,106,340
066582807,118,98,78,294
066582808,204,94,40,338
066582809,233,84,22,339
066582810,255,104,11,370
066582901,299,67,15,381
066582902,156,53,5,214
066582903,157,59,2,218
066582904,149,75,14,238
066582905,223,92,24,339
066582906,205,102,28,335
066582907,156,136,76,368
066582908,110,114,143,367
066582909,59,97,108,264
066582910,142,112,74,328
066582911,218,89,37,344
066582912,239,110,80,429
066583001,321,56,4,381
066583002,215,94,31,340
066583003,175,96,29,300
066583004,222,35,3,260
066583005,228,88,22,338
066583006,215,74,40,329
066583007,180,139,56,375
066583008,126,131,110,367
066583009,148,121,128,397
066583010,157,85,41,283
066583011,195,87,80,362
066583012,115,80,50,245
066583101,263,31,1,295
066583102,315,57,7,379
066583103,517,108,8,633
066583104,277,118,13,408
066583105,252,54,4,310
066583106,759,200,43,1002
066583107,272,32,2,306
066583108,180,31,9,220
066583109,213,48,3,264
066583110,256,105,31,392
066583111,219,74,18,311
066583112,181,39,13,233
066583113,144,34,5,183
066583201,184,40,13,237
066583202,353,23,5,381
066583203,331,26,3,360
066583204,143,44,3,190
066583205,166,72,8,246
066583206,58,26,10,94
066583207,398,90,18,506
066583208,380,133,24,537
066583209,86,43,10,139
066583210,198,156,59,413
066583211,82,70,26,178
066583212,295,162,45,502
066583213,129,126,54,309
066583301,234,167,108,509
066583302,49,109,130,288
066583303,51,108,117,276
066583304,60,116,164,340
066583305,129,217,226,572
066583306,170,203,66,439
066583307,213,128,40,381
066583308,98,81,17,196
066583309,205,120,47,372
066583310,209,48,9,266
066583311,297,65,9,371
066583312,259,47,5,311
066583313,167,84,14,265
066583401,266,104,15,385
066583402,164,87,23,274
066583403,176,96,25,297
066583404,189,72,15,276
066583405,210,62,23,295
066583406,317,61,3,381
066583407,276,25,3,304
066583408,254,78,2,334
066583409,221,39,3,263
066583410,154,64,18,236
066583411,237,90,35,362
066583412,254,96,5,355
066583413,274,86,22,382
066583501,187,70,5,262
066583502,275,86,22,383
066583503,198,47,18,263
066583504,253,75,21,349
066583505,176,44,6,226
066583506,253,116,21,390
066583507,193,77,16,286
066583508,206,108,83,397
066583509,189,93,38,320
066583510,182,92,119,393
066583601,277,92,74,443
066583602,144,140,192,476
066583603,202,69,50,321
066583604,145,72,21,238
066583605,195,72,23,290
066583606,100,63,18,181
066583607,309,140,55,504
066583608,140,93,57,290
066583609,115,106,26,247
066583610,163,87,17,267
066583611,205,107,133,445
066583612,153,110,79,342
066583613,67,76,124,267
066583614,63,60,125,248
066583701,146,165,145,456
066583702,24,113,453,590
066583703,111,74,79,264
066583704,20,37,164,221
066583705,20,56,110,186
066583706,35,81,122,238
066583707,156,107,72,335
066583708,84,155,154,393
066583709,144,98,44,286
066583710,134,58,55,247
066583711,209,147,44,400
066583712,178,199,131,508
066583713,171,167,117,455
066583801,79,127,148,354
066583802,67,123,167,357
066583803,37,70,121,228
066583804,60,82,154,296
066583805,96,110,137,343
066583806,101,106,226,433
066583807,23,28,43,94
066583808,50,49,148,247
066583809,25,33,138,196
066583810,47,59,105,211
066583811,189,130,151,470
066583812,174,86,25,285
066583813,194,105,26,325
066583814,211,105,36,352
066583815,183,139,46,368
066583816,199,134,147,480
066583901,209,110,66,385
066583902,198,134,34,366
066583903,181,99,57,337
066583904,113,89,35,237
066583905,162,119,68,349
066583906,119,92,82,293
066583907,190,101,48,339
066583908,115,110,62,287
066583909,126,76,35,237
066583910,180,194,93,467
066584001,33,94,268,395
066584002,36,55,220,311
066584003,12,48,231,291
066584004,32,133,262,427
066584005,20,78,235,333
066584006,37,46,48,131
066584007,140,144,118,402
066584008,93,79,43,215
066584009,51,69,60,180
066584010,44,53,42,139
066584011,82,67,35,184
066584012,111,131,93,335
066584013,108,108,115,331
066584014,104,81,72,257
066584015,157,169,159,485
066584016,152,119,66,337
066584017,191,151,109,451
066584101,65,72,125,262
066584102,135,162,251,548
066584103,192,119,100,411
066584104,218,129,54,401
066584105,212,155,41,408
066584106,258,125,40,423
066584107,283,141,67,491
066584108,168,97,118,383
066584109,188,157,82,427
066584110,195,124,90,409
066584111,97,74,62,233
066584112,119,87,97,303
066584113,233,137,44,414
066584114,106,87,77,270
066584115,90,85,94,269
066584201,89,72,75,236
066584202,171,61,29,261
066584203,210,87,30,327
066584204,107,92,14,213
066584205,92,101,86,279
066584206,135,70,52,257
066584207,112,69,19,200
066584208,214,88,18,320
066584209,272,145,16,433
066584210,254,91,26,371
066584211,148,70,13,231
066584212,246,107,22,375
066584213,224,123,58,405
066584301,185,74,26,285
066584302,224,116,53,393
066584303,190,156,93,439
066584304,69,116,264,449
066584305,51,81,136,268
066584306,85,86,144,315
066584307,46,66,75,187
066584308,213,146,85,444
066584309,120,54,11,185
066584310,102,78,49,229
066584311,200,100,43,343
066584312,283,66,19,368
066584401,138,108,73,319
066584402,127,87,96,310
066584403,153,133,98,384
066584404,243,154,100,497
066584405,163,115,39,317
066584406,198,65,47,310
066584407,137,59,24,220
066584408,224,115,58,397
066584409,198,172,100,470
066584410,105,107,148,360
066584411,155,147,157,459
066584412,105,118,155,378
066584413,32,35,65,132
066584414,39,51,95,185
067490101,11,9,5,25
067490102,115,118,77,310
067490103,255,46,15,316
067490104,22,23,33,78
067490105,102,22,5,129
067490201,185,10,1,196
067490202,286,54,3,343
067490203,324,14,1,339
067490204,306,38,2,346
067490205,282,38,4,324
067490206,103,15,0,118
067490207,187,48,8,243
067490208,273,19,2,294
067490209,318,17,1,336
067490210,311,23,5,339
067490211,245,14,1,260
067490212,219,13,1,233
067490213,241,18,2,261
067490301,278,30,2,310
067490302,128,13,0,141
067490303,190,36,2,228
067490304,291,31,0,322
067490305,239,42,0,281
067490306,147,16,0,163
067490307,189,21,1,211
067490308,223,15,0,238
067490309,201,24,7,232
067490310,234,14,0,248
067490311,291,18,2,311
067490312,326,32,2,360
067490401,10,5,4,19
067490402,2,11,25,38
067490403,196,24,2,222
067490404,282,30,2,314
067490405,2,11,30,43
067490406,220,19,0,239
067490501,130,11,2,143
067490502,218,24,2,244
067490503,276,8,3,287
067490504,279,13,1,293
067490505,234,9,2,245
067490506,272,5,4,281
067490507,190,4,0,194
067490508,162,7,0,169
067490509,210,22,1,233
067490510,222,12,0,234
067490511,126,4,6,136
067490512,188,10,0,198
067490513,106,4,1,111
067490601,161,24,3,188
067490602,307,21,0,328
067490603,311,24,5,340
067490604,148,26,3,177
067490605,256,18,4,278
067490701,271,64,25,360
067490702,236,30,13,279
067490703,231,42,1,274
067490704,276,61,16,353
067490705,288,120,22,430
067490706,201,44,41,286
067490707,294,64,9,367
067490708,320,59,47,426
067490709,20,28,43,91
067490801,216,34,4,254
067490802,131,33,7,171
067490803,156,42,11,209
067490804,185,80,38,303
067490805,210,78,67,355
067490806,139,63,35,237
067490807,276,55,33,364
067490808,192,57,29,278
067490809,149,78,18,245
067490901,220,59,4,283
067490902,237,100,32,369
067490903,289,102,38,429
067490904,269,99,17,385
067490905,280,108,4,392
067490906,209,58,15,282
067490907,178,41,14,233
067490908,246,43,7,296
067490909,273,39,6,318
067490910,194,51,10,255
067490911,262,76,40,378
067490912,293,72,17,382
067490913,23,36,65,124
067491001,320,104,24,448
067491002,218,75,14,307
067491003,268,91,6,365
067491004,212,88,15,315
067491005,279,89,10,378
067491006,297,72,4,373
067491007,267,20,2,289
067491008,146,17,0,163
067491009,169,57,28,254
067491010,166,34,11,211
067491011,268,54,7,329
067491012,213,44,21,278
067491013,129,48,5,182
067491101,105,85,33,223
067491102,102,84,142,328
067491103,102,86,54,242
067491104,55,35,19,109
067491105,141,73,26,240
067491106,132,43,1,176
067491107,202,54,14,270
067491108,48,63,48,159
067491109,86,45,10,141
067491110,163,75,26,264
067491111,131,95,13,239
067491112,152,25,6,183
067491113,257,79,45,381
067491114,198,97,66,361
067491201,190,68,18,276
067491202,199,80,42,321
067491203,195,93,118,406
067491204,234,105,42,381
067491205,319,87,3,409
067491206,63,79,103,245
067491207,98,111,59,268
067491208,231,101,0,332
067491209,129,71,29,229
067491210,221,98,43,362
067491211,165,120,95,380
067491301,32,66,167,265
067491302,175,181,34,390
067491303,179,68,0,247
067491304,255,84,59,398
067491305,162,88,122,372
067491306,263,106,52,421
067491307,1,7,1,9
067491308,95,57,25,177
067491309,161,44,16,221
067491310,148,84,36,268
067491311,123,64,26,213
067491312,150,87,35,272
067491313,141,61,12,214
067491314,165,87,17,269
067491315,131,81,17,229
067491316,226,159,67,452
067491317,124,74,22,220
067491318,138,96,39,273
067491319,116,95,69,280
067491320,38,53,66,157
067491321,81,74,40,195
067491401,101,44,27,172
067491402,173,88,23,284
067491403,91,49,15,155
067491404,143,83,40,266
067491405,149,108,42,299
067491406,153,107,41,301
067491407,198,112,46,356
067491408,140,113,67,320
067491409,121,87,49,257
067491410,111,98,56,265
067491411,46,35,14,95
067491412,287,69,7,363
067491413,288,75,15,378
067491414,234,82,45,361
067491415,194,85,30,309
067491416,109,94,88,291
067491417,112,174,168,454
067491418,122,30,1,153
067491419,86,102,155,343
067491420,33,52,62,147
067491501,12,1,12,25
067491502,25,7,43,75
067491503,15,4,15,34
067491504,49,12,25,86
067491505,26,13,37,76
067491506,6,3,14,23
067491507,2,1,23,26
067491508,20,16,21,57
067491509,57,13,30,100
067491510,57,21,42,120
067491511,54,20,56,130
067491512,44,17,37,98
067491513,40,4,26,70
067560101,233,11,1,245
067560102,154,5,0,159
067560103,148,49,0,197
067560104,270,28,0,298
067560105,247,24,0,271
067560106,232,15,2,249
067560107,402,35,0,437
067560108,176,14,4,194
067560109,178,22,0,200
067560110,346,35,6,387
067560111,164,29,1,194
067560112,304,25,0,329
067560113,272,29,1,302
067560114,348,27,0,375
067560115,169,14,2,185
067560116,276,67,8,351
067560117,241,42,6,289
067560201,218,35,3,256
067560202,192,29,3,224
067560203,292,70,17,379
067560204,158,70,27,255
067560205,127,97,24,248
067560206,240,26,2,268
067560207,302,25,1,328
067560208,186,25,1,212
067560209,295,6,0,301
067560301,173,11,1,185
067560302,128,5,0,133
067560303,173,21,3,197
067560304,217,29,3,249
067560305,107,30,0,137
067560306,144,4,0,148
067560307,394,6,0,400
067560308,238,27,1,266
067560309,221,16,1,238
067560310,307,21,0,328
067560401,185,63,6,254
067560402,239,36,1,276
067560403,293,27,1,321
067560404,275,9,0,284
067560405,275,3,27,305
067560406,208,15,0,223
067560407,287,6,3,296
067560408,184,6,0,190
067560501,240,19,1,260
067560502,261,18,1,280
067560503,228,10,1,239
067560504,283,14,0,297
067560505,228,3,0,231
067560506,228,9,0,237
067560507,234,12,0,246
067560508,226,40,1,267
067560509,235,5,2,242
067560510,246,11,0,257
067560601,346,25,0,371
067560602,242,11,0,253
067560603,182,6,0,188
067560604,128,4,0,132
067560605,234,4,0,238
067560606,239,7,0,246
067560607,308,29,0,337
067560608,204,14,0,218
067560609,256,10,1,267
067560610,326,15,0,341
067560611,179,10,0,189
067560612,197,18,0,215
067560701,243,26,0,269
067560702,216,6,0,222
067560703,141,5,2,148
067560704,299,12,1,312
067560705,281,6,0,287
067560706,266,25,0,291
067560707,283,17,0,300
067560708,238,12,0,250
067560709,268,11,0,279
067560710,286,32,1,319
067560801,293,18,3,314
067560802,256,21,2,279
067560803,299,15,0,314
067560804,331,26,2,359
067560805,329,30,1,360
067560806,374,32,1,407
067560807,288,13,0,301
067560808,311,42,2,355
067560809,280,28,1,309
067560901,180,17,0,197
067560902,164,14,2,180
067560903,295,31,3,329
067560904,316,41,0,357
067560905,336,33,5,374
067560906,338,55,5,398
067560907,375,32,3,410
067560908,338,39,1,378
067560909,291,39,2,332
067560910,311,18,1,330
067560911,242,24,0,266
067560912,290,21,0,311
067560913,217,26,6,249
067560914,321,24,0,345
067560915,296,34,2,332
067560916,253,12,0,265
067561001,218,2,0,220
067561002,153,37,2,192
067561003,306,9,0,315
067561004,323,6,0,329
067561005,195,0,0,195
067561006,360,10,0,370
067561007,234,11,0,245
067561008,195,48,0,243
067561009,129,9,1,139
067561010,298,18,1,317
067561011,280,23,3,306
067561012,308,14,0,322
067561101,184,19,0,203
067561102,191,16,0,207
067561103,272,17,3,292
067561104,256,17,0,273
067561105,333,19,1,353
067561106,285,52,0,337
067561107,304,60,4,368
067561108,201,28,0,229
067561109,159,8,0,167
067561110,228,10,1,239
067561111,295,13,0,308
067561112,296,13,0,309
067561113,241,7,2,250
067561201,283,61,1,345
067561202,192,19,4,215
067561203,190,54,4,248
067561204,397,71,3,471
067561205,230,40,4,274
067561206,173,13,0,186
067561207,136,31,0,167
067561208,293,50,1,344
067561209,263,43,9,315
067561210,218,34,2,254
067561211,299,23,6,328
067561301,228,34,9,271
067561302,183,8,0,191
067561303,330,52,6,388
067561304,265,39,2,306
067561305,269,60,12,341
067561306,206,43,10,259
067561307,241,39,7,287
067561308,260,83,3,346
067561309,133,133,84,350
067561310,82,95,95,272
067561311,284,76,7,367
067561312,253,70,12,335
067561313,285,88,6,379
067561314,313,175,4,492
067561401,170,211,142,523
067561402,183,214,247,644
067561403,203,12,0,215
067561404,193,22,6,221
067561405,163,35,2,200
067561406,212,33,2,247
067561407,311,68,7,386
067561408,259,39,18,316
067561409,129,159,58,346
067561410,54,155,278,487
067561411,28,100,134,262
067561412,28,54,159,241
067561413,24,76,95,195
067561414,9,61,195,265
067561415,189,64,8,261
067561501,334,56,1,391
067561502,258,48,29,335
067561503,258,53,1,312
067561504,379,58,3,440
067561505,288,81,12,381
067561506,229,51,8,288
067561507,202,14,0,216
067561508,174,25,2,201
067561509,173,38,1,212
067561510,249,40,5,294
067561511,264,54,5,323
067561512,183,22,1,206
067561601,241,58,7,306
067561602,233,22,0,255
067561603,252,20,1,273
067561604,241,36,7,284
067561605,182,18,5,205
067561606,163,21,4,188
067561607,250,26,0,276
067561608,231,37,5,273
067561609,246,30,2,278
067561610,168,23,2,193
067561611,294,32,4,330
067561612,225,33,1,259
067561613,238,31,1,270
067561701,255,38,11,304
067561702,301,76,17,394
067561703,247,49,4,300
067561704,281,17,1,299
067561705,164,30,0,194
067561706,234,34,2,270
067561707,289,39,4,332
067561708,327,48,3,378
067561709,299,66,6,371
067561710,290,32,2,324
067561801,219,36,2,257
067561802,365,24,0,389
067561803,272,18,2,292
067561804,278,54,8,340
067561805,128,36,35,199
067561806,186,41,2,229
067561807,191,12,0,203
067561808,56,4,0,60
067561809,197,29,1,227
067561810,288,8,0,296
067561811,380,39,0,419
067561901,315,50,5,370
067561902,314,49,36,399
067561903,209,48,1,258
067561904,198,21,2,221
067561905,339,69,4,412
067561906,343,67,2,412
067561907,346,13,0,359
067561908,372,35,2,409
067561909,314,45,3,362
067561910,218,58,2,278
067562001,232,25,3,260
067562002,251,42,3,296
067562003,305,50,7,362
067562004,135,39,8,182
067562005,162,46,1,209
067562006,146,29,1,176
067562007,314,93,35,442
067562008,268,76,6,350
067562009,198,78,2,278
067562101,277,88,7,372
067562102,129,96,24,249
067562103,150,20,43,213
067562104,365,60,7,432
067562105,215,17,4,236
067562106,256,50,1,307
067562107,133,31,1,165
067562108,274,50,5,329
067562109,258,35,2,295
067562110,60,14,0,74
067562111,214,67,2,283
067562201,452,76,2,530
067562202,138,189,6,333
067562203,349,104,0,453
067562204,172,100,48,320
067562205,172,74,14,260
067562206,54,104,151,309
067562207,156,60,16,232
067562208,184,21,1,206
067562209,197,54,8,259
067562210,181,73,8,262
067562211,276,56,1,333
067562212,180,18,2,200
067562213,163,21,0,184
067562301,335,170,60,565
067562302,127,132,7,266
067562303,182,49,3,234
067562304,240,107,7,354
067562305,212,68,35,315
067562306,233,41,2,276
067562307,298,77,3,378
067562308,252,63,7,322
067562309,201,102,22,325
067562310,155,87,30,272
067562401,216,60,17,293
067562402,139,18,1,158
067562403,161,23,2,186
067562404,170,50,5,225
067562405,179,51,5,235
067562406,257,46,0,303
067562407,174,17,0,191
067562408,179,22,1,202
067562409,205,22,0,227
067562410,228,20,1,249
067562411,314,69,3,386
067562412,354,38,6,398
067562413,317,24,1,342
067562501,106,95,69,270
067562502,264,35,6,305
067562503,157,36,8,201
067562504,144,25,0,169
067562505,184,43,3,230
067562506,150,52,6,208
067562507,140,50,4,194
067562508,124,45,14,183
067562509,270,63,1,334
067562510,205,84,9,298
067562511,124,74,12,210
067562512,265,58,26,349
067562513,240,46,2,288
067562514,241,31,1,273
067562515,298,30,1,329
067562516,285,56,8,349
067562517,217,37,4,258
067562518,313,58,10,381
067562519,285,56,8,349
067562601,268,93,2,363
067562602,157,76,1,234
067562603,139,36,0,175
067562604,181,49,0,230
067562605,159,56,0,215
067562606,265,73,1,339
067562607,259,102,1,362
067562608,250,100,9,359
067562609,151,60,1,212
067562610,122,61,3,186
067562611,258,113,3,374
067562701,130,165,66,361
067562702,221,158,45,424
067562703,85,150,45,280
067562704,122,133,43,298
067562705,222,105,54,381
067562706,282,138,43,463
067562707,133,54,8,195
067562708,165,47,6,218
067562709,127,61,26,214
067562710,145,61,29,235
067562711,357,64,5,426
067562712,235,114,10,359
067600101,122,85,83,290
067600102,171,63,25,259
067600103,217,53,23,293
067600104,186,51,30,267
067600105,307,108,31,446
067600106,182,58,3,243
067600107,275,110,44,429
067600108,211,106,37,354
067600109,178,100,117,395
067600110,175,86,51,312
067600111,160,43,6,209
067600112,179,39,4,222
067600113,241,50,9,300
067600114,285,83,37,405
067600115,212,37,14,263
067600116,166,25,6,197
067600117,179,27,7,213
067600201,337,73,6,416
067600202,369,24,1,394
067600203,170,37,11,218
067600204,259,15,0,274
067600205,248,23,1,272
067600206,234,30,0,264
067600207,274,30,7,311
067600208,106,28,0,134
067600209,142,22,1,165
067600210,324,29,36,389
067600211,193,56,2,251
067600212,227,52,1,280
067600213,309,52,5,366
067600214,194,30,2,226
067600215,163,38,1,202
067600216,171,7,0,178
067600217,163,31,0,194
067600301,165,30,3,198
067600302,362,92,8,462
067600303,192,71,17,280
067600304,215,60,8,283
067600305,196,99,37,332
067600306,182,25,8,215
067600307,58,11,15,84
067600308,239,20,2,261
067600309,141,34,9,184
067600310,53,14,4,71
067600311,301,46,2,349
067600312,57,11,5,73
067600313,376,31,5,412
067600314,290,25,1,316
067600315,238,23,0,261
067600316,120,8,3,131
067600317,257,36,7,300
067600401,181,14,7,202
067600501,370,124,28,522
067600502,255,47,9,311
067600503,326,104,6,436
067600504,175,43,10,228
067600505,243,105,22,370
067600506,230,56,9,295
067600507,244,74,36,354
067600508,315,124,41,480
067600509,306,82,16,404
067600510,378,130,27,535
067600511,573,139,16,728
067600512,292,54,7,353
067600601,281,49,8,338
067600602,280,60,19,359
067600603,238,27,12,277
067600604,218,45,9,272
067600605,237,45,3,285
067600606,231,27,3,261
067600607,162,116,46,324
067600608,215,43,15,273
067600609,146,97,111,354
067600610,60,48,279,387
067600701,314,106,84,504
067600702,383,59,55,497
067600703,349,56,18,423
067600704,304,55,19,378
067600705,355,64,10,429
067600706,200,29,10,239
067600707,221,13,2,236
067600708,240,56,6,302
067600709,269,67,16,352
067600710,333,73,57,463
067600801,290,27,3,320
067600802,328,80,11,419
067600803,314,48,7,369
067600804,287,57,6,350
067600805,188,28,0,216
067600806,302,41,3,346
067600807,385,65,30,480
067600808,159,39,8,206
067600809,254,65,18,337
067600810,238,56,12,306
067600811,141,60,17,218
067600812,310,39,5,354
067600901,179,34,20,233
067600902,111,67,15,193
067600903,221,66,18,305
067600904,211,37,5,253
067600905,215,39,5,259
067600906,186,20,7,213
067600907,305,59,22,386
067600908,141,63,6,210
067600909,190,34,1,225
067600910,332,71,7,410
067600911,348,77,7,432
067600912,327,83,13,423
067600913,325,53,3,381
067600914,202,89,32,323
067600915,92,58,22,172
067600916,144,66,28,238
067601001,98,45,24,167
067601002,147,63,44,254
067601003,83,45,45,173
067601004,110,65,55,230
067601005,90,49,53,192
067601006,26,10,18,54
067601007,55,29,8,92
067601008,37,28,32,97
067601009,124,57,38,219
067601010,19,25,24,68
067601011,49,29,39,117
067601012,118,102,170,390
067601013,110,107,136,353
067601014,91,83,114,288
067601015,135,113,119,367
067601101,167,43,12,222
067601102,146,59,47,252
067601103,322,168,60,550
067601104,171,131,89,391
067601105,140,34,10,184
067601106,347,197,79,623
067601107,195,107,61,363
067601108,217,177,127,521
067601109,130,72,24,226
067601110,181,105,105,391
067601111,192,153,146,491
067601112,92,57,29,178
067601113,159,39,23,221
067601114,90,60,7,157
067601115,84,59,18,161
067601116,96,34,8,138
067601117,146,40,28,214
067601201,128,46,38,212
067601202,120,76,31,227
067601203,63,35,1,99
067601204,126,30,10,166
067601205,199,47,7,253
067601206,134,37,0,171
067601207,77,26,4,107
067601208,143,29,56,228
067601209,104,35,67,206
067601210,80,67,61,208
067601211,178,79,36,293
067601212,97,73,121,291
067601213,2,2,0,4
067601214,112,66,125,303
067601215,120,76,89,285
067601216,73,84,158,315
067601217,76,139,128,343
067601218,5,40,145,190
067601219,18,72,162,252
067601301,140,48,7,195
067601302,212,70,35,317
067601303,116,34,7,157
067601304,127,60,13,200
067601305,165,70,31,266
067601306,96,73,165,334
067601307,93,71,58,222
067601308,94,80,64,238
067601309,76,119,146,341
067601310,134,116,145,395
067601311,125,78,119,322
067601312,215,70,22,307
067601313,208,36,8,252
067601314,101,149,144,394
067601315,170,82,125,377
067601316,68,66,47,181
067601401,94,62,61,217
067601402,75,75,63,213
067601403,114,94,79,287
067601404,179,123,95,397
067601405,98,78,114,290
067601406,60,117,322,499
067601407,66,82,163,311
067601408,94,101,62,257
067601409,149,109,102,360
067601410,102,78,119,299
067601411,41,81,117,239
067601412,52,111,216,379
067601413,54,90,195,339
067601414,49,77,96,222
067601415,29,44,40,113
067601501,159,74,48,281
067601502,126,74,29,229
067601503,80,49,25,154
067601504,78,68,62,208
067601505,86,137,194,417
067601506,59,53,79,191
067601507,135,90,76,301
067601508,156,98,57,311
067601509,76,136,164,376
067601510,18,38,122,178
067601511,33,74,95,202
067601512,225,81,29,335
067601513,140,87,38,265
067601514,107,55,58,220
067601515,102,66,25,193
067601516,113,54,33,200
067601601,142,65,39,246
067601602,117,77,41,235
067601603,151,107,72,330
067601604,150,86,60,296
067601605,133,110,104,347
067601606,120,102,158,380
067601607,66,95,125,286
067601608,98,122,101,321
067601609,87,51,66,204
067601610,119,69,62,250
067601611,113,61,38,212
067601612,120,36,22,178
067601613,133,107,81,321
067601614,151,84,66,301
067601701,113,104,115,332
067601702,117,82,90,289
067601703,112,73,78,263
067601704,106,88,97,291
067601705,83,80,160,323
067601706,126,83,123,332
067601707,106,96,61,263
067601708,122,119,115,356
067601709,146,89,52,287
067601710,177,81,33,291
067601711,107,62,60,229
067601712,98,100,65,263
067601713,142,80,25,247
067601714,156,69,40,265
067601715,120,115,96,331
067601716,107,72,42,221
067601801,76,64,134,274
067601802,99,83,114,296
067601803,130,89,108,327
067601804,80,56,178,314
067601805,55,62,98,215
067601806,97,65,88,250
067601807,68,65,127,260
067601808,69,94,183,346
067601809,59,48,152,259
067601810,96,71,109,276
067601811,86,79,110,275
067601812,94,84,159,337
067601813,89,67,92,248
067601814,86,70,118,274
067601815,73,68,101,242
067601816,100,57,80,237
068050101,111,52,29,192
068050102,101,62,28,191
068050103,46,38,64,148
068050104,142,96,63,301
068050105,87,23,0,110
068050106,122,29,2,153
068050107,181,56,10,247
068050108,122,37,3,162
068050201,33,11,63,107
068050202,155,40,9,204
068050203,100,90,164,354
068050204,130,82,164,376
068050205,180,111,133,424
068050301,81,6,0,87
068050302,60,34,38,132
068050303,78,35,174,287
068050304,419,85,9,513
068050305,235,68,118,421
068050306,339,49,0,388
068050307,362,43,2,407
068050308,183,34,1,218
068050309,137,13,1,151
068050310,121,13,0,134
068050311,358,19,1,378
068050401,177,33,7,217
068050402,98,55,77,230
068050403,148,148,211,507
068050404,153,104,174,431
068050405,178,108,150,436
068050406,167,98,45,310
068050407,204,129,288,621
068050408,156,74,46,276
068050409,271,91,20,382
068050410,311,89,49,449
068050411,352,62,12,426
068050412,605,80,2,687
068050501,317,22,2,341
068050502,307,24,5,336
068050503,347,40,8,395
068050504,213,37,0,250
068050505,143,57,65,265
068050506,184,73,20,277
068050507,371,92,34,497
068050508,311,49,11,371
068050509,210,33,11,254
068050510,204,50,7,261
068050511,318,73,56,447
068050512,199,126,114,439
068050513,225,98,45,368
068050601,38,100,527,665
068050602,144,28,12,184
068050603,277,66,6,349
068050604,310,50,8,368
068050605,153,45,3,201
068050606,175,26,12,213
068050607,101,12,4,117
068050608,305,22,1,328
068050609,346,28,4,378
068050610,307,34,1,342
068050611,268,26,2,296
068050612,317,27,1,345
068050701,122,27,6,155
068050702,223,24,4,251
068050703,254,62,24,340
068050704,190,39,13,242
068050705,135,82,45,262
068050706,86,35,19,140
068050707,98,13,13,124
068050708,18,8,0,26
068050709,64,10,3,77
068050710,16,5,7,28
068050711,19,12,3,34
068050801,101,23,10,134
068050802,73,12,0,85
068050803,160,19,3,182
068050804,211,22,1,234
068050805,130,40,1,171
068050806,204,53,6,263
068050807,258,67,31,356
068050808,168,90,29,287
068050809,106,124,174,404
068050810,80,53,55,188
068050811,158,89,140,387
068050812,65,60,107,232
068050813,200,105,195,500
068050814,214,112,66,392
068050901,0,1,0,1
068050902,150,90,47,287
068050903,163,75,60,298
068050904,354,162,81,597
068050905,477,114,5,596
068050906,442,114,3,559
068051001,343,112,29,484
068051002,176,81,35,292
068051003,172,94,32,298
068051004,281,139,55,475
068051005,189,53,9,251
068051006,271,81,30,382
068051007,119,126,124,369
068051008,149,185,164,498
068051009,106,118,227,451
068051010,60,102,132,294
068051011,99,116,61,276
068051012,245,41,1,287
068051013,188,37,0,225
068051101,172,105,54,331
068051102,144,63,30,237
068051103,414,64,7,485
068051104,386,66,13,465
068051105,239,97,67,403
068051106,156,86,95,337
068051107,154,101,125,380
068051108,135,130,159,424
068051109,111,103,131,345
068051110,167,155,130,452
068051201,188,45,12,245
068051202,220,65,30,315
068051203,281,51,3,335
068051204,228,35,3,266
068051205,204,66,7,277
068051206,190,41,1,232
068051207,195,55,10,260
068051208,183,58,8,249
068051209,183,24,1,208
068051210,478,77,13,568
068051211,277,52,5,334
068051212,349,66,1,416
068051213,226,44,9,279
068051214,224,41,7,272
068051301,323,65,0,388
068051302,346,48,0,394
068051303,352,72,17,441
068051304,278,96,9,383
068051305,220,90,26,336
068051306,118,87,40,245
068051307,207,68,16,291
068051308,284,189,95,568
068051309,82,80,86,248
068051310,64,52,72,188
068051311,142,103,144,389
068051312,140,106,134,380
068051313,185,96,60,341
068051314,180,73,59,312
068051315,182,72,15,269
068051316,289,72,6,367
068051317,165,74,6,245
068051318,362,88,26,476
068051401,169,125,103,397
068051402,132,60,33,225
068051403,210,99,38,347
068051404,191,94,34,319
068051405,261,108,56,425
068051406,184,73,40,297
068051407,176,65,57,298
068051408,109,114,57,280
068051409,185,101,38,324
068051410,152,73,61,286
068051411,169,80,78,327
068051412,145,86,56,287
068051413,133,141,66,340
068051414,176,123,62,361
068051415,145,111,87,343
068051416,242,145,94,481
068051501,207,44,5,256
068051502,208,58,11,277
068051503,312,51,10,373
068051504,231,83,10,324
068051505,207,64,42,313
068051506,242,136,54,432
068051507,256,99,13,368
068051508,263,110,32,405
068051509,314,72,18,404
068051510,265,58,19,342
068051511,168,59,61,288
068051512,177,38,10,225
068051513,262,76,14,352
068051601,118,116,103,337
068051602,240,178,95,513
068051603,119,95,87,301
068051604,169,132,110,411
068051605,158,75,39,272
068051606,173,100,40,313
068051607,187,107,52,346
068051608,127,88,56,271
068051609,213,63,18,294
068051610,108,117,104,329
068051611,222,96,31,349
068051701,172,83,90,345
068051702,234,77,31,342
068051703,160,59,11,230
068051704,165,72,13,250
068051705,285,72,33,390
068051706,262,105,48,415
068051707,268,138,29,435
068051708,264,128,36,428
068051709,262,90,28,380
068051710,203,71,25,299
068051711,177,98,80,355
068051801,122,42,16,180
068051802,136,55,36,227
068051803,296,69,38,403
068051804,265,98,17,380
068051805,249,64,17,330
068051806,210,39,5,254
068051807,191,65,7,263
068051808,285,89,29,403
068051809,289,58,12,359
068051810,283,100,24,407
068051811,340,56,12,408
068051812,37,84,92,213
068051901,114,60,20,194
068051902,220,42,3,265
068051903,217,68,8,293
068051904,161,49,6,216
068051905,166,80,30,276
068051906,258,124,44,426
068051907,176,58,2,236
068051908,164,40,13,217
068051909,208,48,31,287
068051910,157,22,32,211
068051911,332,108,19,459
068051912,303,73,18,394
068051913,78,4,0,82
068051914,232,24,23,279
068052001,114,47,7,168
068052002,112,62,56,230
068052003,93,67,49,209
068052004,293,115,110,518
068052005,219,156,28,403
068052006,127,96,66,289
068052007,182,217,97,496
068052008,156,36,36,228
068052009,179,79,71,329
068052010,165,103,24,292
068052011,156,98,92,346
068052012,183,56,30,269
068052013,123,63,65,251
068052014,231,43,23,297
068052101,75,104,108,287
068052102,102,95,60,257
068052103,214,180,101,495
068052104,249,156,121,526
068052105,199,107,32,338
068052106,134,90,50,274
068052107,16,62,127,205
068052108,126,111,68,305
068052109,154,85,45,284
068052110,129,106,74,309
068052111,156,121,89,366
068052112,190,103,48,341
068052113,124,94,83,301
068052114,114,84,70,268
068052201,154,84,165,403
068052202,109,147,217,473
068052203,170,121,170,461
068052204,139,114,205,458
068052205,227,146,147,520
068052206,207,87,61,355
068052207,148,105,69,322
068052208,229,69,20,318
068052209,291,86,32,409
068052210,156,88,23,267
068052301,96,75,141,312
068052302,92,80,201,373
068052303,185,139,141,465
068052304,202,143,62,407
068052305,124,103,85,312
068052306,206,89,27,322
068052307,138,97,138,373
068052308,110,71,45,226
068052309,48,49,106,203
068052310,128,110,82,320
068052311,79,42,65,186
068052312,261,323,465,1049
068052313,276,66,3,345
068052314,66,96,279,441
068052315,80,85,169,334
068052401,239,108,57,404
068052402,214,132,68,414
068052403,241,62,10,313
068052404,243,83,35,361
068052405,193,132,67,392
068052406,102,60,44,206
068052407,152,30,1,183
068052408,166,80,94,340
068052409,144,113,117,374
068052410,124,108,123,355
068052501,139,56,74,269
068052502,98,79,104,281
068052503,111,39,4,154
068052504,92,29,13,134
068052505,162,104,133,399
068052506,153,107,126,386
068052507,140,125,319,584
068052508,163,40,0,203
068052509,183,48,17,248
068052510,182,58,17,257
068052511,199,102,29,330
068052512,169,126,128,423
068052601,17,8,22,47
068052602,32,13,28,73
068052603,80,29,41,150
068052604,41,12,15,68
068052605,37,8,6,51
068052606,23,14,7,44
068052607,14,2,11,27
068052608,49,10,19,78
068052609,132,53,108,293
068052610,118,39,56,213
068052611,84,20,8,112
068052612,56,12,12,80
068052613,52,18,13,83
068052614,16,14,6,36
068052615,79,21,15,115
068052616,23,21,12,56
068052617,5,2,11,18
068052618,30,10,34,74
068052619,62,16,37,115
068052620,101,35,35,171
068052621,38,19,13,70
068400101,51,39,27,117
068400102,169,72,91,332
068400103,165,134,177,476
068400104,114,55,62,231
068400105,226,133,131,490
068400106,154,110,85,349
068400107,95,69,88,252
068400108,31,33,102,166
068400109,142,69,63,274
068400110,207,107,96,410
068400111,147,91,55,293
068400112,139,69,78,286
068400113,338,134,95,567
068400201,217,58,54,329
068400202,200,95,52,347
068400203,210,68,14,292
068400204,190,48,21,259
068400205,179,102,11,292
068400206,258,55,11,324
068400207,144,56,11,211
068400208,177,47,4,228
068400209,244,56,17,317
068400210,201,61,9,271
068400211,210,63,10,283
068400212,259,79,28,366
068400301,256,70,22,348
068400302,250,105,41,396
068400303,174,102,25,301
068400304,237,92,50,379
068400305,205,114,58,377
068400306,175,89,40,304
068400307,222,114,25,361
068400308,284,108,38,430
068400309,173,85,30,288
068400310,170,68,19,257
068400311,266,145,49,460
068400312,241,123,48,412
068400401,184,123,162,469
068400402,129,67,175,371
068400403,153,55,32,240
068400404,138,83,10,231
068400405,134,75,31,240
068400406,163,55,16,234
068400407,179,101,32,312
068400408,103,30,16,149
068400409,172,89,20,281
068400410,307,94,13,414
068400411,193,81,24,298
068400412,120,44,4,168
068400413,240,93,20,353
068400414,333,6,2,341
068400415,341,2,2,345
068400416,371,1,0,372
068400417,388,5,3,396
068400501,126,94,37,257
068400502,177,89,5,271
068400503,175,120,19,314
068400504,201,67,15,283
068400505,180,40,7,227
068400506,174,17,0,191
068400507,171,77,6,254
068400508,408,4,0,412
068400509,167,55,3,225
068400510,223,57,7,287
068400511,354,92,9,455
068400512,274,101,18,393
068400601,186,91,37,314
068400602,144,32,16,192
068400603,154,44,16,214
068400604,189,69,18,276
068400605,279,64,7,350
068400606,292,87,13,392
068400607,242,42,3,287
068400608,178,30,2,210
068400609,132,34,6,172
068400610,163,66,6,235
068400611,124,77,3,204
068400612,145,44,5,194
068400613,191,75,4,270
068400614,239,89,14,342
068400615,220,66,10,296
068400616,218,74,4,296
068400701,294,92,7,393
068400702,309,76,4,389
068400703,255,25,4,284
068400704,253,46,5,304
068400705,207,34,3,244
068400706,233,41,10,284
068400707,261,39,6,306
068400708,249,87,1,337
068400709,282,60,6,348
068400710,334,42,3,379
068400711,270,56,5,331
068400801,239,49,1,289
068400802,116,48,2,166
068400803,148,17,1,166
068400804,208,72,6,286
068400805,263,48,9,320
068400806,178,31,1,210
068400807,201,50,2,253
068400808,169,41,7,217
068400809,269,74,3,346
068400810,185,40,13,238
068400811,262,33,1,296
068400812,316,33,2,351
068400901,253,41,1,295
068400902,203,10,2,215
068400903,313,10,1,324
068400904,191,18,0,209
068400905,203,5,0,208
068400906,293,12,0,305
068400907,265,16,0,281
068400908,230,1,0,231
068400909,227,8,1,236
068400910,269,13,5,287
068401001,389,12,3,404
068401002,422,14,2,438
068401003,226,12,0,238
068401004,302,13,0,315
068401005,200,4,1,205
068401006,308,13,0,321
068401007,297,3,0,300
068401008,234,22,0,256
068401009,181,5,0,186
068401010,242,5,2,249
068401011,227,25,1,253
068401012,133,30,1,164
068401013,194,29,6,229
068401101,231,50,1,282
068401102,164,57,4,225
068401103,134,30,1,165
068401104,76,12,8,96
068401105,174,72,3,249
068401106,328,38,8,374
068401107,213,60,4,277
068401108,347,50,4,401
068401109,244,49,3,296
068401110,306,33,2,341
068401111,289,37,2,328
068401112,237,79,4,320
068401201,287,56,3,346
068401202,297,59,13,369
068401203,305,43,3,351
068401204,121,56,1,178
068401205,252,49,5,306
068401206,1,3,0,4
068401207,170,16,0,186
068401208,197,29,2,228
068401209,232,25,8,265
068401210,270,37,5,312
068401211,280,64,5,349
068401301,270,32,5,307
068401302,163,34,3,200
068401303,297,89,6,392
068401304,290,44,3,337
068401305,234,34,2,270
068401306,208,16,2,226
068401307,161,30,3,194
068401308,188,24,2,214
068401309,263,64,7,334
068401310,309,86,8,403
068401311,180,50,4,234
068401312,299,50,2,351
068401313,183,22,0,205
068401314,142,36,0,178
068401401,251,66,2,319
068401402,126,34,3,163
068401403,159,73,8,240
068401404,279,87,2,368
068401405,174,27,4,205
068401406,202,50,4,256
068401407,226,46,5,277
068401408,120,34,1,155
068401409,232,48,3,283
068401410,267,29,2,298
068401501,186,20,3,209
068401502,310,66,13,389
068401503,242,14,2,258
068401504,208,16,0,224
068401505,305,63,7,375
068401506,312,50,3,365
068401507,142,37,1,180
068401508,239,10,0,249
068401509,277,33,15,325
068401510,338,25,5,368
068401511,155,26,0,181
068401512,165,27,29,221
068401513,263,45,6,314
068401514,261,57,2,320
068401601,233,15,2,250
068401602,232,32,4,268
068401603,256,31,4,291
068401604,277,27,0,304
068401605,277,30,2,309
068401606,270,39,2,311
068401607,189,22,2,213
068401608,289,43,2,334
068401609,274,31,2,307
068401610,168,16,5,189
068401611,143,26,0,169
068401612,172,23,2,197
068401613,298,20,2,320
068401614,118,38,1,157
068401701,247,21,1,269
068401702,384,50,0,434
068401703,284,38,2,324
068401704,219,24,0,243
068401705,224,61,4,289
068401706,342,50,3,395
068401707,216,20,1,237
068401708,235,42,1,278
068401709,153,44,3,200
068401710,170,56,10,236
068401711,155,20,2,177
068401712,150,50,0,200
068401713,175,28,6,209
068401801,66,37,10,113
068401802,228,32,4,264
068401803,153,7,2,162
068401804,170,47,0,217
068401805,138,13,14,165
068401806,329,33,1,363
068401807,349,35,1,385
068401808,313,37,5,355
068401809,249,81,9,339
068401810,270,54,9,333
068401811,187,35,3,225
068401812,163,44,2,209
068401813,281,50,5,336
068401814,182,83,2,267
068401901,187,10,1,198
068401902,210,8,6,224
068401903,304,30,1,335
068401904,374,57,2,433
068401905,245,65,7,317
068401906,250,74,6,330
068401907,195,52,5,252
068401908,174,93,2,269
068401909,184,43,8,235
068401910,191,19,0,210
068401911,225,36,7,268
068401912,177,64,5,246
068402001,216,64,8,288
068402002,223,38,2,263
068402003,284,60,10,354
068402004,268,77,6,351
068402005,227,87,9,323
068402006,236,73,9,318
068402007,208,54,8,270
068402008,150,39,2,191
068402009,163,90,21,274
068402010,169,51,11,231
068402011,271,47,13,331
068402101,151,56,9,216
068402102,173,41,3,217
068402103,111,44,2,157
068402104,159,36,5,200
068402105,115,35,7,157
068402106,315,49,2,366
068402107,303,68,5,376
068402108,154,94,14,262
068402109,237,63,17,317
068402110,229,87,17,333
068402201,215,115,34,364
068402202,220,62,10,292
068402203,218,82,22,322
068402204,190,94,9,293
068402205,208,43,14,265
068402206,235,64,17,316
068402207,308,50,4,362
068402208,245,81,20,346
068402301,207,30,3,240
068402302,220,43,4,267
068402303,119,48,5,172
068402304,169,45,5,219
068402305,278,82,4,364
068402306,99,82,7,188
068402307,123,52,11,186
068402308,193,125,74,392
068402309,152,71,5,228
068402310,152,92,20,264
068402401,220,95,11,326
068402402,226,53,5,284
068402403,107,73,4,184
068402404,152,50,22,224
068402405,50,47,103,200
068402406,104,58,3,165
068402407,204,67,6,277
068402408,176,36,18,230
068402409,161,48,3,212
068402410,153,35,0,188
068402501,24,30,68,122
068402502,17,11,22,50
068402503,25,36,86,147
068402504,74,40,104,218
068402505,50,28,55,133
068402506,64,94,105,263
068402507,21,21,48,90
068402508,3,62,97,162
068402509,33,39,69,141
068402510,72,120,25,217
068402511,63,75,46,184
068402601,145,138,71,354
068402602,662,269,20,951
068402603,267,71,16,354
068402604,108,49,3,160
068402605,213,82,6,301
068402606,589,277,38,904
068402607,75,53,45,173
068402608,5,0,0,5
068402701,189,45,4,238
068402702,287,40,22,349
068402703,125,93,61,279
068402704,242,52,7,301
068402705,79,24,0,103
068402706,85,15,4,104
068402707,175,36,4,215
068402708,186,75,4,265
068402709,224,39,2,265
068402710,240,49,10,299
068402711,139,56,4,199
068402712,272,24,4,300
068402713,205,46,7,258
068402801,242,16,7,265
068402802,173,65,5,243
068402803,55,51,87,193
068402804,141,74,11,226
068402805,229,83,21,333
068402806,156,89,15,260
068402807,264,102,12,378
068402808,183,37,5,225
068402809,181,70,9,260
068402810,171,39,11,221
068402811,204,67,7,278
068402901,247,61,4,312
068402902,185,64,7,256
068402903,315,98,13,426
068402904,169,47,1,217
068402905,291,51,7,349
068402906,209,34,20,263
068402907,215,84,6,305
068402908,230,43,0,273
068402909,284,38,8,330
068402910,306,54,3,363
068402911,145,26,0,171
068403001,126,51,8,185
068403002,121,11,1,133
068403003,223,37,1,261
068403004,226,42,4,272
068403005,142,12,2,156
068403006,180,29,6,215
068403007,180,41,6,227
068403008,296,20,5,321
068403009,194,31,0,225
068403010,177,18,17,212
068403011,253,32,4,289
068403012,165,13,0,178
068403013,183,30,0,213
068403101,30,39,41,110
068403102,195,66,8,269
068403103,280,78,2,360
068403104,153,37,3,193
068403105,191,66,26,283
068403106,248,57,18,323
068403107,252,46,4,302
068403108,279,40,8,327
068403109,284,62,8,354
068403110,204,25,5,234
068403201,131,11,1,143
068403202,250,34,6,290
068403203,197,41,3,241
068403204,263,43,1,307
068403205,196,50,2,248
068403206,148,52,6,206
068403207,263,29,7,299
068403208,238,40,2,280
068403209,236,58,5,299
068610101,211,25,0,236
068610102,155,11,0,166
068610103,227,19,1,247
068610104,282,21,1,304
068610105,271,39,1,311
068610106,192,24,0,216
068610107,239,11,0,250
068610108,236,17,1,254
068610109,222,16,3,241
068610110,205,26,0,231
068610111,178,12,2,192
068610201,144,78,34,256
068610202,193,16,0,209
068610203,132,10,1,143
068610204,301,14,3,318
068610205,201,21,0,222
068610206,165,7,0,172
068610207,164,28,1,193
068610208,126,10,1,137
068610209,227,19,20,266
068610210,296,2,1,299
068610211,228,16,0,244
068610212,223,2,2,227
068610301,300,25,1,326
068610302,223,9,1,233
068610303,316,5,0,321
068610304,353,7,2,362
068610305,258,3,0,261
068610306,243,6,0,249
068610307,221,24,2,247
068610308,269,4,0,273
068610309,151,18,0,169
068610310,228,3,0,231
068610311,293,27,0,320
068610401,272,13,0,285
068610402,155,35,1,191
068610403,249,23,3,275
068610404,150,15,0,165
068610405,192,31,44,267
068610406,253,26,0,279
068610407,255,42,1,298
068610408,166,18,1,185
068610409,197,8,1,206
068610410,217,37,0,254
068610411,181,10,5,196
068610501,242,5,0,247
068610502,202,18,0,220
068610503,204,20,0,224
068610504,252,12,0,264
068610505,205,19,1,225
068610506,0,0,0,0
068610507,230,4,1,235
068610508,316,14,4,334
068610509,311,10,1,322
068610601,80,14,9,103
068610602,205,8,0,213
068610603,230,13,0,243
068610604,271,2,0,273
068610605,131,2,0,133
068610606,223,30,1,254
068610607,251,22,0,273
068610608,160,4,0,164
068610609,249,19,0,268
068610610,380,10,0,390
068610611,130,20,0,150
068610701,252,6,0,258
068610702,247,2,0,249
068610703,248,20,0,268
068610704,240,5,0,245
068610705,295,13,0,308
068610706,138,39,0,177
068610707,264,10,0,274
068610708,280,2,3,285
068610709,251,13,2,266
068610801,318,20,1,339
068610802,271,27,0,298
068610803,191,8,0,199
068610804,253,16,3,272
068610805,176,7,0,183
068610806,222,10,1,233
068610807,164,36,0,200
068610808,244,11,0,255
068610809,149,12,1,162
068610810,234,21,1,256
068610811,201,24,0,225
068610901,304,36,1,341
068610902,217,9,0,226
068610903,197,22,0,219
068610904,188,26,1,215
068610905,338,43,5,386
068610906,298,23,2,323
068610907,246,45,1,292
068610908,254,18,1,273
068610909,114,9,2,125
068610910,263,10,0,273
068610911,342,31,2,375
068610912,266,24,3,293
068611001,292,38,0,330
068611002,337,57,1,395
068611003,312,32,2,346
068611004,311,16,7,334
068611005,280,35,1,316
068611006,289,23,1,313
068611007,301,21,3,325
068611008,289,37,3,329
068611009,258,17,3,278
068611010,276,19,2,297
068611101,300,27,2,329
068611102,192,30,2,224
068611103,246,41,2,289
068611104,202,26,0,228
068611105,184,12,0,196
068611106,266,27,4,297
068611107,325,33,2,360
068611108,209,21,1,231
068611109,254,38,2,294
068611110,228,20,0,248
068611201,241,20,0,261
068611202,229,28,0,257
068611203,174,11,0,185
068611204,157,7,0,164
068611205,298,33,4,335
068611206,218,11,2,231
068611207,247,38,4,289
068611208,268,40,2,310
068611209,263,8,1,272
068611301,157,10,0,167
068611302,222,10,0,232
068611303,217,6,1,224
068611304,266,15,0,281
068611305,269,23,3,295
068611306,300,14,0,314
068611307,228,17,2,247
068611308,213,7,0,220
068611309,279,24,1,304
068611401,254,4,0,258
068611402,226,4,2,232
068611403,219,23,0,242
068611404,251,27,2,280
068611405,190,11,0,201
068611406,181,4,0,185
068611407,283,35,0,318
068611408,228,25,3,256
068611409,331,17,1,349
068611410,214,26,1,241
068611411,143,1,0,144
068611412,220,8,0,228
068611501,260,13,0,273
068611502,300,8,0,308
068611503,384,4,2,390
068611504,87,8,1,96
068611505,160,24,0,184
068611506,221,50,1,272
068611507,259,18,0,277
068611508,389,10,0,399
068611509,218,36,0,254
068611510,252,59,3,314
068611601,196,11,0,207
068611602,178,18,0,196
068611603,246,19,0,265
068611604,300,21,0,321
068611605,268,14,0,282
068611606,260,27,0,287
068611607,291,22,0,313
068611608,241,14,0,255
068611609,333,29,1,363
068611610,277,30,1,308
068611611,257,16,1,274
068611701,281,40,0,321
068611702,292,16,0,308
068611703,237,14,1,252
068611704,213,13,1,227
068611705,242,7,1,250
068611706,231,19,3,253
068611707,261,62,6,329
068611708,280,29,6,315
068611709,288,25,5,318
068611801,316,48,4,368
068611802,309,38,3,350
068611803,212,56,3,271
068611804,239,15,2,256
068611805,180,13,2,195
068611806,268,63,2,333
068611807,267,33,4,304
068611808,247,52,0,299
068611809,268,36,2,306
068611810,344,17,1,362
068611901,263,23,3,289
068611902,109,10,0,119
068611903,274,25,2,301
068611904,246,19,1,266
068611905,316,17,2,335
068611906,254,28,2,284
068611907,297,20,0,317
068611908,246,6,1,253
068611909,249,17,1,267
068611910,253,13,1,267
068611911,319,12,1,332
068611912,342,14,0,356
068611913,224,32,1,257
068611914,219,9,2,230
068611915,170,26,1,197
068612001,312,29,12,353
068612002,242,16,6,264
068612003,312,28,10,350
068612004,298,19,8,325
068612005,320,23,8,351
068612006,326,26,14,366
068612007,258,28,10,296
068612008,224,13,4,241
068612101,284,38,2,324
068612102,239,26,1,266
068612103,279,34,0,313
068612104,283,24,4,311
068612105,275,12,1,288
068612106,316,33,1,350
068612107,303,20,6,329
068612108,363,33,1,397
068612109,260,16,2,278
068612201,298,15,3,316
068612202,272,28,5,305
068612203,257,38,6,301
068612204,272,34,0,306
068612205,286,45,3,334
068612206,267,38,2,307
068612207,262,46,0,308
068612208,332,36,0,368
068612209,171,16,3,190
068612210,174,32,2,208
068612211,181,19,2,202
068612212,166,17,0,183
068612301,269,79,36,384
068612302,264,72,14,350
068612303,260,98,14,372
068612304,104,61,53,218
068612305,131,72,108,311
068612306,128,18,8,154
068612307,280,68,15,363
068612308,185,33,0,218
068612309,182,29,6,217
068612401,320,65,10,395
068612402,298,77,7,382
068612403,201,41,6,248
068612404,198,35,1,234
068612405,233,71,20,324
068612406,229,43,5,277
068612407,372,31,1,404
068612408,342,15,0,357
068612409,285,39,3,327
068612410,269,55,2,326
068612411,354,65,1,420
068612501,195,27,4,226
068612502,335,86,1,422
068612503,276,75,14,365
068612504,63,94,18,175
068612505,214,56,9,279
068612506,247,22,0,269
068612507,240,36,3,279
068612508,302,55,5,362
068612509,270,68,8,346
068612601,319,71,1,391
068612602,243,34,2,279
068612603,242,19,0,261
068612604,273,36,1,310
068612605,241,57,2,300
068612606,307,18,2,327
068612607,313,25,4,342
068612608,363,36,6,405
068612609,273,43,6,322
068612610,263,26,3,292
068612701,308,45,3,356
068612702,284,20,0,304
068612703,235,27,6,268
068612704,198,34,1,233
068612705,204,24,6,234
068612706,253,33,1,287
068612707,290,38,4,332
068612708,236,55,4,295
068612709,182,58,1,241
068612710,191,51,1,243
068612801,160,29,0,189
068612802,322,25,1,348
068612803,186,23,3,212
068612804,248,53,1,302
068612805,206,26,4,236
068612806,244,36,0,280
068612807,238,25,1,264
068612808,174,10,1,185
068612809,198,40,4,242
068612810,261,28,3,292
068612901,373,111,9,493
068612902,226,47,8,281
068612903,256,70,2,328
068612904,210,32,0,242
068612905,170,80,17,267
068612906,132,30,3,165
068612907,131,32,6,169
068612908,294,147,19,460
068612909,160,22,0,182
068612910,292,28,0,320
068612911,225,12,1,238
068612912,160,32,0,192
068613001,206,39,24,269
068613002,175,66,18,259
068613003,102,73,136,311
068613004,67,70,264,401
068613005,60,40,116,216
068613006,32,41,172,245
068613007,164,79,3,246
068613008,42,22,2,66
068613009,219,102,45,366
068613010,160,34,0,194
068613011,230,27,3,260
068613012,270,67,3,340
068613101,361,37,15,413
068613102,455,49,9,513
068613103,280,64,2,346
068613104,526,103,9,638
068613105,175,39,5,219
068613106,230,88,4,322
068613107,332,65,8,405
068613108,301,38,40,379
068613109,222,57,21,300
068613110,316,58,6,380
068613201,178,18,11,207
068613202,368,23,7,398
068613203,59,6,8,73
068613204,93,8,6,107
068613205,142,13,6,161
068613206,199,20,5,224
068613207,324,29,16,369
068613208,216,13,4,233
068613209,154,11,2,167
068613210,312,25,14,351
068613301,306,21,10,337
068613302,285,22,8,315
068613303,331,20,8,359
068613304,208,14,4,226
068613305,306,24,12,342
068613306,242,12,2,256
068613307,284,22,12,318
068613308,286,19,8,313
068613309,313,27,16,356
068613310,337,30,18,385
060070101,160,13,4,177
060070102,219,17,15,251
060070103,7,3,3,13
060070104,1,0,0,1
060070105,7,4,1,12
060070106,5,0,0,5
060070107,52,7,4,63
060070108,11,0,0,11
060070109,6,1,1,8
060070110,8,0,3,11
060070111,6,2,0,8
060070112,4,1,1,6
060070113,13,2,0,15
060070114,15,2,4,21
060070115,124,7,9,140
060070201,8,0,0,8
060070202,5,0,2,7
060070203,10,1,1,12
060070204,4,0,0,4
060070205,7,0,0,7
060070206,11,2,2,15
060070207,2,0,1,3
060070208,4,0,0,4
060070209,1,1,0,2
060070301,4,1,0,5
060070302,4,2,1,7
060070303,13,2,0,15
060070304,8,2,1,11
060070305,3,0,1,4
060070306,7,1,11,19
060070307,5,0,0,5
060070308,7,1,2,10
060070401,11,1,1,13
060070402,50,5,1,56
060070403,220,9,5,234
060070404,214,31,4,249
060070405,295,17,17,329
060070406,151,8,2,161
060070407,120,32,41,193
060070408,1,4,1,6
060070409,4,0,0,4
060070410,2,0,0,2
060070411,0,1,2,3
060070412,1,0,1,2
060070413,6,0,0,6
060070501,40,2,1,43
060070502,0,0,0,0
060070503,2,1,1,4
060070504,8,1,1,10
060070505,3,0,0,3
060070506,2,2,0,4
060070507,3,1,0,4
060070508,2,0,0,2
060070509,6,0,0,6
060070510,2,0,1,3
060070511,3,1,0,4
060070512,5,0,0,5
060070513,2,0,0,2
060070514,7,1,0,8
060070515,9,1,1,11
060070516,2,1,0,3
060070601,149,7,8,164
060070602,6,0,1,7
060070603,8,2,0,10
060070604,1,0,0,1
060070605,9,0,0,9
060070606,7,3,4,14
060070607,1,0,0,1
060070608,4,2,0,6
060070609,7,1,0,8
060070610,8,1,0,9
060070611,7,0,0,7
060070612,38,7,4,49
060070613,8,0,0,8
060070614,2,1,1,4
060070615,6,2,0,8
060070701,6,1,2,9
060070702,170,33,4,207
060070703,5,1,0,6
060070704,3,1,1,5
060070801,15,3,6,24
060070802,65,17,23,105
060070803,216,20,15,251
060070804,191,22,6,219
060070805,140,14,22,176
060070806,261,13,12,286
060070807,277,14,4,295
060070808,229,16,2,247
060070809,311,26,8,345
060070810,282,19,2,303
060070811,174,17,7,198
060070812,151,14,18,183
060070813,127,37,37,201
060070814,273,15,20,308
060070901,3,1,1,5
060070902,6,0,3,9
060070903,5,2,0,7
060070904,5,0,1,6
060070905,3,0,0,3
060070906,5,0,0,5
060071001,6,1,4,11
060071002,3,0,0,3
060071003,4,0,0,4
060071004,3,1,0,4
060071005,10,3,0,13
060071006,11,2,0,13
060071007,6,0,0,6
060071008,2,0,0,2
060071009,4,0,0,4
060071010,9,0,1,10
060071011,9,0,0,9
060071012,3,2,0,5
060071101,8,3,0,11
060071102,0,0,0,0
060071103,6,0,0,6
060071104,7,1,1,9
060071105,3,1,0,4
060071106,3,0,0,3
060071107,5,0,0,5
060071108,4,2,0,6
060071109,0,0,0,0
060071110,5,0,0,5
060071111,5,1,0,6
060140101,16,5,3,24
060140201,8,1,2,11
060140301,42,5,8,55
060140302,15,5,14,34
060140401,23,9,3,35
060140501,135,12,3,150
060140502,21,8,7,36
060140503,23,11,2,36
060140504,259,25,14,298
060140505,78,59,3,140
060140601,12,5,0,17
060140701,9,1,2,12
060140801,21,8,0,29
060140901,13,2,0,15
060141001,53,25,49,127
060141002,23,2,3,28
060141003,93,30,23,146
060141004,162,14,5,181
060141005,177,24,8,209
060141006,176,17,10,203
060141007,83,19,28,130
060141008,197,8,4,209
060141009,263,9,2,274
060141010,315,35,4,354
060141011,290,9,3,302
060141012,150,24,15,189
060141013,265,27,2,294
060141014,177,16,14,207
060141015,175,80,8,263
060141101,15,3,0,18
060141201,5,5,7,17
060141202,7,10,1,18
060141301,12,8,1,21
060141401,2,3,0,5
060141501,3,0,0,3
060210101,8,1,0,9
060210102,5,0,1,6
060210201,123,14,16,153
060210202,126,15,6,147
060210203,9,5,0,14
060210204,6,0,0,6
060210205,3,0,0,3
060210206,40,13,5,58
060210207,5,3,3,11
060210301,4,3,0,7
060210302,7,0,0,7
060210401,12,0,0,12
060210402,5,0,1,6
060210501,100,22,16,138
060210502,6,5,0,11
060210503,3,1,1,5
060210601,87,14,20,121
060210602,340,58,8,406
060210603,267,22,5,294
060210604,278,42,12,332
060210605,244,14,2,260
060210606,275,14,2,291
060210607,335,28,29,392
060210608,128,15,0,143
060210609,23,2,1,26
060210610,65,17,7,89
060210611,264,36,23,323
060210612,166,32,20,218
060210701,3,3,0,6
060210702,3,2,0,5
060210801,32,17,21,70
060210802,4,2,0,6
060210803,12,1,3,16
060210804,10,2,4,16
060210901,8,3,1,12
060210902,6,2,2,10
060210903,13,0,0,13
060210904,10,7,0,17
060211001,9,1,1,11
060211002,7,16,24,47
060211003,1,5,2,8
060420101,271,85,14,370
060420102,250,18,3,271
060420103,262,13,14,289
060420104,238,4,2,244
060420105,139,88,6,233
060420106,161,81,4,246
060420107,196,27,4,227
060420108,379,8,3,390
060420109,333,79,6,418
060420201,33,12,2,47
060420301,42,18,8,68
060420401,21,15,5,41
060420501,56,34,9,99
060420601,38,15,2,55
060420701,42,14,8,64
060420801,34,6,2,42
060420901,61,17,15,93
060421001,29,15,8,52
060421101,16,4,3,23
060421102,77,35,36,148
060421103,160,99,34,293
060421201,27,16,8,51
060421301,20,14,6,40
060421401,41,13,12,66
060421501,25,6,4,35
060421601,14,11,9,34
060421701,23,11,2,36
060421801,5,5,5,15
060421901,239,71,9,319
060421902,232,44,12,288
060421903,214,110,26,350
060421904,279,22,2,303
060421905,271,24,2,297
060421906,291,9,1,301
060421907,188,33,1,222
060421908,163,50,8,221
060421909,250,175,52,477
060490101,200,8,2,210
060490102,159,1,1,161
060490103,239,15,1,255
060490104,285,5,0,290
060490105,239,12,10,261
060490106,240,3,0,243
060490107,250,7,0,257
060490108,272,18,2,292
060490109,259,9,4,272
060490110,219,35,13,267
060490111,189,28,16,233
060490112,92,30,31,153
060490113,208,7,0,215
060490114,206,24,18,248
060490115,72,33,69,174
060490116,130,15,27,172
060490201,227,10,4,241
060490202,258,12,0,270
060490203,258,12,3,273
060490204,297,31,22,350
060490205,271,43,30,344
060490206,271,18,4,293
060490207,242,2,1,245
060490208,270,18,9,297
060490209,249,27,24,300
060490210,111,42,56,209
060490211,217,42,17,276
060490212,199,51,37,287
060490213,155,39,31,225
060490301,18,19,5,42
060490302,18,8,2,28
060490401,79,31,13,123
060490402,63,14,7,84
060490403,78,7,6,91
060490404,93,7,1,101
060490405,122,10,1,133
060490406,145,7,2,154
060490407,95,20,57,172
060490501,238,12,2,252
060490502,221,14,1,236
060490503,214,12,0,226
060490504,376,23,5,404
060490505,288,15,12,315
060490506,260,10,4,274
060490507,273,12,6,291
060490508,329,28,14,371
060490601,298,7,1,306
060490602,96,16,22,134
060490603,300,50,23,373
060490604,258,19,2,279
060490605,260,4,0,264
060490606,322,14,10,346
060490607,256,45,30,331
060490608,315,52,33,400
060490609,249,26,24,299
060490610,137,8,10,155
060490611,208,74,44,326
060490612,263,23,10,296
060490613,346,61,11,418
060490614,172,83,26,281
060490615,66,29,38,133
060490701,0,0,3,3
060490702,14,9,9,32
060490801,10,7,2,19
060490901,17,9,3,29
060491001,78,23,11,112
060491002,88,18,16,122
060491003,125,28,34,187
060491004,90,12,8,110
060491005,47,29,8,84
060491006,64,20,17,101
060491007,56,36,23,115
060491008,129,30,18,177
060491009,32,11,14,57
060491101,11,9,11,31
060491102,24,10,8,42
060491201,26,7,9,42
060491301,18,10,10,38
060491401,13,3,2,18
060491402,8,7,6,21
060491501,26,5,4,35
060491601,11,17,2,30
060491701,15,6,19,40
060491801,56,27,7,90
060491901,26,23,5,54
060492001,291,57,30,378
060492002,298,40,8,346
060492003,24,3,4,31
060492004,23,7,3,33
060492005,7,7,2,16
060492006,93,50,42,185
060492007,180,14,6,200
060492101,29,13,1,43
060492102,27,15,2,44
060492201,50,14,15,79
060492301,39,15,8,62
060492401,10,5,4,19
060492501,166,26,56,248
060492502,354,43,24,421
060492503,169,21,27,217
060492504,202,21,35,258
060492505,129,35,46,210
060492506,221,20,3,244
060492507,363,36,26,425
060492508,349,19,9,377
060492509,305,35,52,392
060492510,198,38,46,282
060560101,298,25,0,323
060560102,343,7,2,352
060560103,361,18,6,385
060560104,156,6,2,164
060560105,173,18,0,191
060560106,152,17,0,169
060560107,200,11,1,212
060560108,434,26,1,461
060560109,168,13,2,183
060560110,230,7,1,238
060560111,247,40,3,290
060560112,254,12,2,268
060560113,231,1,1,233
060560114,212,7,0,219
060560115,214,11,1,226
060560116,173,29,3,205
060560117,211,4,0,215
060560118,167,5,0,172
060560119,280,5,3,288
060560201,131,65,96,292
060560202,244,65,51,360
060560203,172,5,1,178
060560204,172,17,1,190
060560205,182,5,0,187
060560206,168,15,1,184
060560207,270,24,0,294
060560208,324,19,6,349
060560209,229,22,0,251
060560210,260,23,3,286
060560211,277,35,2,314
060560212,289,22,6,317
060560213,164,7,4,175
060560214,202,38,1,241
060560301,161,15,2,178
060560302,221,15,0,236
060560303,264,11,1,276
060560304,247,18,1,266
060560305,112,6,3,121
060560306,320,4,0,324
060560307,206,9,2,217
060560308,167,7,1,175
060560309,201,5,2,208
060560310,232,25,20,277
060560311,335,11,6,352
060560312,190,20,11,221
060560401,354,17,9,380
060560402,186,35,10,231
060560403,280,24,1,305
060560404,423,22,4,449
060560405,410,22,3,435
060560406,397,26,4,427
060560407,288,19,1,308
060560408,248,3,1,252
060560409,188,20,1,209
060560410,136,4,2,142
060560501,185,16,5,206
060560502,257,28,9,294
060560503,276,67,46,389
060560504,359,28,2,389
060560505,154,6,6,166
060560506,283,32,6,321
060560507,264,40,8,312
060560508,191,8,3,202
060560509,306,50,13,369
060560601,222,34,10,266
060560602,280,27,3,310
060560603,253,19,2,274
060560604,165,43,4,212
060560605,330,30,35,395
060560606,167,29,3,199
060560607,365,18,2,385
060560608,248,53,18,319
060560609,292,47,14,353
060560701,349,30,8,387
060560702,251,55,2,308
060560703,307,25,9,341
060560704,350,20,3,373
060560705,188,8,1,197
060560706,220,11,5,236
060560707,286,38,13,337
060560708,269,5,0,274
060560709,288,47,13,348
060560710,275,34,10,319
060560711,298,54,18,370
060560801,341,79,39,459
060560802,296,97,64,457
060560803,306,14,23,343
060560804,299,61,46,406
060560805,350,52,32,434
060560806,190,36,17,243
060560807,182,33,22,237
060560808,45,13,11,69
060560809,272,62,141,475
060560810,110,29,71,210
060560811,1,3,19,23
060560812,130,45,66,241
060560813,214,74,31,319
060560814,224,109,59,392
060560815,87,40,63,190
060560901,295,13,0,308
060560902,242,16,6,264
060560903,252,9,1,262
060560904,233,13,2,248
060560905,217,6,0,223
060560906,311,8,0,319
060560907,207,17,0,224
060560908,180,25,21,226
060560909,129,9,3,141
060560910,161,13,3,177
060560911,162,27,14,203
060561001,126,2,0,128
060561002,181,1,0,182
060561003,282,0,0,282
060561004,291,11,1,303
060561005,173,2,0,175
060561006,164,6,0,170
060561007,234,5,1,240
060561008,313,9,1,323
060561009,222,5,1,228
060561010,213,11,4,228
060561011,185,7,1,193
060561101,196,8,3,207
060561102,138,3,1,142
060561103,147,0,0,147
060561104,239,2,0,241
060561105,201,11,0,212
060561106,194,16,1,211
060561107,252,2,0,254
060561108,227,3,0,230
060561109,169,17,1,187
060561110,261,7,0,268
060561111,233,2,0,235
060561112,267,2,2,271
060561113,242,2,3,247
060561114,176,13,6,195
060561201,264,42,0,306
060561202,258,34,1,293
060561203,189,0,1,190
060561204,265,6,0,271
060561205,266,11,2,279
060561206,235,8,2,245
060561207,191,5,0,196
060561208,218,14,0,232
060561209,239,2,0,241
060561210,135,7,0,142
060561211,161,5,1,167
060561301,441,27,2,470
060561302,294,11,2,307
060561303,278,22,1,301
060561304,148,6,2,156
060561305,157,20,0,177
060561306,239,14,5,258
060561307,288,25,2,315
060561308,297,9,0,306
060561309,168,0,1,169
060561310,227,12,1,240
060561401,196,5,2,203
060561402,207,9,2,218
060561403,253,8,0,261
060561404,218,3,2,223
060561405,204,9,2,215
060561406,391,12,2,405
060561407,231,4,2,237
060561408,293,8,0,301
060561409,167,2,0,169
060561410,288,7,0,295
060561411,200,3,0,203
060561412,170,3,2,175
060561413,267,9,0,276
060561414,308,13,5,326
060561415,169,3,0,172
060561416,310,8,6,324
060561417,250,16,1,267
060561418,197,5,2,204
060561419,247,4,0,251
060561420,92,18,1,111
060561421,173,15,0,188
060561501,236,36,26,298
060561502,344,26,6,376
060561503,308,17,7,332
060561504,209,23,10,242
060561505,230,22,12,264
060561506,264,33,15,312
060561507,275,14,6,295
060561508,323,37,4,364
060561509,150,19,2,171
060561510,175,33,2,210
060561511,212,15,3,230
060561512,314,33,42,389
060561513,199,22,6,227
060561514,257,54,21,332
060561515,372,37,11,420
060561516,139,16,17,172
060561517,154,11,3,168
060561601,181,31,0,212
060561602,188,10,3,201
060561603,198,34,4,236
060561604,171,9,2,182
060561605,282,19,1,302
060561606,154,15,2,171
060561607,172,10,0,182
060561608,286,19,0,305
060561609,297,12,3,312
060561610,250,16,0,266
060561611,313,15,2,330
060561612,216,21,5,242
060561613,300,32,0,332
060561614,223,18,2,243
060561701,333,7,0,340
060561702,299,17,2,318
060561703,318,17,1,336
060561704,197,12,2,211
060561705,175,5,0,180
060561706,283,17,1,301
060561707,304,11,2,317
060561708,187,8,57,252
060561709,243,5,0,248
060561710,236,15,2,253
060561801,334,39,4,377
060561802,344,13,2,359
060561803,196,18,2,216
060561804,215,11,2,228
060561805,272,26,2,300
060561806,276,10,3,289
060561807,312,23,3,338
060561808,298,21,1,320
060561809,270,17,7,294
060561810,238,5,1,244
060561901,308,16,13,337
060561902,298,19,9,326
060561903,389,30,13,432
060561904,256,35,31,322
060561905,271,42,48,361
060561906,417,16,10,443
060561907,308,47,25,380
060561908,104,38,84,226
060561909,167,32,37,236
060561910,243,77,137,457
060561911,296,32,9,337
060561912,307,34,29,370
060561913,332,34,21,387
060561914,197,14,8,219
060562001,375,20,2,397
060562002,366,20,0,386
060562003,296,11,2,309
060562004,310,6,3,319
060562005,338,12,3,353
060562006,223,28,0,251
060562007,235,4,0,239
060562008,161,13,9,183
060562009,187,1,2,190
060562010,175,22,2,199
060562101,292,19,4,315
060562102,259,18,2,279
060562103,174,21,4,199
060562104,199,19,3,221
060562105,333,11,3,347
060562106,150,6,2,158
060562107,203,15,32,250
060562108,206,3,1,210
060562109,238,26,0,264
060562110,72,164,3,239
060562111,273,42,15,330
060562201,314,16,1,331
060562202,292,35,9,336
060562203,315,27,15,357
060562204,311,53,14,378
060562205,189,26,17,232
060562206,198,74,50,322
060562207,185,13,9,207
060562208,320,35,9,364
060562209,176,15,3,194
060562210,197,81,1,279
060562211,205,58,0,263
060562212,85,5,10,100
060562213,187,96,9,292
060562214,263,18,14,295
060562215,256,30,8,294
060562216,290,25,18,333
060562217,284,22,14,320
060562301,70,42,78,190
060562302,179,45,40,264
060562303,217,57,40,314
060562304,389,52,24,465
060562305,242,14,0,256
060562306,274,30,2,306
060562307,245,22,3,270
060562308,205,75,2,282
060562309,304,32,21,357
060562310,250,19,2,271
060562311,140,6,13,159
060562312,160,19,18,197
060562313,183,23,30,236
060562314,217,24,53,294
060562315,174,30,49,253
060562316,139,60,79,278
060562401,375,10,2,387
060562402,292,85,77,454
060562403,240,38,20,298
060562404,306,45,7,358
060562405,247,35,34,316
060562406,397,23,4,424
060562407,367,9,5,381
060562408,234,154,325,713
060562409,246,55,51,352
060562410,196,34,24,254
060562411,135,35,20,190
060562412,328,44,22,394
060562413,280,49,64,393
060562414,167,23,36,226
060562415,145,45,43,233
060562416,165,76,83,324
060562417,109,27,30,166
060562501,334,32,8,374
060562502,396,52,21,469
060562503,207,44,23,274
060562504,321,51,27,399
060562505,238,71,38,347
060562506,363,34,21,418
060562507,352,26,12,390
060562508,336,42,7,385
060562509,302,35,14,351
060562510,307,15,0,322
060562511,320,16,1,337
060562512,304,29,3,336
060562513,260,18,0,278
060562514,287,17,3,307
060562515,238,8,7,253
060562516,293,19,9,321
060562601,259,9,9,277
060562602,207,36,42,285
060562603,203,45,52,300
060562604,106,8,12,126
060562605,245,37,9,291
060562606,136,24,15,175
060562607,283,30,1,314
060562608,279,24,2,305
060562609,181,6,0,187
060562610,458,47,48,553
060562611,376,42,5,423
060562612,149,12,4,165
060562613,278,75,71,424
060562614,282,63,27,372
060562615,107,54,91,252
060562616,67,145,32,244
060562617,212,81,168,461
060562618,92,48,57,197
060562619,74,55,41,170
060562701,28,2,16,46
060562702,208,28,6,242
060562703,215,52,31,298
060562704,224,39,21,284
060562705,118,5,0,123
060562706,65,22,9,96
060562707,183,73,65,321
060562708,104,21,24,149
060562801,16,3,3,22
060562901,13,2,2,17
060563001,30,10,3,43
060563002,97,33,9,139
060563003,188,8,7,203
060563004,181,19,4,204
060563005,78,17,10,105
060563006,58,11,3,72
060563007,18,8,1,27
060563101,45,8,6,59
060563201,15,7,1,23
060563202,168,24,30,222
060563203,190,79,58,327
060563204,36,11,44,91
060563205,294,25,11,330
060563206,305,12,15,332
060563207,83,41,44,168
060563208,182,34,23,239
060563209,325,16,19,360
060563210,287,13,6,306
060563211,269,18,24,311
060563212,0,3,2,5
060630101,111,80,76,267
060630102,259,46,9,314
060630103,216,51,42,309
060630104,63,88,95,246
060630105,260,92,45,397
060630106,250,17,2,269
060630107,254,34,7,295
060630108,289,54,23,366
060630109,205,102,62,369
060630110,177,44,11,232
060630111,243,22,4,269
060630112,203,10,2,215
060630113,228,16,2,246
060630114,208,38,11,257
060630115,140,107,91,338
060630116,128,79,24,231
060630117,175,40,13,228
060630201,230,100,100,430
060630202,261,18,2,281
060630203,273,16,3,292
060630204,128,100,76,304
060630205,294,34,21,349
060630206,65,34,54,153
060630207,252,46,22,320
060630208,264,35,3,302
060630301,9,2,0,11
060630302,108,33,16,157
060630303,32,6,4,42
060630304,12,4,1,17
060630305,17,7,2,26
060630306,13,5,3,21
060630401,2,0,4,6
060630402,13,0,15,28
060630403,6,11,6,23
060630404,27,10,3,40
060630405,9,1,1,11
060630406,19,5,5,29
060630501,2,3,3,8
060630502,9,4,3,16
060630601,26,4,11,41
060630602,18,2,2,22
060630603,15,4,6,25
060630604,17,5,2,24
060630605,26,3,1,30
060630606,12,4,2,18
060630607,13,4,1,18
060630701,143,200,68,411
060630702,85,46,56,187
060630703,195,99,12,306
060630704,163,35,13,211
060630705,112,42,17,171
060630706,192,82,83,357
060630707,129,55,49,233
060630708,224,157,16,397
060630709,221,25,13,259
060630801,3,2,1,6
060630802,31,12,17,60
060630803,5,0,3,8
060630804,21,4,2,27
060630805,38,10,5,53
060630806,39,8,18,65
060630901,54,9,18,81
060630902,7,1,9,17
060630903,8,3,6,17
060630904,3,1,3,7
060630905,4,4,1,9
060630906,68,22,10,100
060631001,13,4,3,20
060631002,76,37,8,121
060631003,22,10,10,42
060631004,9,8,4,21
060631101,12,9,1,22
060631102,25,12,9,46
060631103,19,19,6,44
060631104,25,15,5,45
060631105,30,8,2,40
060631106,27,11,4,42
060631107,13,3,2,18
060631201,11,4,0,15
060631202,10,2,4,16
060631203,3,4,1,8
060631301,261,13,1,275
060631302,309,22,0,331
060631303,347,63,13,423
060631304,292,26,3,321
060631305,308,14,2,324
060631306,261,18,0,279
060631307,322,27,5,354
060631308,243,63,35,341
060700101,145,15,1,161
060700102,149,14,1,164
060700103,214,13,1,228
060700104,129,9,1,139
060700105,192,15,2,209
060700106,251,28,2,281
060700107,261,21,3,285
060700108,233,22,3,258
060700109,267,29,0,296
060700110,254,24,3,281
060700111,139,8,1,148
060700112,117,2,2,121
060700113,135,18,3,156
060700201,362,54,36,452
060700202,228,39,27,294
060700203,152,21,10,183
060700204,284,47,11,342
060700205,296,35,7,338
060700206,251,79,41,371
060700207,166,14,2,182
060700208,133,62,50,245
060700209,170,79,40,289
060700210,160,130,152,442
060700211,139,57,44,240
060700212,241,68,42,351
060700213,207,47,28,282
060700214,259,66,9,334
060700215,218,28,35,281
060700216,121,22,49,192
060700217,102,28,2,132
060700218,107,22,14,143
060700301,39,8,5,52
060700302,50,17,9,76
060700303,40,18,12,70
060700304,53,17,7,77
060700305,297,94,42,433
060700306,241,114,77,432
060700401,257,68,53,378
060700402,13,4,2,19
060700403,16,1,1,18
060700404,82,22,7,111
060700501,21,14,4,39
060700502,14,7,1,22
060700601,13,2,1,16
060700602,25,13,4,42
060700701,10,3,1,14
060700702,13,5,1,19
060700801,89,33,13,135
060700802,5,3,0,8
060700803,4,2,3,9
060700804,8,5,0,13
060700805,11,2,0,13
060700806,4,0,0,4
060700901,4,0,3,7
060700902,3,0,2,5
060700903,6,6,1,13
060700904,1,4,0,5
060701001,39,15,2,56
060701002,12,6,1,19
060701003,13,4,2,19
060701004,8,1,0,9
060701101,2,1,0,3
060701102,2,2,1,5
060701201,4,0,17,21
060701202,0,0,19,19
060770101,135,94,84,313
060770102,133,80,47,260
060770103,206,15,3,224
060770104,241,9,0,250
060770105,249,38,5,292
060770106,332,46,12,390
060770107,64,21,16,101
060770108,192,15,0,207
060770109,255,27,5,287
060770201,12,10,0,22
060770202,9,7,1,17
060770301,11,2,0,13
060770302,5,3,0,8
060770401,191,45,14,250
060770402,134,24,9,167
060770403,9,5,1,15
060770404,8,1,2,11
060770405,10,6,1,17
060770501,302,54,10,366
060770502,127,42,37,206
060770503,202,60,38,300
060770504,130,26,12,168
060770505,127,72,38,237
060770506,14,11,5,30
060770507,2,2,7,11
060770508,11,10,1,22
060770509,398,37,7,442
060770510,521,46,6,573
060770511,223,54,30,307
060770512,129,34,22,185
060770513,131,45,20,196
060770514,86,10,0,96
060770601,13,8,0,21
060770602,15,12,1,28
060770603,10,5,3,18
060770701,5,4,5,14
060770801,5,8,1,14
060770901,7,4,1,12
060770902,3,4,1,8
060770903,7,4,2,13
060770904,14,7,3,24
060770905,6,5,0,11
060771001,4,0,0,4
060771002,3,7,0,10
060771003,6,2,0,8
060771101,3,1,1,5
060771102,4,3,0,7
060771103,4,4,3,11
060771201,13,6,1,20
060771202,10,1,1,12
060771302,11,2,4,17
060771303,9,2,0,11
060771401,122,107,90,319
060771402,302,55,10,367
060771403,246,52,12,310
060771404,323,23,8,354
060771405,223,16,4,243
060771406,288,37,7,332
060771407,244,37,0,281
060771408,202,166,49,417
060771409,216,94,28,338
060840101,15,4,0,19
060840102,5,7,4,16
060840103,26,3,3,32
060840201,11,3,4,18
060840202,9,2,2,13
060840301,32,12,12,56
060840302,14,3,0,17
060840303,9,3,0,12
060840304,13,4,0,17
060840305,11,1,1,13
060840401,2,1,1,4
060840402,16,11,0,27
060840403,11,3,2,16
060840501,22,9,1,32
060840502,8,4,5,17
060840602,4,1,0,5
060840603,2,4,0,6
060840604,7,3,0,10
060840605,7,1,1,9
060840701,52,9,5,66
060840702,135,34,19,188
060840703,133,49,23,205
060840704,278,20,16,314
060840705,114,47,7,168
060840706,269,10,2,281
060840707,246,15,5,266
060840708,279,8,0,287
060840709,238,6,0,244
060840710,250,16,5,271
060840711,291,40,5,336
060840801,20,10,13,43
060840802,7,4,1,12
060840803,22,7,0,29
060840804,5,1,0,6
060840901,117,56,5,178
060840902,179,54,1,234
060840903,76,43,6,125
060840904,56,80,1,137
060840905,160,35,8,203
060840906,192,24,5,221
060840907,19,10,1,30
060840908,3,2,1,6
060840909,9,4,0,13
060841001,10,2,0,12
060841002,5,2,0,7
060841003,7,3,0,10
060841101,7,0,1,8
060841102,25,5,3,33
060841201,53,17,5,75
060841202,99,28,12,139
060841203,128,74,1,203
060841204,236,82,11,329
060841205,194,20,12,226
060841206,335,30,34,399
060841207,191,5,3,199
060841208,292,32,8,332
060841209,147,26,23,196
060841210,228,26,14,268
060980101,256,12,5,273
060980102,249,28,8,285
060980103,246,31,23,300
060980104,247,21,20,288
060980105,234,18,5,257
060980106,267,19,6,292
060980107,208,18,1,227
060980108,216,18,7,241
060980109,212,17,3,232
060980110,263,32,6,301
060980111,320,28,15,363
060980112,220,28,2,250
060980201,240,25,10,275
060980202,287,35,10,332
060980203,203,50,10,263
060980204,323,43,25,391
060980205,257,25,16,298
060980206,273,14,2,289
060980207,308,40,17,365
060980208,209,95,44,348
060980209,157,38,20,215
060980210,205,61,34,300
060980211,98,45,73,216
060980212,166,102,165,433
060980213,180,24,5,209
060980214,153,47,18,218
060980215,113,49,67,229
060980301,129,0,2,131
060980302,71,11,4,86
060980303,243,55,39,337
060980304,181,65,35,281
060980305,180,30,32,242
060980306,206,81,53,340
060980307,214,31,6,251
060980308,345,51,18,414
060980309,193,107,118,418
060980310,186,113,114,413
060980311,139,67,22,228
060980312,159,6,0,165
060980313,113,19,1,133
060980401,30,10,14,54
060980402,20,22,97,139
060980403,88,45,39,172
060980404,62,14,24,100
060980405,1,2,3,6
060980406,74,11,83,168
060980407,27,9,38,74
060980408,23,6,15,44
060980501,106,93,80,279
060980502,205,75,56,336
060980503,178,68,45,291
060980504,181,60,29,270
060980505,105,128,83,316
060980506,73,81,102,256
060980507,137,45,40,222
060980508,115,74,44,233
060980509,140,74,57,271
060980510,143,91,65,299
060980601,238,16,4,258
060980602,333,23,22,378
060980603,343,73,36,452
060980604,153,39,15,207
060980605,297,52,22,371
060980606,264,19,5,288
060980607,248,35,5,288
060980608,275,45,8,328
060980609,263,72,60,395
060980610,121,57,43,221
060980611,182,85,30,297
060980612,35,51,99,185
060980613,42,68,124,234
060980614,152,60,43,255
060980615,167,34,30,231
060980616,130,78,94,302
060980617,173,39,9,221
060980701,110,70,40,220
060980702,302,213,55,570
060980703,153,6,4,163
060980704,226,36,25,287
060980705,249,25,19,293
060980706,217,70,45,332
060980707,2,2,9,13
060980801,173,93,57,323
060980802,16,55,179,250
060980803,32,57,132,221
060980804,136,71,60,267
060980805,136,18,6,160
060980806,215,18,5,238
060980807,166,14,3,183
060980808,182,47,5,234
060980809,211,19,3,233
060980810,187,126,87,400
060980811,132,69,25,226
060980812,152,46,10,208
060980813,135,48,23,206
060980814,161,66,28,255
060980815,199,76,25,300
060980816,217,43,14,274
060980817,169,100,83,352
061050101,323,35,26,384
061050102,269,38,15,322
061050103,265,11,7,283
061050104,363,9,4,376
061050105,225,11,1,237
061050106,240,9,1,250
061050107,266,20,1,287
061050108,296,26,8,330
061050109,240,7,1,248
061050201,286,44,14,344
061050202,295,25,15,335
061050203,293,14,6,313
061050204,155,4,1,160
061050205,284,9,4,297
061050206,233,26,12,271
061050207,286,13,1,300
061050208,139,9,2,150
061050209,188,13,2,203
061050210,266,14,3,283
061050211,299,35,7,341
061050301,74,24,3,101
061050401,24,12,9,45
061050402,10,11,1,22
061050403,37,6,36,79
061050501,23,12,5,40
061050601,39,12,13,64
061050602,26,8,2,36
061050701,21,14,9,44
061050801,105,19,11,135
061050802,104,27,32,163
061050803,156,71,43,270
061050804,1,2,1,4
061050805,48,8,12,68
061050806,17,7,7,31
061050807,23,10,5,38
061050808,29,15,11,55
061050809,16,9,10,35
061050901,27,13,2,42
061051001,31,13,10,54
061051002,32,10,10,52
061051101,40,9,10,59
061051102,130,20,10,160
061051103,141,3,7,151
061051104,152,18,5,175
061051105,285,20,13,318
061051106,64,14,17,95
061051107,54,29,24,107
061051201,26,6,6,38
061051301,143,20,12,175
061051302,120,4,2,126
061051303,178,35,19,232
061051304,44,21,12,77
061051401,268,92,56,416
061051402,176,49,24,249
061051403,152,22,6,180
061051404,135,31,23,189
061051405,173,43,5,221
061051406,220,34,14,268
061051407,243,24,6,273
061051408,49,11,18,78
061051409,17,7,6,30
061051410,268,30,14,312
061051411,144,15,3,162
061051412,168,21,5,194
061051413,227,53,51,331
061120101,156,40,26,222
061120102,279,46,32,357
061120103,302,62,33,397
061120104,150,22,0,172
061120105,198,19,8,225
061120106,257,20,1,278
061120107,249,14,2,265
061120108,225,13,21,259
061120109,294,60,36,390
061120110,339,88,50,477
061120111,277,36,13,326
061120112,304,81,40,425
061120113,121,54,66,241
061120201,194,71,46,311
061120202,120,98,81,299
061120203,277,51,53,381
061120204,144,21,12,177
061120205,284,37,9,330
061120206,269,15,23,307
061120207,206,55,5,266
061120208,75,11,22,108
061120209,147,25,22,194
061120210,264,17,11,292
061120211,300,117,4,421
061120301,50,19,3,72
061120302,6,1,0,7
061120303,6,1,0,7
061120304,7,1,0,8
061120305,4,6,1,11
061120306,6,2,0,8
061120307,5,3,2,10
061120308,5,2,1,8
061120309,7,3,0,10
061120310,26,29,9,64
061120401,3,3,0,6
061120402,2,1,1,4
061120403,5,0,0,5
061120501,107,28,18,153
061120502,9,0,1,10
061120503,3,1,0,4
061120504,3,1,0,4
061120505,3,0,0,3
061120506,7,0,0,7
061120601,6,0,8,14
061120602,7,1,1,9
061120603,11,3,0,14
061120604,10,2,3,15
061120605,8,1,1,10
061120606,5,0,3,8
061120701,105,34,14,153
061120702,247,72,23,342
061120703,39,27,10,76
061120704,4,5,1,10
061120705,4,2,2,8
061120706,7,0,0,7
061120707,2,4,0,6
061120708,5,0,1,6
061120709,113,37,9,159
061120710,29,33,16,78
061120801,1,1,5,7
061120802,12,3,4,19
061120803,11,1,1,13
061120804,3,3,0,6
061120805,7,6,0,13
061120901,12,4,24,40
061120902,2,0,0,2
061120903,9,1,0,10
061120904,11,1,2,14
061120905,4,0,2,6
061120906,14,2,11,27
061120907,5,1,4,10
061120908,3,0,0,3
061121001,24,8,13,45
061121002,123,34,5,162
061121003,123,41,33,197
061121004,38,5,10,53
061121005,178,13,1,192
061121101,164,25,4,193
061121102,51,10,6,67
061121103,133,32,10,175
061121104,19,6,16,41
061121105,0,0,0,0
061121106,29,5,1,35
061121107,6,0,1,7
061121108,206,87,23,316
061121109,166,54,31,251
061121201,8,1,1,10
061121202,3,2,0,5
061121203,5,1,0,6
061121204,2,2,0,4
061121205,5,0,0,5
061121301,78,25,17,120
061121302,8,0,3,11
061121303,9,9,5,23
061121304,10,2,0,12
061121305,46,26,14,86
061121401,202,38,33,273
061121402,265,47,14,326
061121403,241,27,4,272
061121404,272,37,4,313
061121405,252,16,3,271
061121406,231,40,3,274
061121407,238,33,1,272
061121408,268,20,4,292
061121409,249,18,1,268
061121410,255,18,1,274
061190101,12,12,1,25
061190102,8,2,3,13
061190103,5,4,1,10
061190104,7,3,5,15
061190201,6,4,0,10
061190202,3,5,3,11
061190203,47,28,34,109
061190204,5,3,17,25
061190205,17,11,3,31
061190206,14,1,2,17
061190301,246,14,24,284
061190302,286,16,4,306
061190303,343,16,3,362
061190304,277,74,72,423
061190305,280,53,21,354
061190306,123,30,23,176
061190307,198,43,35,276
061190308,166,72,79,317
061190309,153,54,36,243
061190310,35,11,18,64
061190401,69,51,28,148
061190402,6,4,2,12
061190403,74,30,15,119
061190404,36,11,8,55
061190405,16,7,1,24
061190406,25,10,4,39
061190407,248,48,15,311
061190408,58,18,31,107
061190409,167,45,27,239
061190501,57,10,3,70
061190502,19,9,2,30
061190601,8,10,1,19
061190602,6,12,1,19
061190603,12,12,2,26
061190701,175,21,3,199
061190702,197,67,83,347
061190703,18,5,0,23
061190704,7,5,0,12
061190705,8,5,4,17
061190706,6,0,1,7
061190707,187,28,19,234
061190801,55,8,13,76
061190802,6,5,1,12
061190804,2,3,2,7
061190805,7,6,2,15
061190806,15,3,2,20
061190901,37,15,14,66
061190902,12,4,5,21
061190903,8,2,5,15
061190904,63,19,14,96
061191001,19,11,48,78
061191002,169,72,102,343
061191003,154,70,87,311
061191004,50,62,106,218
061191005,201,59,28,288
061191006,264,92,63,419
061191007,242,25,3,270
061191008,306,22,8,336
061191009,127,52,85,264
061191010,21,10,2,33
061260101,207,63,5,275
061260102,314,85,9,408
061260103,198,61,10,269
061260104,147,58,6,211
061260105,194,45,5,244
061260106,161,64,6,231
061260107,201,39,1,241
061260108,206,44,1,251
061260109,240,64,15,319
061260110,231,41,6,278
061260111,191,56,3,250
061260112,274,81,1,356
061260113,165,49,16,230
061260114,169,46,5,220
061260201,70,66,178,314
061260202,198,94,110,402
061260203,288,47,5,340
061260204,225,63,22,310
061260205,292,59,2,353
061260206,124,69,8,201
061260207,126,96,8,230
061260208,196,49,18,263
061260209,238,87,35,360
061260210,180,85,23,288
061260211,110,67,24,201
061260301,232,15,5,252
061260302,244,20,2,266
061260303,257,90,4,351
061260304,146,20,0,166
061260305,170,17,2,189
061260306,206,19,1,226
061260307,247,51,8,306
061260308,179,21,18,218
061260309,244,52,3,299
061260310,285,53,13,351
061260311,224,61,3,288
061260401,226,19,0,245
061260402,179,51,3,233
061260403,4,2,10,16
061260404,73,85,229,387
061260405,18,8,2,28
061260406,11,2,1,14
061260407,69,117,271,457
061260501,177,75,62,314
061260502,227,90,46,363
061260503,175,47,88,310
061260504,95,99,107,301
061260505,166,116,43,325
061260506,125,75,62,262
061260507,114,91,32,237
061260508,185,10,12,207
061260509,108,151,199,458
061260510,96,80,46,222
061260511,115,75,43,233
061260512,170,91,108,369
061260513,115,50,46,211
061260514,85,71,71,227
061260515,76,62,169,307
061260516,84,56,183,323
061260517,0,0,17,17
061260601,74,28,8,110
061260602,8,7,2,17
061260603,22,8,2,32
061260604,71,23,10,104
061260605,80,14,4,98
061260606,84,20,12,116
061260607,95,9,1,105
061260608,73,12,14,99
061260609,90,14,2,106
061260701,151,75,74,300
061260702,164,78,16,258
061260703,202,140,61,403
061260704,95,88,90,273
061260705,114,80,107,301
061260706,139,61,24,224
061260707,146,94,40,280
061260708,159,88,52,299
061260709,346,82,25,453
061260710,275,9,6,290
061260801,13,5,1,19
061260802,135,19,4,158
061260803,163,35,11,209
061260804,213,38,13,264
061260805,222,36,5,263
061260806,216,34,0,250
061260807,210,48,3,261
061260808,212,71,6,289
061260809,197,35,3,235
061260901,242,115,100,457
061260902,109,90,64,263
061260903,85,74,61,220
061260905,54,13,19,86
061260906,36,17,30,83
061260907,464,18,3,485
061260908,184,119,2,305
061260909,185,100,76,361
061260910,201,122,82,405
061260911,315,18,2,335
061260912,1,0,0,1
061260913,93,15,4,112
061260914,12,18,196,226
061260915,27,21,102,150
061260916,35,6,8,49
061260917,36,15,10,61
061260918,57,27,87,171
061260919,24,27,24,75
061261001,4,5,26,35
061261002,7,6,15,28
061261003,84,28,51,163
061261004,7,8,22,37
061261005,1,1,28,30
061340101,142,64,74,280
061340102,55,39,54,148
061340103,53,60,103,216
061340104,44,22,22,88
061340105,240,113,60,413
061340106,66,62,110,238
061340107,84,52,44,180
061340108,23,20,15,58
061340109,65,51,46,162
061340110,60,30,51,141
061340111,63,33,25,121
061340112,189,29,0,218
061340113,15,8,9,32
061340114,20,9,12,41
061340201,254,60,27,341
061340202,168,41,39,248
061340203,70,49,167,286
061340204,365,42,14,421
061340205,20,12,7,39
061340206,107,35,52,194
061340207,223,68,74,365
061340208,171,74,62,307
061340209,112,47,128,287
061340301,332,110,82,524
061340302,239,29,20,288
061340303,197,24,23,244
061340304,338,29,9,376
061340305,256,23,6,285
061340306,283,16,4,303
061340307,368,45,22,435
061340308,323,79,47,449
061340309,409,28,6,443
061340401,5,8,27,40
061340402,106,38,36,180
061340403,38,11,6,55
061340404,28,22,14,64
061340405,8,1,3,12
061340406,78,33,39,150
061340501,68,46,23,137
061340502,20,8,2,30
061340601,20,11,14,45
061340602,26,11,8,45
061340701,16,6,2,24
061340702,8,10,0,18
061340801,50,26,28,104
061340802,3,8,3,14
061340803,20,10,1,31
061340804,6,4,1,11
061340901,6,4,27,37
061340902,72,49,35,156
061340903,46,36,49,131
061340904,25,18,95,138
061340905,12,24,91,127
061340906,31,24,102,157
061340907,57,47,101,205
061340908,60,62,184,306
061340909,167,74,109,350
061340910,125,69,71,265
061340911,70,70,123,263
061340912,24,16,4,44
061340913,210,34,17,261
061340914,101,22,22,145
061341001,15,14,6,35
061341002,279,63,24,366
061341003,111,71,110,292
061341004,142,41,97,280
061341005,146,49,83,278
061341006,233,16,27,276
061341007,133,29,30,192
061341008,230,22,32,284
061341009,219,99,153,471
061341010,268,75,45,388
061341011,41,18,13,72
061400101,27,6,2,35
061400102,12,4,1,17
061400103,17,12,0,29
061400201,8,1,0,9
061400202,11,3,1,15
061400203,15,5,0,20
061400204,12,6,1,19
061400301,104,66,32,202
061400302,273,82,32,387
061400303,169,60,14,243
061400304,205,41,21,267
061400305,263,34,20,317
061400306,109,92,25,226
061400307,236,37,4,277
061400308,265,34,4,303
061400309,183,34,29,246
061400310,137,22,25,184
061400311,9,8,0,17
061400312,9,8,1,18
061400313,11,2,0,13
061400314,7,3,1,11
061400315,312,30,1,343
061400316,165,107,45,317
061400317,217,43,9,269
061400318,167,56,17,240
061400319,178,76,17,271
061400401,43,24,15,82
061400402,12,6,4,22
061400403,21,6,2,29
061400501,10,8,1,19
061400502,7,6,1,14
061400503,11,3,0,14
061400601,4,2,0,6
061470101,227,73,26,326
061470102,278,23,12,313
061470103,227,7,2,236
061470104,202,42,5,249
061470105,276,9,0,285
061470106,274,13,1,288
061470107,214,43,25,282
061470108,259,17,4,280
061470109,257,50,51,358
061470201,120,25,20,165
061470202,5,6,0,11
061470203,13,7,23,43
061470204,3,3,2,8
061470205,2,3,4,9
061470301,72,32,38,142
061470302,9,4,12,25
061470303,0,1,2,3
061470304,11,2,3,16
061470305,8,7,0,15
061470306,4,1,2,7
061470307,8,2,5,15
061470401,6,0,0,6
061470402,8,4,3,15
061470403,4,5,6,15
061470501,305,109,57,471
061470502,10,4,0,14
061470503,13,0,1,14
061470601,0,0,4,4
061470602,120,2,1,123
061470603,13,4,3,20
061470604,3,0,1,4
061470701,180,32,12,224
061470702,1,1,2,4
061470703,31,30,9,70
061470704,7,4,5,16
061470705,2,2,0,4
061470706,0,1,1,2
061470707,0,1,0,1
061470708,12,3,10,25
061470709,3,4,1,8
061470710,3,2,1,6
061470711,3,1,3,7
061470712,1,0,1,2
061470801,130,31,22,183
061470802,5,0,7,12
061470803,5,2,0,7
061470804,11,4,0,15
061470805,17,2,1,20
061470901,40,12,21,73
061470902,25,13,4,42
061470903,6,1,2,9
061470904,6,2,2,10
061470905,8,0,1,9
061470906,10,0,2,12
061470907,15,5,2,22
061471001,23,15,33,71
061471002,20,2,1,23
061471003,8,6,1,15
061471101,22,2,16,40
061471102,5,4,0,9
061471103,13,0,0,13
061471201,292,39,4,335
061471202,239,38,18,295
061471203,214,64,12,290
061471204,197,32,5,234
061471205,208,14,7,229
061471206,234,12,2,248
061471207,267,11,1,279
061471208,266,60,34,360
061471209,216,61,25,302
061471210,164,30,22,216
061540101,90,16,25,131
061540102,56,27,25,108
061540103,14,0,0,14
061540104,6,6,1,13
061540105,12,4,5,21
061540201,254,62,23,339
061540202,70,34,34,138
061540203,16,3,4,23
061540204,10,6,7,23
061540205,111,13,5,129
061540206,7,1,1,9
061540207,6,7,2,15
061540208,16,4,10,30
061540209,254,61,31,346
061540210,96,25,15,136
061540301,8,10,6,24
061540302,19,10,2,31
061540401,9,6,23,38
061540402,101,23,17,141
061540403,5,1,4,10
061540404,4,5,3,12
061540405,5,6,4,15
061540501,6,4,3,13
061540502,6,4,2,12
061540601,88,28,40,156
061540602,97,36,13,146
061540603,147,21,7,175
061540604,123,11,0,134
061540605,125,9,2,136
061540606,46,9,5,60
061540607,164,30,33,227
061540608,166,16,12,194
061540609,9,4,7,20
061540610,42,7,7,56
061540611,149,31,8,188
061540612,121,112,12,245
061540701,17,3,2,22
061540702,12,3,7,22
061540703,4,5,6,15
061540801,55,9,26,90
061540802,25,3,18,46
061540803,10,4,5,19
061540804,8,4,4,16
061540805,10,5,6,21
061540806,20,6,9,35
061540901,15,11,1,27
061540902,2,7,2,11
061610101,106,39,30,175
061610102,138,32,33,203
061610103,157,26,12,195
061610104,80,24,8,112
061610105,97,29,46,172
061610106,195,35,32,262
061610107,137,16,9,162
061610108,157,13,3,173
061610109,244,23,4,271
061610110,126,39,11,176
061610111,160,36,27,223
061610112,57,36,69,162
061610113,243,30,9,282
061610114,158,37,16,211
061610115,140,3,3,146
061610116,131,32,35,198
061610117,254,51,38,343
061610118,77,10,12,99
061610201,9,2,0,11
061610202,6,3,2,11
061610203,5,2,0,7
061610204,6,4,0,10
061610301,23,5,1,29
061610302,7,0,1,8
061610401,13,4,9,26
061610402,12,6,7,25
061610403,124,35,16,175
061610404,72,7,5,84
061610405,27,14,5,46
061610406,77,30,20,127
061610501,13,1,0,14
061610502,3,3,1,7
061610503,3,4,0,7
061610504,15,13,5,33
061610601,73,15,23,111
061610602,7,2,1,10
061610603,3,2,1,6
061610604,9,2,1,12
061610605,20,3,0,23
061610606,16,10,2,28
061610701,19,6,1,26
061610702,11,7,2,20
061610703,6,5,0,11
061610801,21,9,10,40
061610802,3,6,1,10
061610803,0,1,1,2
061610804,12,1,1,14
061680101,8,4,0,12
061680102,8,1,1,10
061680103,9,2,1,12
061680104,6,2,2,10
061680201,10,1,0,11
061680202,6,2,0,8
061680203,6,5,2,13
061680204,2,2,0,4
061680301,6,7,3,16
061680302,2,0,1,3
061680303,8,7,1,16
061680401,3,1,2,6
061680402,6,3,1,10
061680403,6,2,0,8
061680404,0,2,1,3
061680405,0,1,0,1
061680406,2,0,0,2
061680501,32,9,4,45
061680502,2,5,0,7
061680503,7,1,0,8
061680601,1,0,2,3
061680602,1,0,4,5
061680603,5,7,1,13
061680604,4,2,1,7
061680701,4,3,3,10
061680702,4,2,1,7
061680801,13,3,1,17
061680802,8,0,3,11
061680803,5,5,11,21
061680804,4,1,1,6
061680805,21,3,10,34
061680806,4,4,1,9
061680807,148,26,10,184
061680901,208,27,11,246
061680902,250,16,12,278
061680903,186,16,12,214
061680904,287,38,18,343
061680905,274,24,13,311
061680906,186,22,13,221
061680907,172,7,1,180
061680908,149,14,15,178
061681001,76,13,6,95
061681002,8,1,0,9
061681003,14,6,2,22
061681101,16,7,0,23
061681102,8,4,2,14
061750101,38,16,22,76
061750102,16,6,8,30
061750103,10,2,0,12
061750104,3,3,1,7
061750201,41,18,10,69
061750202,3,1,1,5
061750203,2,3,0,5
061750204,1,1,0,2
061750301,3,2,1,6
061750302,4,1,0,5
061750303,5,0,0,5
061750304,0,1,0,1
061750401,12,6,11,29
061750402,171,118,35,324
061750403,142,76,40,258
061750404,104,43,21,168
061750405,200,70,2,272
061750406,199,43,1,243
061750407,202,47,1,250
061750408,224,118,3,345
061750409,219,83,18,320
061750410,210,91,13,314
061750411,126,63,5,194
061750412,194,39,9,242
061750413,146,39,6,191
061750414,167,82,15,264
061750415,122,28,12,162
061750416,104,31,7,142
061750417,53,23,19,95
061750501,9,10,2,21
061750502,19,8,1,28
061750503,4,0,1,5
061750504,1,3,1,5
061750505,22,13,0,35
061750601,182,63,25,270
061750602,151,59,8,218
061750603,84,101,41,226
061750604,119,106,44,269
061750605,227,108,9,344
061750606,135,40,4,179
061750607,124,58,14,196
061750608,133,109,47,289
061750609,91,110,70,271
061750610,135,105,56,296
061750611,175,81,16,272
061750612,260,20,0,280
061750613,415,128,46,589
061750614,25,28,28,81
061750615,6,7,3,16
061820101,227,16,5,248
061820102,292,63,11,366
061820103,365,4,0,369
061820104,176,41,0,217
061820105,325,26,2,353
061820106,223,28,3,254
061820107,238,58,1,297
061820108,191,10,1,202
061820109,310,69,1,380
061820110,279,28,0,307
061820111,273,41,0,314
061820112,294,23,2,319
061820113,231,14,1,246
061820114,280,45,1,326
061820201,206,8,1,215
061820202,280,39,5,324
061820203,262,8,7,277
061820204,233,29,2,264
061820205,206,16,1,223
061820206,236,22,2,260
061820207,236,25,2,263
061820208,253,22,1,276
061820209,228,15,9,252
061820210,234,10,10,254
061820211,206,4,4,214
061820212,194,16,12,222
061820213,224,16,2,242
061820301,31,1,0,32
061820302,6,0,0,6
061820303,41,2,0,43
061820304,40,2,0,42
061820305,53,15,0,68
061820306,1,0,0,1
061820307,0,0,0,0
061820308,7,7,0,14
061820309,182,10,0,192
061820310,16,1,1,18
061820311,143,6,0,149
061820312,24,0,0,24
061820401,17,1,3,21
061820501,119,12,3,134
061820502,98,15,11,124
061820503,104,15,21,140
061820504,214,35,10,259
061820505,73,17,12,102
061820601,14,3,2,19
061820602,45,6,5,56
061820603,5,1,8,14
061820604,236,41,15,292
061820605,288,105,39,432
061820606,276,54,41,371
061820607,351,37,14,402
061820608,250,37,17,304
061820609,249,13,3,265
061820701,13,0,1,14
061820702,110,43,40,193
061820703,309,38,8,355
061820704,216,17,5,238
061820705,219,39,7,265
061820706,92,11,13,116
061820707,0,0,0,0
061820708,219,33,13,265
061820709,206,40,26,272
061820710,263,59,29,351
061820801,17,4,2,23
061820901,55,24,9,88
061820902,26,9,3,38
061820903,6,5,2,13
061820904,50,16,4,70
061820905,26,5,6,37
061821001,162,30,1,193
061821002,131,10,2,143
061821003,283,32,16,331
061821004,264,34,3,301
061821005,222,29,3,254
061821006,222,14,7,243
061821007,228,13,4,245
061821008,305,19,5,329
061821009,318,48,5,371
061821010,253,40,16,309
061821011,254,28,4,286
061821101,168,41,5,214
061821102,249,60,9,318
061821103,264,49,13,326
061821104,196,31,2,229
061821105,157,30,7,194
061821106,211,28,4,243
061821107,156,35,4,195
061821108,201,42,22,265
061821109,257,27,12,296
061821110,45,17,12,74
061890101,8,0,1,9
061890102,6,0,3,9
061890103,3,0,0,3
061890104,4,2,1,7
061890201,1,0,0,1
061890202,2,0,0,2
061890203,2,0,1,3
061890204,1,0,0,1
061890205,1,0,0,1
061890206,5,1,0,6
061890207,6,3,0,9
061890301,22,1,1,24
061890302,5,0,0,5
061890303,6,1,0,7
061890304,2,0,0,2
061890305,4,1,0,5
061890401,1,1,0,2
061890402,3,0,2,5
061890403,7,0,1,8
061890501,2,0,0,2
061890502,1,1,2,4
061890503,3,3,0,6
061890504,2,3,0,5
061890505,2,1,1,4
061890601,10,5,2,17
061890602,10,0,0,10
061890603,4,1,0,5
061890604,4,2,1,7
061890605,0,1,0,1
061890606,0,0,1,1
061890607,4,0,0,4
061890608,5,1,0,6
061890701,4,2,0,6
061890702,2,1,0,3
061890703,7,4,0,11
061890704,1,0,1,2
061890705,3,1,2,6
061890706,0,0,2,2
061890707,7,2,0,9
061890801,2,0,0,2
061890802,7,2,0,9
061890803,3,1,0,4
061890804,1,0,2,3
061890901,7,0,0,7
061890902,7,2,1,10
061891001,188,9,7,204
061891002,216,16,4,236
061891003,223,18,5,246
061891004,231,32,10,273
061891005,239,9,7,255
061891006,281,15,3,299
061891007,288,34,17,339
061891008,197,15,4,216
061891009,146,20,10,176
061891010,11,2,3,16
061891101,3,1,0,4
061891102,8,2,0,10
061891103,3,1,1,5
061891104,3,0,1,4
061891105,6,4,0,10
061891106,4,1,0,5
061891107,2,1,0,3
061891201,132,15,4,151
061891202,3,3,1,7
061891203,5,1,0,6
061891204,3,0,0,3
061891205,5,1,0,6
061891206,5,2,0,7
061891207,2,0,0,2
061891208,5,0,0,5
061891209,2,1,0,3
061891210,7,1,0,8
061891211,104,21,11,136
061891301,28,3,3,34
061891302,4,2,1,7
061891303,7,1,4,12
061891304,4,1,1,6
061891305,1,0,1,2
061891306,2,2,0,4
061891307,6,4,1,11
061891308,3,2,0,5
061891309,1,0,0,1
061891401,2,1,2,5
061891402,1,1,0,2
061891403,6,1,0,7
061891404,1,0,1,2
061891405,4,0,0,4
061891406,1,4,0,5
061891501,140,11,4,155
061891502,264,86,9,359
061891503,42,18,2,62
061891504,18,2,4,24
061891505,13,2,3,18
061891506,1,1,0,2
061891507,2,2,1,5
061891508,7,2,0,9
061891509,149,18,9,176
061891601,5,3,3,11
061891602,0,0,1,1
061891603,9,1,0,10
061891604,1,0,2,3
061891605,4,0,0,4
061891701,16,6,1,23
061891702,128,24,18,170
061891703,281,23,5,309
061891704,191,16,10,217
061891705,188,15,5,208
061891706,213,6,5,224
061891707,303,17,6,326
061891708,207,39,16,262
061891709,9,0,2,11
061960101,206,36,38,280
061960102,279,15,5,299
061960103,212,30,17,259
061960104,191,34,28,253
061960105,46,8,43,97
061960106,36,17,47,100
061960107,78,11,16,105
061960108,282,12,8,302
061960109,81,11,25,117
061960110,94,9,16,119
061960111,85,12,19,116
061960112,318,12,6,336
061960113,205,13,8,226
061960114,185,13,2,200
061960115,185,8,2,195
061960116,297,20,9,326
061960117,167,6,5,178
061960118,121,26,8,155
061960119,129,18,9,156
061960201,30,13,33,76
061960202,43,22,29,94
061960203,78,14,12,104
061960204,170,39,26,235
061960205,300,15,7,322
061960206,302,9,2,313
061960207,232,5,0,237
061960208,239,12,5,256
061960209,297,12,9,318
061960210,278,18,15,311
061960211,127,14,11,152
061960212,97,17,17,131
061960213,181,12,6,199
061960214,169,13,18,200
061960301,7,1,1,9
061960302,5,1,4,10
061960303,5,3,0,8
061960304,2,1,1,4
061960305,2,3,2,7
061960306,5,1,2,8
061960401,12,4,3,19
061960402,7,2,1,10
061960403,5,1,0,6
061960404,5,1,1,7
061960501,4,2,0,6
061960502,1,1,0,2
061960503,8,3,1,12
061960504,2,2,0,4
061960601,7,0,0,7
061960602,3,0,0,3
061960603,7,0,0,7
061960604,4,0,0,4
061960701,91,13,30,134
061960702,3,2,0,5
061960703,2,0,1,3
061960704,4,1,1,6
061960705,5,3,4,12
061960706,0,0,3,3
061960707,13,2,5,20
061960708,20,7,6,33
061960709,18,0,1,19
061960801,5,3,1,9
061960802,11,1,1,13
061960803,7,3,1,11
061960804,12,1,0,13
061960805,1,0,0,1
061960806,9,1,0,10
061960901,0,0,1,1
061960902,5,0,0,5
061960903,10,2,0,12
061960904,14,0,0,14
061960905,6,1,3,10
061961001,8,0,1,9
061961002,8,1,0,9
061961003,3,0,0,3
061961004,4,1,0,5
061961005,11,2,0,13
061961101,7,1,0,8
061961102,14,0,0,14
061961103,7,0,5,12
061961104,5,1,0,6
061961105,8,8,0,16
061961106,7,1,0,8
061961107,4,2,0,6
061961108,7,0,0,7
061961201,0,0,4,4
061961202,13,2,0,15
061961203,4,2,0,6
061961204,2,0,0,2
061961205,9,2,0,11
061961206,6,2,0,8
061961301,1,2,0,3
061961302,4,1,0,5
061961303,5,4,1,10
061961304,10,1,1,12
061961305,9,1,1,11
061961401,3,1,1,5
061961402,8,3,2,13
061961403,6,1,1,8
061961501,39,17,14,70
061961502,6,3,0,9
061961503,3,1,2,6
061961504,5,1,0,6
061961505,1,1,0,2
061961506,61,16,14,91
061961507,134,10,3,147
061961508,75,13,6,94
062030101,315,13,5,333
062030102,234,18,0,252
062030103,282,7,1,290
062030104,266,7,2,275
062030105,260,4,1,265
062030106,263,12,0,275
062030107,207,4,3,214
062030108,255,17,11,283
062030109,210,2,4,216
062030110,270,30,9,309
062030111,232,28,23,283
062030112,283,14,5,302
062030113,211,9,29,249
062030201,170,5,2,177
062030202,216,7,3,226
062030203,185,7,6,198
062030204,132,16,30,178
062030205,15,2,1,18
062030206,10,0,1,11
062030207,29,5,2,36
062030208,7,0,3,10
062030209,6,2,0,8
062030210,205,16,23,244
062030211,118,16,11,145
062030212,274,21,21,316
062030213,99,15,10,124
062030214,14,1,11,26
062030215,170,15,10,195
062030301,13,1,0,14
062030302,9,3,1,13
062030303,6,1,1,8
062030304,14,0,0,14
062030305,8,0,1,9
062030306,8,1,0,9
062030401,45,2,11,58
062030402,2,0,3,5
062030403,7,2,1,10
062030404,5,0,0,5
062030405,6,0,0,6
062030406,5,1,0,6
062030407,5,0,0,5
062030408,10,1,0,11
062030501,16,4,17,37
062030502,3,0,0,3
062030503,7,2,1,10
062030504,10,2,2,14
062030505,7,0,0,7
062030506,3,0,4,7
062030507,3,0,0,3
062030601,8,0,1,9
062030602,8,0,0,8
062030603,5,0,0,5
062030604,7,5,0,12
062030605,3,1,1,5
062030701,2,0,0,2
062030702,4,0,1,5
062030703,5,0,0,5
062030704,4,0,1,5
062030705,3,1,0,4
062030706,3,0,0,3
062030707,3,0,1,4
062030708,2,0,0,2
062030709,1,1,0,2
062030710,7,0,2,9
062030711,4,0,1,5
062030801,10,0,2,12
062030802,27,1,0,28
062030803,203,21,8,232
062030804,302,10,12,324
062030805,380,25,6,411
062030806,373,8,3,384
062030807,330,7,5,342
062030808,438,18,22,478
062030809,318,7,2,327
062030810,279,8,16,303
062030811,62,17,14,93
062030812,151,5,3,159
062030901,9,0,0,9
062030902,10,4,0,14
062030903,0,0,2,2
062030904,3,1,0,4
062030905,2,0,1,3
062030906,1,0,0,1
062030907,4,0,1,5
062031001,1,0,0,1
062031002,8,2,0,10
062031003,8,4,0,12
062031004,5,0,1,6
062031005,3,1,2,6
062031101,8,1,3,12
062031102,11,1,0,12
062031103,0,0,0,0
062031104,2,2,0,4
062031105,3,0,0,3
062031106,2,0,0,2
062031201,7,0,0,7
062031202,5,1,0,6
062031203,10,1,1,12
062031204,10,2,0,12
062031205,11,1,0,12
062031301,7,0,0,7
062031302,4,1,0,5
062031303,6,1,0,7
062031304,11,1,0,12
062031305,9,3,1,13
062031306,7,2,0,9
062031307,9,2,0,11
062031308,8,1,0,9
062031401,130,11,3,144
062031402,9,0,1,10
062031403,6,0,1,7
062031404,3,2,0,5
062031405,14,8,0,22
062031406,0,3,0,3
062031407,3,0,0,3
062031408,0,0,0,0
062031501,2,2,0,4
062031502,10,3,1,14
062031503,2,2,0,4
062031504,7,1,0,8
062031601,374,23,21,418
062031602,192,30,54,276
062031603,176,20,46,242
062031604,395,9,11,415
062031605,244,9,13,266
062031606,107,15,27,149
062031607,292,21,5,318
062031608,246,19,34,299
062031609,349,13,31,393
062031610,258,19,37,314
062031611,100,3,1,104
062031612,191,13,67,271
062031613,255,6,36,297
062100101,136,29,17,182
062100102,154,22,4,180
062100103,131,24,4,159
062100104,143,22,2,167
062100105,146,24,3,173
062100106,227,33,1,261
062100107,223,31,5,259
062100108,202,11,3,216
062100109,156,16,1,173
062100110,154,12,0,166
062100111,241,23,2,266
062100112,147,9,0,156
062100113,163,34,5,202
062100114,93,38,18,149
062100115,230,37,8,275
062100116,259,25,2,286
062100117,250,41,4,295
062100118,240,20,6,266
062100119,193,61,22,276
062100120,237,38,22,297
062100121,223,34,5,262
062100201,195,38,32,265
062100202,323,50,10,383
062100203,293,41,42,376
062100204,300,37,4,341
062100205,191,14,1,206
062100206,150,27,8,185
062100207,351,49,14,414
062100208,249,27,2,278
062100209,240,20,1,261
062100210,339,48,10,397
062100301,50,16,4,70
062100401,32,11,9,52
062100501,74,24,14,112
062100601,14,7,3,24
062100602,13,5,2,20
062100603,114,29,17,160
062100604,22,15,14,51
062100605,92,15,9,116
062100606,171,18,5,194
062100607,101,8,12,121
062100608,65,16,11,92
062100609,5,4,5,14
062100610,14,4,3,21
062100611,46,9,9,64
062100612,85,31,18,134
062100613,65,3,0,68
062100701,38,8,16,62
062100801,31,17,65,113
062100802,161,41,53,255
062100803,181,60,69,310
062100804,225,39,30,294
062100805,319,93,104,516
062100806,76,37,87,200
062100807,35,22,13,70
062100808,335,132,109,576
062100809,173,63,41,277
062100810,174,72,99,345
062100811,35,11,38,84
062100901,177,29,11,217
062100902,214,17,4,235
062100903,39,16,8,63
062101001,32,10,5,47
062101101,11,3,3,17
062101201,52,16,10,78
062101301,315,26,2,343
062101302,275,28,5,308
062101303,156,17,6,179
062101304,317,17,0,334
062101305,206,23,4,233
062101306,322,50,11,383
062101307,213,35,22,270
062101308,324,64,16,404
062101309,229,72,25,326
062170101,262,12,4,278
062170102,288,7,4,299
062170103,218,18,13,249
062170104,264,26,27,317
062170105,262,19,9,290
062170106,165,6,0,171
062170107,268,9,0,277
062170108,204,6,1,211
062170109,246,8,0,254
062170110,218,8,1,227
062170111,188,7,4,199
062170112,238,17,5,260
062170113,355,25,9,389
062170114,143,2,1,146
062170201,19,8,2,29
062170202,11,5,2,18
062170203,5,2,2,9
062170204,15,3,5,23
062170205,13,6,2,21
062170206,9,5,1,15
062170207,4,8,3,15
062170301,34,5,9,48
062170302,18,8,23,49
062170303,37,11,31,79
062170304,28,9,0,37
062170401,76,24,43,143
062170402,97,40,52,189
062170403,77,12,34,123
062170404,114,23,23,160
062170405,57,19,23,99
062170406,37,16,27,80
062170407,50,16,22,88
062170408,78,10,4,92
062170409,104,30,39,173
062170410,182,21,15,218
062170411,156,32,24,212
062170412,95,34,62,191
062170413,236,81,88,405
062170414,258,51,95,404
062170415,166,34,32,232
062170416,176,43,26,245
062170501,6,2,3,11
062170502,1,1,1,3
062170503,5,0,1,6
062170504,3,2,0,5
062170505,35,18,2,55
062170506,10,3,1,14
062170507,9,11,0,20
062170508,8,7,4,19
062170509,4,0,0,4
062170510,5,2,0,7
062170511,7,5,0,12
062170512,3,1,2,6
062170601,7,2,0,9
062170602,2,0,1,3
062170603,7,2,0,9
062170604,15,3,3,21
062170605,12,3,2,17
062170701,3,2,2,7
062170702,4,5,2,11
062170801,14,6,7,27
062170802,11,8,2,21
062170803,14,3,5,22
062170901,15,1,2,18
062170902,19,10,0,29
062170903,15,5,4,24
062170904,16,5,1,22
062170905,4,4,3,11
062170906,12,3,5,20
062170907,11,5,2,18
062171001,203,33,22,258
062171002,311,70,36,417
062171003,337,26,7,370
062171004,271,19,3,293
062171005,11,4,3,18
062171006,12,4,6,22
062171007,9,3,5,17
062171008,15,5,1,21
062171009,18,2,2,22
062171010,44,13,12,69
062171011,60,9,5,74
062171012,8,2,1,11
062171013,187,31,2,220
062171101,38,12,7,57
062171102,7,4,6,17
062171103,11,6,2,19
062171104,4,4,1,9
062171105,17,13,5,35
062171106,5,6,2,13
062171201,122,16,20,158
062171202,315,249,5,569
062171203,276,19,3,298
062171204,168,23,12,203
062171205,181,38,91,310
062171206,226,19,2,247
062171207,208,20,4,232
062171208,223,20,5,248
062171209,190,23,5,218
062171210,391,30,3,424
062171211,164,15,11,190
062171212,244,36,12,292
062171213,231,31,6,268
062171214,157,15,4,176
062171215,191,18,6,215
062240101,87,46,29,162
062240102,253,30,12,295
062240103,352,36,15,403
062240104,181,40,12,233
062240105,236,26,48,310
062240106,224,33,20,277
062240107,279,32,3,314
062240108,205,9,0,214
062240109,279,32,6,317
062240110,232,18,32,282
062240111,307,34,10,351
062240112,297,30,8,335
062240113,74,195,2,271
062240114,220,45,45,310
062240115,74,19,73,166
062240116,138,20,12,170
062240117,162,23,45,230
062240201,176,30,13,219
062240202,210,22,8,240
062240203,93,49,6,148
062240204,248,52,88,388
062240205,209,26,22,257
062240206,194,42,30,266
062240207,253,33,11,297
062240208,302,31,23,356
062240209,200,31,26,257
062240210,266,39,1,306
062240211,252,5,1,258
062240212,73,9,21,103
062240213,26,18,48,92
062240214,175,29,30,234
062240301,225,33,9,267
062240302,233,33,22,288
062240303,257,29,14,300
062240304,236,46,1,283
062240305,158,28,23,209
062240306,207,14,15,236
062240307,159,55,58,272
062240308,98,51,44,193
062240309,99,30,29,158
062240310,192,28,33,253
062240401,107,51,54,212
062240402,340,36,30,406
062240403,301,49,23,373
062240404,269,9,3,281
062240405,305,47,5,357
062240406,235,42,1,278
062240407,273,31,4,308
062240408,231,34,1,266
062240409,317,31,19,367
062240410,195,21,12,228
062240411,255,34,26,315
062240412,90,32,19,141
062240413,300,29,3,332
062240414,97,14,37,148
062240415,100,17,11,128
062240416,129,20,16,165
062240417,115,57,68,240
062240501,4,2,6,12
062240502,6,1,1,8
062240503,17,6,2,25
062240504,2,1,1,4
062240505,5,1,10,16
062240601,11,6,2,19
062240602,17,4,8,29
062240603,21,7,7,35
062240604,8,5,22,35
062240701,2,0,0,2
062240702,10,3,1,14
062240703,7,4,3,14
062240801,4,3,2,9
062240802,8,3,1,12
062240901,114,12,13,139
062240902,194,36,53,283
062240903,64,13,6,83
062240904,30,6,21,57
062240905,4,4,2,10
062240906,43,9,17,69
062240907,12,3,14,29
062240908,147,70,53,270
062240909,18,7,55,80
062240910,14,14,24,52
062240911,90,22,51,163
062240912,97,23,20,140
062240913,53,7,7,67
062240914,52,4,11,67
062240915,110,17,46,173
062241001,6,2,1,9
062241002,12,6,3,21
062241101,22,10,1,33
062241102,17,17,12,46
062241103,46,9,13,68
062241201,22,14,9,45
062241202,3,1,6,10
062241203,12,6,4,22
062241204,79,15,5,99
062241301,53,14,2,69
062241302,7,1,6,14
062241303,5,4,4,13
062241401,10,1,1,12
062241402,11,6,7,24
062241403,30,13,8,51
062241501,5,0,3,8
062241502,9,4,5,18
062241503,10,0,0,10
062241601,4,3,2,9
062241602,4,0,1,5
062241701,36,14,22,72
062241702,12,1,0,13
062241703,9,6,6,21
062241801,5,4,1,10
062241802,13,3,0,16
062241901,31,8,9,48
062241902,6,1,1,8
062241903,7,5,2,14
062241904,10,6,2,18
062242001,108,5,4,117
062242002,109,11,7,127
062242003,222,46,23,291
062242004,2,0,3,5
062242005,10,7,0,17
062242006,4,2,0,6
062242007,5,1,5,11
062242008,2,2,7,11
062242009,52,13,14,79
062242010,83,29,22,134
062242101,7,0,2,9
062242102,4,0,0,4
062242103,5,1,1,7
062242201,192,25,4,221
062242202,222,24,2,248
062242203,299,25,3,327
062242204,266,38,3,307
062242205,279,11,1,291
062242206,311,29,5,345
062242207,190,27,18,235
062242208,195,73,2,270
062242209,170,14,24,208
062242210,103,40,75,218
062310101,206,15,6,227
062310102,110,37,19,166
062310103,14,1,1,16
062310104,66,8,5,79
062310105,17,4,1,22
062310106,21,3,5,29
062310107,162,22,5,189
062310201,19,3,0,22
062310202,12,9,0,21
062310203,11,0,2,13
062310204,8,0,0,8
062310301,7,3,1,11
062310302,11,2,12,25
062310303,15,3,3,21
062310304,8,0,0,8
062310401,1,1,0,2
062310402,6,0,1,7
062310403,9,0,0,9
062310404,11,1,0,12
062310405,5,2,0,7
062310501,4,6,2,12
062310502,7,2,1,10
062310601,2,0,1,3
062310602,4,3,0,7
062310603,11,10,12,33
062310604,4,0,1,5
062310605,4,2,0,6
062310606,14,3,6,23
062310701,12,2,0,14
062310702,9,1,0,10
062310703,10,0,0,10
062310704,9,4,3,16
062310705,0,1,0,1
062310706,2,0,3,5
062310707,4,0,0,4
062310801,12,1,1,14
062310802,0,1,1,2
062310803,158,34,33,225
062310804,1,1,0,2
062310805,4,2,0,6
062310901,14,1,1,16
062310902,29,8,0,37
062310903,9,1,4,14
062311001,303,44,11,358
062311002,3,0,0,3
062311003,8,1,2,11
062311004,0,1,0,1
062311005,33,10,13,56
062311101,1,0,1,2
062311201,193,19,21,233
062311202,187,60,32,279
062311203,200,13,8,221
062311204,271,24,23,318
062311205,270,14,5,289
062311206,170,8,2,180
062311207,224,73,29,326
062311208,281,67,38,386
062311209,229,9,1,239
062311210,264,11,12,287
062311211,229,63,54,346
062311212,92,48,33,173
062311213,90,48,33,171
062311214,20,6,10,36
062380101,103,23,66,192
062380102,132,19,37,188
062380103,283,35,33,351
062380104,258,39,54,351
062380105,296,29,25,350
062380106,225,14,4,243
062380107,259,61,93,413
062380108,206,8,17,231
062380109,253,7,2,262
062380110,275,36,19,330
062380111,184,22,7,213
062380112,227,19,2,248
062380113,101,14,45,160
062380114,95,14,43,152
062380201,185,13,42,240
062380202,278,41,67,386
062380203,286,17,20,323
062380204,189,5,0,194
062380205,216,22,0,238
062380206,255,13,3,271
062380207,260,37,76,373
062380208,240,42,34,316
062380209,227,28,45,300
062380210,118,26,83,227
062380211,39,21,26,86
062380212,170,39,118,327
062380213,99,14,33,146
062380214,99,11,62,172
062380215,6,4,10,20
062380301,84,5,9,98
062380302,15,3,7,25
062380401,20,4,5,29
062380501,25,6,20,51
062380601,32,18,75,125
062380602,79,3,6,88
062380603,152,13,39,204
062380604,210,23,25,258
062380605,4,1,4,9
062380606,9,4,5,18
062380607,19,3,20,42
062380608,2,1,1,4
062380609,76,15,45,136
062380610,3,2,11,16
062380611,102,37,38,177
062380701,28,8,3,39
062380702,26,11,8,45
062380801,16,0,6,22
062380901,22,6,15,43
062381001,1,1,6,8
062381101,16,3,8,27
062450101,315,44,23,382
062450102,259,83,23,365
062450103,326,71,12,409
062450104,247,13,5,265
062450105,288,41,15,344
062450106,274,74,67,415
062450107,235,20,2,257
062450108,266,13,3,282
062450109,244,11,2,257
062450110,268,20,6,294
062450111,263,28,3,294
062450201,206,123,61,390
062450202,134,66,31,231
062450203,150,13,7,170
062450204,121,73,7,201
062450205,259,46,19,324
062450206,356,77,35,468
062450207,318,40,9,367
062450208,249,32,11,292
062450209,217,57,25,299
062450210,164,15,7,186
062450211,239,144,83,466
062450212,183,108,84,375
062450213,164,52,38,254
062450214,187,74,1,262
062450215,112,62,22,196
062450301,255,30,8,293
062450302,262,67,34,363
062450303,245,65,27,337
062450304,203,105,112,420
062450305,121,109,143,373
062450306,207,101,73,381
062450307,244,19,4,267
062450308,193,43,12,248
062450309,204,45,118,367
062450310,224,59,4,287
062450311,270,26,12,308
062450401,82,52,74,208
062450402,56,36,45,137
062450403,119,67,58,244
062450404,110,75,45,230
062450405,151,57,21,229
062450406,99,57,30,186
062450407,136,69,63,268
062450408,113,24,1,138
062450409,111,51,59,221
062450410,83,75,69,227
062450411,18,2,4,24
062450412,25,29,27,81
062450413,88,85,63,236
062450414,82,16,1,99
062450415,103,130,212,445
062450416,106,13,1,120
062450417,45,28,18,91
062450418,49,42,37,128
062450501,241,35,21,297
062450502,158,23,9,190
062450503,138,28,19,185
062450504,184,39,52,275
062450505,315,92,74,481
062450506,1,1,1,3
062450507,27,8,19,54
062520101,36,13,93,142
062520102,118,47,87,252
062520103,25,22,113,160
062520104,159,100,162,421
062520105,147,75,148,370
062520106,190,102,151,443
062520107,344,122,47,513
062520108,261,114,109,484
062520109,199,39,8,246
062520110,137,13,3,153
062520111,176,46,9,231
062520112,251,68,42,361
062520113,218,45,20,283
062520114,171,38,26,235
062520115,159,47,10,216
062520201,81,22,1,104
062520202,115,22,2,139
062520203,127,45,22,194
062520204,176,36,15,227
062520205,111,16,5,132
062520206,106,21,0,127
062520207,119,37,13,169
062520208,27,15,20,62
062520209,128,71,147,346
062520210,157,41,17,215
062520211,169,47,38,254
062520212,109,43,33,185
062520213,175,52,14,241
062520214,195,59,27,281
062520215,167,89,150,406
062520216,97,81,105,283
062520217,103,72,77,252
062520301,3,4,44,51
062520302,51,27,5,83
062520303,79,19,12,110
062520304,130,55,36,221
062520305,59,92,242,393
062520306,162,98,98,358
062520307,37,14,13,64
062520308,71,15,1,87
062520309,139,45,9,193
062520401,100,53,122,275
062520402,167,93,98,358
062520403,114,38,16,168
062520404,193,46,11,250
062520405,167,60,72,299
062520406,182,36,6,224
062520407,152,45,17,214
062520408,327,83,43,453
062520409,139,97,190,426
062520410,199,29,9,237
062520411,12,9,2,23
062520412,157,119,183,459
062520413,308,39,5,352
062520501,319,54,7,380
062520502,227,14,4,245
062520503,320,30,1,351
062520504,364,60,3,427
062520505,224,38,2,264
062520506,169,29,3,201
062520507,272,103,29,404
062520508,337,74,15,426
062520509,241,92,35,368
062520601,77,78,61,216
062520602,0,1,2,3
062520603,26,13,15,54
062520604,113,49,59,221
062520605,171,65,68,304
062520606,217,47,25,289
062520607,22,4,9,35
062520608,17,3,2,22
062520609,7,12,18,37
062520610,23,6,6,35
062520611,74,15,10,99
062520612,102,37,12,151
062520613,63,28,50,141
062520614,94,50,46,190
062520701,189,81,50,320
062520702,208,93,51,352
062520703,188,78,82,348
062520704,178,122,74,374
062520705,152,118,155,425
062520706,128,145,204,477
062520707,86,85,165,336
062520708,170,81,127,378
062520709,178,43,34,255
062520710,172,65,24,261
062520711,268,85,97,450
062520801,10,16,28,54
062520802,172,91,170,433
062520803,176,83,139,398
062520804,145,109,146,400
062520805,106,80,177,363
062520806,301,68,36,405
062520807,222,41,28,291
062520808,173,49,36,258
062520809,68,10,7,85
062520810,136,14,5,155
062520901,437,109,290,836
062520902,90,106,288,484
062520903,65,101,242,408
062520904,62,70,257,389
062520905,71,103,151,325
062520906,87,90,124,301
062520907,109,99,90,298
062520908,102,62,57,221
062520909,127,85,53,265
062520910,169,101,92,362
062520911,146,160,113,419
062520912,116,100,136,352
062520913,77,110,430,617
062520914,159,108,145,412
062521001,167,3,0,170
062521002,35,7,0,42
062521003,186,64,34,284
062521004,179,75,39,293
062521005,111,42,58,211
062521006,144,70,85,299
062521007,88,72,87,247
062521008,91,53,29,173
062521009,181,79,50,310
062521010,224,54,24,302
062521011,108,90,118,316
062521012,79,80,213,372
062521013,198,59,148,405
062521014,147,56,18,221
062521015,114,52,27,193
062521016,130,52,89,271
062521017,106,53,42,201
062521101,179,45,22,246
062521102,347,61,39,447
062521103,156,41,29,226
062521104,301,40,10,351
062521105,270,80,9,359
062521106,145,75,46,266
062521107,212,69,19,300
062521108,76,16,4,96
062521109,103,48,15,166
062521110,228,54,17,299
062521201,114,116,99,329
062521202,229,145,108,482
062521203,158,122,92,372
062521204,153,117,118,388
062521205,220,123,79,422
062521206,150,104,76,330
062521207,142,94,114,350
062521208,71,101,97,269
062521301,91,47,39,177
062521302,123,129,100,352
062521303,171,104,79,354
062521304,178,74,46,298
062521305,204,96,38,338
062521306,148,74,65,287
062521307,156,50,19,225
062521308,177,36,29,242
062521309,184,25,16,225
062521310,128,67,18,213
062521311,208,56,19,283
062521312,174,76,68,318
062521401,149,69,117,335
062521402,219,84,85,388
062521403,138,108,230,476
062521404,76,78,144,298
062521405,72,75,38,185
062521406,85,44,73,202
062521407,104,90,103,297
062521408,239,131,109,479
062521409,208,93,35,336
062521410,246,27,14,287
062521411,179,78,31,288
062521412,70,83,219,372
062521413,177,175,179,531
062521414,62,69,136,267
062521415,107,70,68,245
062521416,148,84,52,284
062521417,200,62,23,285
062521418,144,68,66,278
062521419,177,125,85,387
062521501,3,1,0,4
062521502,0,2,0,2
062521503,157,97,51,305
062521504,208,135,67,410
062521505,163,118,54,335
062521506,111,117,125,353
062521507,127,92,106,325
062521508,102,85,161,348
062521509,188,69,41,298
062521510,161,27,5,193
062521511,158,107,107,372
062521512,160,160,98,418
062521513,192,19,2,213
062521514,236,58,0,294
062521515,359,139,0,498
062521601,73,28,72,173
062660101,4,2,2,8
062660102,38,22,5,65
062660103,18,12,1,31
062660104,24,27,10,61
062660201,10,4,1,15
062660202,33,5,0,38
062660203,18,7,1,26
062660204,207,62,18,287
062660205,83,20,12,115
062660301,172,76,38,286
062660302,230,26,12,268
062660303,181,53,31,265
062660304,145,45,5,195
062660305,48,24,27,99
062660306,139,15,4,158
062660307,148,29,5,182
062660308,122,28,6,156
062660309,153,29,6,188
062660310,193,44,20,257
062660311,148,66,44,258
062660312,12,7,6,25
062660401,17,6,29,52
062660402,4,1,0,5
062660403,52,28,7,87
062660501,177,99,104,380
062660502,97,36,29,162
062660503,92,23,16,131
062660504,38,15,11,64
062660505,29,19,6,54
062660506,39,18,17,74
062660507,15,15,5,35
062660508,132,53,30,215
062660509,64,9,2,75
062660601,51,30,48,129
062660602,160,29,27,216
062660603,70,27,11,108
062660604,44,24,9,77
062660605,69,16,12,97
062660606,44,11,4,59
062660607,52,10,1,63
062660608,81,16,5,102
062660609,70,37,77,184
062660610,104,29,17,150
062660611,91,20,3,114
062660612,76,20,18,114
062660701,120,58,49,227
062660702,186,59,27,272
062660703,267,69,70,406
062660704,64,30,10,104
062660705,164,107,155,426
062660706,43,19,12,74
062660707,206,40,8,254
062660708,206,58,49,313
062660709,264,91,27,382
062660710,112,113,63,288
062660711,92,41,17,150
062770101,4,0,0,4
062770102,76,8,36,120
062770103,92,6,13,111
062770104,13,9,0,22
062770105,3,4,0,7
062770106,28,10,6,44
062770107,167,50,38,255
062770108,190,31,7,228
062770109,181,12,19,212
062770110,210,26,3,239
062770111,341,46,30,417
062770112,193,21,2,216
062770113,221,27,7,255
062770114,168,34,20,222
062770115,237,38,10,285
062770116,12,6,2,20
062770201,11,19,1,31
062770202,75,14,8,97
062770203,19,9,1,29
062770204,49,11,6,66
062770205,6,1,3,10
062770206,14,13,6,33
062800101,50,80,46,176
062800102,90,70,12,172
062800103,92,61,19,172
062800104,106,80,38,224
062800105,43,51,48,142
062800106,64,45,23,132
062800107,159,58,31,248
062800108,50,48,59,157
062800109,40,37,47,124
062800110,80,63,25,168
062800201,150,120,28,298
062800202,162,59,5,226
062800203,151,18,2,171
062800204,111,111,2,224
062800205,231,92,9,332
062800206,181,48,5,234
062800207,250,25,1,276
062800208,160,9,0,169
062800301,44,10,2,56
062800302,48,2,0,50
062800303,50,10,2,62
062800304,50,5,1,56
062800305,79,4,0,83
062800306,46,2,2,50
062800307,80,10,0,90
062800308,45,3,0,48
062800309,42,4,0,46
062800310,50,2,0,52
062800311,30,7,0,37
062800312,27,1,0,28
062800313,29,0,0,29
062800401,216,22,3,241
062800402,52,2,0,54
062800403,32,1,0,33
062800404,10,2,0,12
062800405,42,3,0,45
062800406,93,9,0,102
062800407,46,14,6,66
062800408,37,28,26,91
062800409,74,31,16,121
062800410,69,14,6,89
062800501,1,1,5,7
062800502,10,3,0,13
062800503,2,3,2,7
062800504,0,1,2,3
062800505,6,2,1,9
062800506,7,5,0,12
062800507,7,1,0,8
062800508,9,2,2,13
062800509,3,3,1,7
062800601,2,2,1,5
062800602,2,3,2,7
062800603,19,3,10,32
062800604,19,5,0,24
062800605,11,1,0,12
062800606,154,32,5,191
062800607,49,19,0,68
062800608,55,39,16,110
062800609,33,5,2,40
062800610,51,39,31,121
062800611,32,20,19,71
062800612,15,17,6,38
062800613,10,9,7,26
062800614,25,5,3,33
062800615,18,15,11,44
062800616,28,4,1,33
062800617,20,4,1,25
062800701,4,5,1,10
062800702,9,0,0,9
062800703,14,3,4,21
062800704,31,15,8,54
062800705,8,5,5,18
062800706,6,7,2,15
062800707,3,6,1,10
062800708,9,2,2,13
062800709,10,4,5,19
062800710,5,3,2,10
062800711,6,2,3,11
062800801,76,17,3,96
062800802,1,3,0,4
062800803,2,3,0,5
062800804,4,0,1,5
062800805,2,1,0,3
062800806,4,2,1,7
062800807,4,4,5,13
062800808,0,3,3,6
062800809,11,3,3,17
062800810,8,1,0,9
062800811,3,2,3,8
062800812,4,2,6,12
062800813,3,6,2,11
062800814,3,2,2,7
062800815,9,4,1,14
062800816,20,13,5,38
062800817,6,4,0,10
062800818,3,0,1,4
062800819,171,37,6,214
062800820,47,27,21,95
062800901,25,8,3,36
062800902,8,3,1,12
062800903,3,1,1,5
062800904,7,2,2,11
062800905,5,11,1,17
062800906,17,4,1,22
062800907,4,2,0,6
062800908,8,1,2,11
062800909,25,15,1,41
062800910,6,2,2,10
062800911,4,5,0,9
062800912,43,12,2,57
062801001,180,19,1,200
062801002,170,21,3,194
062801003,72,6,0,78
062801004,111,7,0,118
062801005,83,10,0,93
062801006,29,1,0,30
062801007,55,9,0,64
062801008,117,7,1,125
062801101,139,57,30,226
062801102,228,49,18,295
062801103,267,76,2,345
062801104,122,12,5,139
062801105,134,20,1,155
062801106,146,27,0,173
062801107,126,20,0,146
062801108,104,53,4,161
062801109,134,54,14,202
062801110,74,43,10,127
062801111,61,50,36,147
062801112,59,58,16,133
062801201,21,13,5,39
062801202,17,6,7,30
062801203,2,1,0,3
062801204,18,10,1,29
062801205,224,128,47,399
062801206,220,85,26,331
062801207,295,58,26,379
062801208,257,123,69,449
062801209,87,73,30,190
062801210,112,47,30,189
062870101,53,29,9,91
062870201,31,17,5,53
062870301,2,5,1,8
062870302,4,7,3,14
062870401,23,11,32,66
062870402,6,1,2,9
062870403,69,8,14,91
062870404,118,33,13,164
062870405,217,48,22,287
062870406,182,7,6,195
062870407,210,23,11,244
062870408,136,23,34,193
062870409,74,34,16,124
062870410,90,30,10,130
062870411,224,31,9,264
062870412,167,9,2,178
062870413,231,47,39,317
062870414,164,45,11,220
062870415,233,13,2,248
062870416,17,4,7,28
062870417,3,2,1,6
062870501,19,5,3,27
062870502,39,14,7,60
062870601,41,19,6,66
062870701,31,7,5,43
062870702,31,14,3,48
062940101,1,6,2,9
062940102,1,0,1,2
062940103,0,0,0,0
062940201,3,2,1,6
062940202,39,24,35,98
062940203,252,116,11,379
062940204,141,173,16,330
062940205,9,10,1,20
062940206,2,6,0,8
062940207,2,5,1,8
062940208,0,1,0,1
062940209,5,4,2,11
062940210,8,1,1,10
062940211,44,35,17,96
062940301,9,1,0,10
062940302,4,1,0,5
062940303,4,3,0,7
062940401,193,28,11,232
062940402,270,49,9,328
062940403,273,86,24,383
062940404,98,51,6,155
062940405,20,12,5,37
062940406,28,13,10,51
062940407,5,2,2,9
062940408,198,89,16,303
062940501,6,4,15,25
062940502,2,3,0,5
062940503,3,2,0,5
062940504,4,0,0,4
062940505,6,5,2,13
062940506,16,8,2,26
062940601,149,105,8,262
062940602,94,41,9,144
062940603,123,81,11,215
062940604,54,47,29,130
062940605,2,2,0,4
062940606,8,7,2,17
062940607,10,5,0,15
062940608,43,18,9,70
062940609,62,41,18,121
062940610,63,46,23,132
062940701,4,3,0,7
062940702,6,4,2,12
062940703,2,3,2,7
062940704,4,4,0,8
062940705,2,5,2,9
062940706,0,0,0,0
062940801,52,9,2,63
062940802,139,59,7,205
062940803,90,90,18,198
062940804,65,50,3,118
062940805,88,51,3,142
062940806,90,49,12,151
062940807,183,29,4,216
062940808,116,116,11,243
062940809,37,11,6,54
062940810,27,48,28,103
062940811,2,1,0,3
062940812,2,0,1,3
062940813,1,0,0,1
062940814,3,3,1,7
062940815,6,5,1,12
063010101,107,46,42,195
063010201,31,10,5,46
063010301,22,12,9,43
063010401,34,19,7,60
063010501,2,1,2,5
063010502,37,11,7,55
063010503,21,3,5,29
063010504,132,37,46,215
063010505,120,44,54,218
063010506,153,32,35,220
063010507,119,28,35,182
063010508,218,15,5,238
063010509,211,21,20,252
063010510,191,28,18,237
063010511,262,18,2,282
063010512,295,31,6,332
063010513,297,46,46,389
063010514,155,22,8,185
063010601,47,19,10,76
063010701,35,22,20,77
063010801,53,15,20,88
063010802,24,9,7,40
063010803,33,6,12,51
063010804,42,7,5,54
063010805,131,42,18,191
063010806,198,40,32,270
063010807,88,21,7,116
063010808,257,14,4,275
063010809,233,9,2,244
063010810,107,25,10,142
063010811,264,10,4,278
063010812,265,45,41,351
063010813,167,32,23,222
063010814,103,53,56,212
063010815,4,2,3,9
063080101,12,6,0,18
063080201,11,3,2,16
063080301,13,10,4,27
063080401,10,8,6,24
063080501,95,4,1,100
063080502,61,16,8,85
063080601,94,20,15,129
063080602,112,18,12,142
063080603,11,9,10,30
063080604,1,2,1,4
063080701,14,9,5,28
063080801,8,3,1,12
063080901,16,9,9,34
063081001,17,11,11,39
063081002,186,59,38,283
063081003,6,3,18,27
063150101,148,39,25,212
063150102,307,47,24,378
063150103,78,28,64,170
063150104,263,29,18,310
063150105,290,20,4,314
063150106,243,31,29,303
063150107,100,33,51,184
063150108,95,35,90,220
063150109,323,17,24,364
063150110,302,38,27,367
063150111,322,80,48,450
063150112,149,59,86,294
063150113,187,58,82,327
063150114,214,49,96,359
063150115,201,19,36,256
063150116,84,23,84,191
063150117,30,46,115,191
063150118,184,43,54,281
063150201,32,16,8,56
063150301,125,37,96,258
063150302,52,22,29,103
063150303,49,36,54,139
063150401,42,23,18,83
063150501,39,12,26,77
063150502,41,27,54,122
063150601,66,36,15,117
063150701,18,14,4,36
063220101,0,0,2,2
063220102,1,1,1,3
063220103,5,6,0,11
063220201,10,3,3,16
063220202,2,4,0,6
063220203,4,0,0,4
063220204,5,2,0,7
063220301,66,9,21,96
063220302,17,2,0,19
063220303,2,2,0,4
063220304,14,3,1,18
063220305,7,4,2,13
063220306,7,2,2,11
063220307,91,11,19,121
063220401,3,2,1,6
063220402,5,1,0,6
063220403,5,3,2,10
063220404,3,1,2,6
063220405,4,0,1,5
063220501,7,2,1,10
063220502,3,3,4,10
063220503,6,3,0,9
063220504,0,0,4,4
063220505,7,3,1,11
063220601,242,78,64,384
063220602,238,23,6,267
063220603,164,16,8,188
063220604,160,21,11,192
063220605,177,16,12,205
063220606,100,24,8,132
063220607,104,47,35,186
063220608,14,5,7,26
063220609,4,1,0,5
063220610,1,0,0,1
063220611,27,9,16,52
063220612,192,19,22,233
063220613,103,30,1,134
063220614,167,8,1,176
063220615,111,27,7,145
063220616,111,42,29,182
063220617,211,25,16,252
063220701,40,9,19,68
063220702,6,6,4,16
063220703,13,3,1,17
063220704,5,0,1,6
063220705,8,1,1,10
063220801,2,4,2,8
063220802,6,1,0,7
063220803,6,5,2,13
063220901,13,3,1,17
063220902,8,2,0,10
063220903,5,0,0,5
063221001,90,11,11,112
063221002,14,4,6,24
063221003,4,0,5,9
063221004,15,6,3,24
063221005,18,2,1,21
063221006,9,0,0,9
063221007,26,13,4,43
063221008,15,0,1,16
063221101,3,6,2,11
063221102,4,5,3,12
063221103,9,1,0,10
063221201,6,2,0,8
063221202,2,1,0,3
063221203,3,2,2,7
063221301,1,5,0,6
063221302,4,3,2,9
063221303,8,4,0,12
063221304,6,1,1,8
063290101,5,6,2,13
063290102,18,10,7,35
063290103,11,8,5,24
063290104,10,7,5,22
063290201,24,13,18,55
063290202,16,2,0,18
063290203,11,16,3,30
063290301,19,11,2,32
063290302,22,15,7,44
063290303,31,20,13,64
063290304,183,34,24,241
063290305,154,78,60,292
063290306,118,31,53,202
063290307,72,43,30,145
063290308,221,46,33,300
063290309,170,37,21,228
063290310,203,59,36,298
063290311,269,26,26,321
063290312,293,29,4,326
063290313,166,11,3,180
063290314,142,26,13,181
063290315,213,39,37,289
063290316,164,71,19,254
063290317,122,9,7,138
063290401,18,3,11,32
063290402,42,18,8,68
063290403,35,24,21,80
063290501,51,16,22,89
063290502,26,25,50,101
063290503,19,9,8,36
063290504,20,4,0,24
063290505,57,29,25,111
063290506,81,32,39,152
063290601,12,9,4,25
063290602,9,6,1,16
063360101,10,9,16,35
063360201,126,28,19,173
063360202,122,17,10,149
063360203,72,13,3,88
063360204,7,4,3,14
063360205,98,16,9,123
063360301,11,7,9,27
063360401,6,4,6,16
063360501,49,26,36,111
063360601,9,5,2,16
063360701,27,14,16,57
063360801,20,17,5,42
063360901,15,10,5,30
063361001,27,43,52,122
063361002,55,45,43,143
063430101,122,44,32,198
063430102,12,14,0,26
063430103,38,13,13,64
063430104,12,5,1,18
063430105,10,12,2,24
063430201,23,15,6,44
063430301,15,8,5,28
063430302,7,3,5,15
063430303,14,5,0,19
063430401,13,10,2,25
063430402,12,9,9,30
063430501,5,4,7,16
063430502,13,3,4,20
063430503,12,14,5,31
063430601,124,31,26,181
063430602,57,24,14,95
063430603,15,9,1,25
063430604,6,4,1,11
063430605,10,2,5,17
063430606,1,1,2,4
063430701,66,17,17,100
063430702,130,32,15,177
063430703,208,41,13,262
063430704,101,22,10,133
063430705,181,27,22,230
063430706,172,44,39,255
063430707,197,27,19,243
063430708,108,23,30,161
063430709,284,18,3,305
063430710,262,40,21,323
063430711,117,54,37,208
063430712,81,50,51,182
063430713,74,29,41,144
063430801,5,7,3,15
063430802,13,3,2,18
063510101,4,3,5,12
063510102,96,25,11,132
063510103,86,41,13,140
063510104,4,6,0,10
063510201,29,18,3,50
063510202,6,13,3,22
063510301,1,1,16,18
063510302,2,5,0,7
063510303,3,1,0,4
063510304,7,2,3,12
063510401,107,61,34,202
063510402,7,5,1,13
063510403,4,9,4,17
063510404,9,5,3,17
063510405,5,5,5,15
063510406,233,38,18,289
063510501,9,6,0,15
063510502,1,2,3,6
063510601,100,34,17,151
063510602,76,10,14,100
063510603,259,31,18,308
063510604,290,35,42,367
063510605,186,42,22,250
063510606,274,44,14,332
063510607,306,26,1,333
063510608,66,15,16,97
063510609,1,1,0,2
063510610,1,0,3,4
063510611,4,3,2,9
063510612,1,2,1,4
063510613,11,2,2,15
063510614,4,1,6,11
063510615,220,36,15,271
063510701,13,3,0,16
063510702,9,3,1,13
063510703,6,3,0,9
063510801,4,15,2,21
063510802,6,4,1,11
063510803,16,8,1,25
063510901,336,54,19,409
063510902,7,1,0,8
063510903,24,14,7,45
063511001,3,3,1,7
063511002,2,6,1,9
063511003,7,5,0,12
063570101,150,72,7,229
063570102,203,96,10,309
063570103,189,112,37,338
063570104,307,59,5,371
063570105,294,34,1,329
063570106,197,40,4,241
063570107,242,10,0,252
063570108,308,28,1,337
063570109,204,38,7,249
063570201,197,70,8,275
063570202,188,38,28,254
063570203,213,47,3,263
063570204,287,45,8,340
063570205,230,34,0,264
063570206,246,26,0,272
063570207,192,17,1,210
063570208,142,29,2,173
063570209,236,32,0,268
063570210,210,29,1,240
063570301,95,43,5,143
063570302,138,26,6,170
063570303,101,14,9,124
063570304,118,39,43,200
063570305,138,51,29,218
063570306,289,28,2,319
063570307,270,7,1,278
063570308,300,31,0,331
063570309,306,49,2,357
063570310,270,12,1,283
063570311,308,25,3,336
063570401,194,29,1,224
063570402,151,16,2,169
063570403,136,20,2,158
063570404,148,10,0,158
063570405,140,5,2,147
063570406,176,8,1,185
063570407,215,24,16,255
063570408,266,32,1,299
063570409,214,9,1,224
063570410,196,16,3,215
063570501,316,32,2,350
063570502,304,22,3,329
063570503,236,7,0,243
063570504,234,8,0,242
063570505,180,5,2,187
063570506,203,16,1,220
063570507,169,8,1,178
063570508,186,7,0,193
063570509,311,18,2,331
063570510,291,11,1,303
063570511,156,12,1,169
063570512,167,21,1,189
063570513,141,5,1,147
063570514,107,7,1,115
063570601,191,73,28,292
063570602,162,56,10,228
063570603,200,38,2,240
063570604,310,56,6,372
063570605,189,54,4,247
063570606,187,40,3,230
063570607,305,18,0,323
063570608,294,38,1,333
063570609,312,45,2,359
063570610,258,51,1,310
063570611,255,23,1,279
063570701,224,57,5,286
063570702,278,37,14,329
063570703,216,38,1,255
063570704,248,53,2,303
063570705,277,83,11,371
063570706,255,61,17,333
063570707,182,61,1,244
063570708,169,72,17,258
063570709,285,113,15,413
063570710,183,82,18,283
063570711,138,56,30,224
063570801,124,119,58,301
063570802,165,60,12,237
063570803,138,57,2,197
063570804,228,13,4,245
063570805,232,68,9,309
063570806,203,46,4,253
063570807,266,40,7,313
063570808,228,31,0,259
063570809,282,55,6,343
063570810,291,58,5,354
063570811,324,41,3,368
063570812,293,51,4,348
063570813,176,28,0,204
063570814,129,15,0,144
063570901,222,140,50,412
063570902,94,87,97,278
063570903,120,71,53,244
063570904,171,115,32,318
063570905,150,94,42,286
063570906,158,133,62,353
063570907,138,126,35,299
063570908,116,86,63,265
063570909,146,99,34,279
063570910,216,116,15,347
063570911,226,80,13,319
063570912,249,117,31,397
063570913,190,75,10,275
063571001,173,46,3,222
063571002,209,1,2,212
063571003,357,16,3,376
063571004,170,89,29,288
063571005,164,56,94,314
063571006,298,48,14,360
063571007,73,83,84,240
063571008,139,138,101,378
063571009,103,83,50,236
063571010,117,64,35,216
063571011,195,70,33,298
063571012,192,69,22,283
063571013,118,71,21,210
063571014,151,82,15,248
063571015,128,72,10,210
063571101,119,76,10,205
063571102,115,117,84,316
063571103,146,66,29,241
063571104,159,134,71,364
063571105,112,111,60,283
063571106,98,116,104,318
063571107,90,83,91,264
063571108,133,46,14,193
063571109,238,113,17,368
063571110,179,57,8,244
063571111,230,52,7,289
063571112,185,91,26,302
063571201,181,104,31,316
063571202,138,45,10,193
063571203,174,79,27,280
063571204,184,54,26,264
063571205,334,42,3,379
063571206,141,30,3,174
063571207,167,83,32,282
063571208,135,121,89,345
063571209,147,91,58,296
063571210,85,175,61,321
063571211,39,298,28,365
063571212,150,88,54,292
063571213,157,92,26,275
063571214,277,15,1,293
063571215,137,182,9,328
063571301,205,46,15,266
063571302,254,46,5,305
063571303,311,65,9,385
063571304,331,104,21,456
063571305,188,50,11,249
063571306,277,90,26,393
063571307,227,65,21,313
063571308,174,94,11,279
063571309,115,67,1,183
063571401,312,51,5,368
063571402,234,60,5,299
063571403,328,65,7,400
063571404,279,29,3,311
063571405,183,25,3,211
063571406,277,20,0,297
063571407,310,41,25,376
063571408,309,27,6,342
063571409,261,37,8,306
063571501,296,22,5,323
063571502,180,20,0,200
063571503,246,22,1,269
063571504,317,26,2,345
063571505,327,25,1,353
063571506,193,46,3,242
063571507,607,52,3,662
063571508,317,29,4,350
063571509,232,23,2,257
063571510,259,31,2,292
063571511,135,20,3,158
063571601,225,27,5,257
063571602,217,31,6,254
063571603,239,23,6,268
063571604,290,20,5,315
063571605,167,17,5,189
063571606,190,16,5,211
063571607,170,16,0,186
063571608,190,20,0,210
063571609,134,21,0,155
063571610,150,14,0,164
063571611,150,14,5,169
063571612,153,5,0,158
063571613,175,21,0,196
063571701,235,23,4,262
063571702,102,6,1,109
063571703,166,14,2,182
063571704,179,17,2,198
063571705,250,41,36,327
063571706,174,15,4,193
063571707,151,17,4,172
063571708,221,23,2,246
063571709,211,15,0,226
063571710,166,18,1,185
063571801,258,18,1,277
063571802,185,3,0,188
063571803,131,7,1,139
063571804,208,7,1,216
063571805,297,21,1,319
063571806,233,15,2,250
063571807,221,15,2,238
063571808,280,12,6,298
063571809,215,14,3,232
063571810,200,9,0,209
063571901,258,26,1,285
063571902,150,15,0,165
063571903,136,14,0,150
063571904,78,4,0,82
063571905,161,1,0,162
063571906,113,10,2,125
063571907,212,13,0,225
063571908,203,3,1,207
063571909,115,6,0,121
063571910,105,1,1,107
063571911,142,3,0,145
063572001,171,4,0,175
063572002,290,37,0,327
063572003,152,12,0,164
063572004,124,27,0,151
063572005,103,0,0,103
063572006,105,5,0,110
063572007,142,8,0,150
063572008,42,2,0,44
063572009,86,2,0,88
063572101,151,3,0,154
063572102,245,10,6,261
063572103,208,4,0,212
063572104,126,5,0,131
063572105,286,11,0,297
063572106,187,2,1,190
063572107,190,5,0,195
063572108,211,2,1,214
063572201,193,0,0,193
063572202,105,5,0,110
063572203,188,2,1,191
063572204,160,4,0,164
063572205,178,2,0,180
063572206,236,4,0,240
063572207,190,3,0,193
063572208,204,18,2,224
063572209,231,13,1,245
063572210,154,11,0,165
063572211,162,5,1,168
063572212,177,8,1,186
063572213,127,9,0,136
063572214,202,1,0,203
063572301,159,5,0,164
063572302,170,6,12,188
063572303,106,4,0,110
063572304,165,1,0,166
063572305,91,2,0,93
063572306,170,5,0,175
063572307,110,0,0,110
063572308,56,2,0,58
063572401,65,2,0,67
063572402,49,2,1,52
063572403,151,4,0,155
063572404,141,0,0,141
063572405,213,10,6,229
063572501,231,11,0,242
063572502,231,8,0,239
063572503,136,2,0,138
063572601,241,1,0,242
063572602,299,19,2,320
063572603,240,23,0,263
063572604,268,1,0,269
063572701,169,6,0,175
063572702,177,3,0,180
063572703,230,4,2,236
063572704,150,12,0,162
063572705,225,14,0,239
063572801,230,6,2,238
063572802,114,18,1,133
063572803,158,1,0,159
063572804,116,13,0,129
063572805,198,0,0,198
063572806,172,2,0,174
063572901,146,2,0,148
063572902,106,3,0,109
063572903,121,5,0,126
063572904,188,13,0,201
063572905,46,0,0,46
063572906,255,14,4,273
063573001,165,5,0,170
063573002,153,4,0,157
063573003,77,0,0,77
063573004,179,1,1,181
063573005,157,0,0,157
063573006,233,3,0,236
063573007,126,2,0,128
063573008,99,0,11,110
063573009,208,2,0,210
063573010,158,1,0,159
063573011,197,8,0,205
063573101,264,5,1,270
063573102,193,18,1,212
063573103,169,6,1,176
063573104,100,4,0,104
063573105,192,12,0,204
063573106,168,18,0,186
063573107,290,1,0,291
063573108,221,32,0,253
063573109,230,17,10,257
063573201,207,33,2,242
063573202,221,31,1,253
063573203,222,12,1,235
063573204,306,4,0,310
063573205,134,3,0,137
063573206,213,5,0,218
063573207,224,1,0,225
063573208,116,1,0,117
063573209,249,2,0,251
063573210,194,3,0,197
063573301,253,11,0,264
063573302,302,21,3,326
063573303,270,31,0,301
063573304,273,28,2,303
063573305,244,24,0,268
063573306,219,5,0,224
063573307,266,8,0,274
063573308,218,22,0,240
063573309,160,20,0,180
063573310,128,8,0,136
063573311,162,3,0,165
063573401,168,3,1,172
063573402,194,2,0,196
063573403,146,4,0,150
063573404,345,17,0,362
063573405,167,7,0,174
063573406,149,9,0,158
063573407,181,6,0,187
063573408,91,2,2,95
063573501,220,34,0,254
063573502,309,3,0,312
063573503,148,5,0,153
063573504,170,25,0,195
063573505,254,15,0,269
063573506,193,23,0,216
063573507,226,1,2,229
063573508,266,2,0,268
063573509,226,11,0,237
063573510,132,0,0,132
063573601,235,3,7,245
063573602,257,2,1,260
063573603,171,1,0,172
063573604,243,3,1,247
063573605,49,6,0,55
063573701,208,0,0,208
063573702,194,22,2,218
063573703,190,13,0,203
063573704,139,4,0,143
063573705,207,6,0,213
063573706,162,6,0,168
063573707,159,0,0,159
063573708,109,10,6,125
063573801,228,6,0,234
063573802,154,25,0,179
063573803,203,4,0,207
063573804,99,12,0,111
063573901,200,5,1,206
063573902,159,1,0,160
063573903,161,4,0,165
063573904,239,49,0,288
063573905,136,0,2,138
063573906,91,2,0,93
063573907,189,1,1,191
063573908,169,2,0,171
063573909,94,6,1,101
063574001,20,0,0,20
063574002,131,17,12,160
063574003,157,3,0,160
063574004,196,1,0,197
063574005,129,11,2,142
063574006,143,16,0,159
063574007,248,10,0,258
063574008,187,7,0,194
063574101,259,11,1,271
063574102,229,13,0,242
063574103,250,10,0,260
063574104,194,10,1,205
063574105,172,27,7,206
063574106,60,0,0,60
063574107,114,1,0,115
063574201,161,2,0,163
063574202,120,8,0,128
063574203,92,0,0,92
063574204,68,0,0,68
063574205,133,2,0,135
063574206,163,5,0,168
063574207,89,4,0,93
063574301,77,3,0,80
063574302,81,3,2,86
063574303,102,4,0,106
063574304,147,14,0,161
063574305,53,2,0,55
063574306,96,1,0,97
063574307,132,2,0,134
063574308,47,0,0,47
063574309,100,1,1,102
063574310,90,6,0,96
063574311,78,2,1,81
063574312,88,3,0,91
063574401,25,0,0,25
063574402,60,2,11,73
063574403,218,12,0,230
063574404,219,13,0,232
063574405,184,21,2,207
063574406,106,5,0,111
063574407,141,5,0,146
063574408,114,8,0,122
063574409,79,4,0,83
063574501,160,10,0,170
063574502,170,14,0,184
063574503,207,15,0,222
063574504,218,4,0,222
063574505,142,5,0,147
063574506,295,9,1,305
063574507,252,14,5,271
063574508,257,8,1,266
063574509,306,18,1,325
063574510,249,2,23,274
063574511,124,2,0,126
063574512,124,10,0,134
063574513,73,1,0,74
063574514,94,3,0,97
063574515,158,4,0,162
063574516,248,18,0,266
063574601,162,15,0,177
063574602,158,10,2,170
063574603,217,20,0,237
063574604,142,2,0,144
063574605,259,21,0,280
063574606,286,13,0,299
063574607,187,7,0,194
063574608,174,17,3,194
063574609,253,16,1,270
063574610,240,5,0,245
063574611,235,8,0,243
063574612,244,1,0,245
063574613,184,8,2,194
063574701,283,27,2,312
063574702,254,20,2,276
063574703,290,18,1,309
063574704,250,10,0,260
063574705,312,32,0,344
063574706,177,8,0,185
063574707,159,9,0,168
063574708,270,13,0,283
063574709,274,19,0,293
063574710,288,18,3,309
063574801,322,29,2,353
063574802,265,45,8,318
063574803,261,29,1,291
063574804,117,20,7,144
063574805,187,14,2,203
063574806,128,21,2,151
063574807,171,25,1,197
063574808,173,22,1,196
063574809,143,24,1,168
063574810,279,39,1,319
063574811,270,21,3,294
063574812,178,9,0,187
063574813,176,15,0,191
063574814,196,30,5,231
063574815,193,10,1,204
063574901,194,28,5,227
063574902,278,25,2,305
063574903,191,29,0,220
063574904,196,16,9,221
063574905,262,20,0,282
063574906,229,11,1,241
063574907,259,22,6,287
063574908,218,17,2,237
063575001,206,32,8,246
063575002,244,47,7,298
063575003,271,24,2,297
063575004,295,39,6,340
063575005,302,40,2,344
063575006,295,42,5,342
063575007,194,99,56,349
063575008,432,86,2,520
063575009,467,132,3,602
063575010,179,22,3,204
063575011,130,19,3,152
063575012,296,35,1,332
063575013,166,18,2,186
063575014,163,23,1,187
063575101,178,43,3,224
063575102,259,18,4,281
063575103,295,50,9,354
063575104,242,32,1,275
063575105,193,76,26,295
063575106,136,93,44,273
063575107,239,97,21,357
063575108,157,73,36,266
063575109,280,92,24,396
063575201,104,200,112,416
063575202,159,130,76,365
063575203,280,59,35,374
063575204,215,120,43,378
063575205,159,87,19,265
063575206,147,59,30,236
063575207,235,101,13,349
063575208,129,84,16,229
063575209,182,51,5,238
063575210,219,151,82,452
063575211,142,149,58,349
063575212,159,105,41,305
063575213,141,92,55,288
063575214,108,141,116,365
063575215,153,131,126,410
063575216,160,147,117,424
063575301,248,53,7,308
063575302,242,64,6,312
063575303,322,40,4,366
063575304,214,47,13,274
063575305,164,82,10,256
063575306,139,76,29,244
063575307,266,85,15,366
063575308,206,81,37,324
063575309,271,104,19,394
063575310,227,110,25,362
063575311,148,115,53,316
063575312,158,118,41,317
063575313,156,80,9,245
063575314,116,75,19,210
063575315,104,98,63,265
063575316,198,25,20,243
063575401,222,50,11,283
063575402,257,40,1,298
063575403,322,30,1,353
063575404,313,66,5,384
063575405,250,20,1,271
063575406,176,44,22,242
063575407,207,28,1,236
063575408,212,16,0,228
063575501,149,29,5,183
063575502,228,36,4,268
063575503,330,21,4,355
063575504,381,30,3,414
063575505,161,12,2,175
063575506,236,14,0,250
063575507,199,20,0,219
063575508,388,36,0,424
063575601,294,21,0,315
063575602,305,19,2,326
063575603,277,27,1,305
063575604,344,24,0,368
063575605,266,18,1,285
063575606,255,9,0,264
063575607,313,16,1,330
063575608,291,20,3,314
063575609,262,11,3,276
063575610,139,12,1,152
063575611,343,33,7,383
063575612,256,22,3,281
063575701,328,77,42,447
063575702,300,35,4,339
063575703,236,29,1,266
063575704,360,35,0,395
063575705,158,24,28,210
063575706,280,27,10,317
063575707,193,26,0,219
063575708,181,13,1,195
063575709,324,46,1,371
063575710,200,20,2,222
063575801,236,28,4,268
063575802,229,44,2,275
063575803,240,33,3,276
063575804,257,28,1,286
063575805,285,50,4,339
063575806,287,45,2,334
063575807,216,60,2,278
063575808,330,70,10,410
063575901,343,4,0,347
063575902,272,19,2,293
063575903,224,11,1,236
063575904,276,10,0,286
063575905,260,14,1,275
063575906,372,20,9,401
063575907,147,25,127,299
063575908,280,16,1,297
063575909,165,5,1,171
063575910,166,6,1,173
063575911,285,24,0,309
063576001,273,33,3,309
063576002,183,37,3,223
063576003,287,2,0,289
063576004,170,22,4,196
063576005,234,31,4,269
063576006,293,34,5,332
063576007,274,32,4,310
063576008,180,46,3,229
063576009,162,41,3,206
063576010,130,81,27,238
063576011,157,61,11,229
063576101,286,9,0,295
063576102,319,51,4,374
063576103,142,16,0,158
063576104,187,27,0,214
063576105,266,13,1,280
063576106,337,27,0,364
063576107,120,12,7,139
063576108,8,3,0,11
063576109,176,22,0,198
063576110,275,30,14,319
063576111,191,6,0,197
063576112,66,18,0,84
063576113,235,1,2,238
063576201,274,34,6,314
063576202,163,21,0,184
063576203,137,27,4,168
063576204,242,39,2,283
063576205,219,52,0,271
063576206,217,36,1,254
063576207,168,39,16,223
063576208,154,23,4,181
063576209,241,18,0,259
063576210,78,21,2,101
063576211,173,33,5,211
063576301,1,3,0,4
063576302,52,2,0,54
063576303,64,3,2,69
063576304,103,15,0,118
063576305,120,9,2,131
063576306,51,8,0,59
063576307,52,4,0,56
063576308,78,1,0,79
063576309,48,7,0,55
063576401,272,64,9,345
063576402,240,95,9,344
063576403,146,46,7,199
063576404,132,69,18,219
063576405,159,39,2,200
063576406,125,15,2,142
063576407,144,21,1,166
063576408,125,11,1,137
063576409,73,5,0,78
063576410,62,1,0,63
063576411,100,5,12,117
063576501,149,25,3,177
063576502,143,48,30,221
063576503,0,0,3,3
063576504,305,16,0,321
063576505,186,14,2,202
063576506,171,16,6,193
063576507,216,27,3,246
063576508,239,46,1,286
063576509,217,32,0,249
063576510,170,14,0,184
063576511,180,6,0,186
063576512,190,9,1,200
063576513,66,2,0,68
063576514,87,6,1,94
063576601,194,54,26,274
063576602,241,34,3,278
063576603,261,78,48,387
063576604,264,56,13,333
063576605,221,34,3,258
063576606,199,43,4,246
063576607,172,79,8,259
063576608,158,38,2,198
063576701,133,46,5,184
063576702,143,57,10,210
063576703,226,63,14,303
063576704,169,97,21,287
063576705,169,108,31,308
063576706,158,58,12,228
063576707,237,110,32,379
063576708,131,84,18,233
063576709,157,99,20,276
063576710,146,125,52,323
063576711,166,134,43,343
063576712,169,120,19,308
063576713,77,81,25,183
063576714,93,75,16,184
063576715,106,170,54,330
063576801,319,78,13,410
063576802,250,103,26,379
063576803,139,74,13,226
063576804,136,37,5,178
063576805,140,30,2,172
063576806,188,51,4,243
063576807,184,65,13,262
063576808,166,57,2,225
063576809,171,59,12,242
063576810,211,76,20,307
063576901,142,56,11,209
063576902,146,67,8,221
063576903,113,47,16,176
063576904,166,61,18,245
063576905,150,47,15,212
063576906,186,53,37,276
063576907,185,122,43,350
063576908,134,98,36,268
063576909,161,82,29,272
063576910,134,126,29,289
063576911,87,65,24,176
063577001,118,61,54,233
063577002,234,60,8,302
063577003,363,63,7,433
063577004,365,39,3,407
063577005,163,33,5,201
063577006,161,54,28,243
063577007,272,78,3,353
063577008,290,55,6,351
063577009,161,58,5,224
063577010,131,46,15,192
063577011,112,83,26,221
063577012,125,51,2,178
063577013,110,112,37,259
063577014,149,88,27,264
063577101,115,48,50,213
063577102,199,57,6,262
063577103,314,54,7,375
063577104,332,37,5,374
063577105,196,44,9,249
063577106,227,58,11,296
063577107,254,30,3,287
063577108,353,37,5,395
063577109,371,26,2,399
063577110,142,82,39,263
063577111,123,156,88,367
063577201,74,123,79,276
063577202,84,116,99,299
063577203,69,80,67,216
063577204,142,102,65,309
063577205,143,139,38,320
063577206,143,107,38,288
063577207,207,88,28,323
063577208,139,30,3,172
063577209,195,80,83,358
063577210,239,126,22,387
063577211,181,107,50,338
063577301,17,12,38,67
063577302,108,87,164,359
063577303,1,1,10,12
063577304,29,18,13,60
063577305,293,24,19,336
063577306,324,10,8,342
063577307,10,12,48,70
063577308,16,38,88,142
063577309,46,37,70,153
063577310,2,1,0,3
063577311,51,31,27,109
063577312,47,21,5,73
063577401,329,1,0,330
063577402,119,111,64,294
063577403,126,66,24,216
063577404,50,67,152,269
063577405,37,51,126,214
063577406,57,134,179,370
063577407,123,81,16,220
063577408,130,101,16,247
063577409,99,62,10,171
063577410,125,43,9,177
063577411,97,29,2,128
063577412,135,25,2,162
063577413,142,47,13,202
063577414,178,107,23,308
063577415,98,59,18,175
063577416,112,36,5,153
063577417,137,50,2,189
063577418,116,56,2,174
063577501,131,14,1,146
063577502,61,7,0,68
063577503,26,0,0,26
063577504,93,19,3,115
063577505,58,6,0,64
063577506,100,21,2,123
063577507,140,37,10,187
063577508,105,22,8,135
063577509,71,10,0,81
063577510,65,6,2,73
063577511,84,24,4,112
063577512,92,41,13,146
063577513,98,34,12,144
063577514,59,23,6,88
063577515,59,12,3,74
063577516,40,10,8,58
063577601,34,28,32,94
063577602,48,53,50,151
063577603,38,13,2,53
063577604,69,31,1,101
063577605,77,11,2,90
063577606,31,9,5,45
063577607,67,19,5,91
063577608,110,16,2,128
063577609,88,37,11,136
063577610,104,71,59,234
063577611,60,26,22,108
063577612,44,36,7,87
063577613,57,14,4,75
063577614,37,2,10,49
063577615,62,10,5,77
063577616,45,14,19,78
063577617,35,17,10,62
063577701,95,57,41,193
063577702,94,47,40,181
063577703,20,24,14,58
063577704,21,14,8,43
063577705,34,11,6,51
063577706,15,6,0,21
063577707,24,18,13,55
063577708,26,13,2,41
063577709,88,34,6,128
063577710,45,17,12,74
063577711,30,22,8,60
063577712,35,13,8,56
063577713,31,14,4,49
063577714,47,10,6,63
063577715,21,19,8,48
063577716,42,16,7,65
063577717,20,11,3,34
063577718,24,11,5,40
063577801,8,3,1,12
063577802,55,81,21,157
063577803,27,54,25,106
063577804,131,107,45,283
063577805,99,106,50,255
063577806,13,11,22,46
063577807,30,16,58,104
063577808,92,58,48,198
063577809,86,42,93,221
063577810,101,145,39,285
063577811,48,127,141,316
063577812,62,122,214,398
063577813,123,85,46,254
063577814,67,130,126,323
063577815,42,60,78,180
063577816,55,78,63,196
063577901,0,1,1,2
063577902,235,41,2,278
063577903,37,23,22,82
063577904,12,36,176,224
063577905,24,81,116,221
063577906,21,77,115,213
063577907,14,27,136,177
063577908,99,124,73,296
063577909,124,133,106,363
063577910,45,83,88,216
063577911,79,51,27,157
063577912,129,68,22,219
063577913,182,110,43,335
063577914,180,151,68,399
063577915,213,194,118,525
063577916,15,5,20,40
063577917,13,14,15,42
063578001,128,81,107,316
063578002,144,67,29,240
063578003,99,91,79,269
063578004,101,97,83,281
063578005,159,93,127,379
063578006,167,73,76,316
063578007,45,58,57,160
063578008,82,61,30,173
063578009,49,36,42,127
063578010,54,29,27,110
063578011,93,35,12,140
063578012,37,28,33,98
063578013,52,48,52,152
063578014,41,38,56,135
063578015,2,1,0,3
063578016,121,67,36,224
063578017,95,28,17,140
063578018,68,22,8,98
063578101,44,23,28,95
063578102,10,8,0,18
063578103,5,5,0,10
063578104,23,25,25,73
063578105,37,23,7,67
063578106,59,39,39,137
063578107,57,38,27,122
063578108,69,33,43,145
063578109,88,41,24,153
063578110,90,58,12,160
063578111,119,33,15,167
063578112,69,56,40,165
063578113,49,53,24,126
063578114,108,145,80,333
063578201,11,15,9,35
063578202,26,10,5,41
063578203,84,77,64,225
063578204,75,57,43,175
063578205,88,44,133,265
063578206,89,47,59,195
063578207,66,12,0,78
063578208,68,21,1,90
063578209,55,11,1,67
063578210,62,9,0,71
063578211,106,41,4,151
063578212,102,41,1,144
063578213,42,25,53,120
063578301,41,20,25,86
063578302,48,50,38,136
063640101,185,65,70,320
063640102,158,26,15,199
063640103,275,43,11,329
063640104,146,50,62,258
063640105,226,51,20,297
063640106,190,48,33,271
063640107,85,62,64,211
063640108,90,51,106,247
063640109,71,53,115,239
063640110,86,44,106,236
063640111,120,55,88,263
063640112,101,48,31,180
063640113,107,42,46,195
063640114,264,78,43,385
063640115,174,12,3,189
063640116,183,14,0,197
063640117,174,11,2,187
063640118,183,17,1,201
063640119,324,34,8,366
063640201,82,31,40,153
063640202,123,39,31,193
063640203,207,75,68,350
063640204,6,15,58,79
063640205,135,77,61,273
063640206,80,29,66,175
063640207,147,89,84,320
063640208,144,41,20,205
063640209,48,33,84,165
063640210,183,41,47,271
063640211,58,25,31,114
063640212,58,26,13,97
063640213,68,23,48,139
063640214,78,20,16,114
063640301,69,53,86,208
063640302,74,58,117,249
063640303,63,45,116,224
063640304,83,36,77,196
063640305,70,42,73,185
063640306,259,33,2,294
063640307,182,83,175,440
063640308,124,47,115,286
063640309,60,32,39,131
063640310,42,35,78,155
063640311,47,88,0,135
063640312,93,141,2,236
063640313,55,46,0,101
063640314,0,0,0,0
063640315,67,98,1,166
063640316,0,0,0,0
063640317,43,12,11,66
063640318,144,61,74,279
063640401,158,76,123,357
063640402,13,27,84,124
063640403,72,71,195,338
063640404,18,21,78,117
063640405,57,75,191,323
063640406,63,49,100,212
063640407,53,36,87,176
063640408,25,31,139,195
063640409,54,48,137,239
063640410,71,40,132,243
063640411,34,44,83,161
063640412,24,25,162,211
063640413,57,40,92,189
063640414,18,18,11,47
063640501,26,18,45,89
063640502,12,5,1,18
063640503,4,4,7,15
063640504,39,21,39,99
063640601,7,4,1,12
063640602,6,6,0,12
063640603,21,2,1,24
063640604,9,3,5,17
063640701,146,62,42,250
063640702,126,56,62,244
063640703,137,46,43,226
063640704,202,60,59,321
063640705,227,30,2,259
063640706,264,30,4,298
063640707,212,24,6,242
063640708,202,40,5,247
063640709,348,24,10,382
063640710,140,13,27,180
063640711,171,26,6,203
063640712,368,35,12,415
063640713,230,36,8,274
063640714,199,51,16,266
063640715,126,38,54,218
063640716,52,38,89,179
063640717,51,33,69,153
063640801,95,34,9,138
063640802,38,22,87,147
063640803,36,32,85,153
063640804,53,32,48,133
063640805,52,36,160,248
063640806,32,42,108,182
063640807,21,13,46,80
063640808,28,18,38,84
063640809,65,67,120,252
063640810,131,53,92,276
063640811,35,38,85,158
063640812,28,32,89,149
063640813,91,52,108,251
063640814,63,43,66,172
063640815,80,53,52,185
063640816,106,57,51,214
063640817,59,44,133,236
063640818,77,64,112,253
063640819,99,45,112,256
063640820,71,45,72,188
063640821,46,29,80,155
063640822,40,54,75,169
063640823,117,85,99,301
063850101,149,47,51,247
063850102,8,3,3,14
063850103,13,2,0,15
063850104,1,0,0,1
063850105,7,2,0,9
063850106,93,38,48,179
063850107,148,43,33,224
063850201,94,12,11,117
063850202,9,2,1,12
063850203,10,8,2,20
063850204,8,0,3,11
063850301,3,1,2,6
063850302,8,0,0,8
063850303,7,4,0,11
063850401,34,9,19,62
063850402,11,4,3,18
063850403,10,2,1,13
063850404,8,2,0,10
063850405,3,1,1,5
063850501,5,1,1,7
063850601,13,2,4,19
063850701,220,46,48,314
063850702,177,59,50,286
063850703,149,18,35,202
063850704,160,26,112,298
063850705,247,43,12,302
063850706,179,20,5,204
063850707,297,23,4,324
063850708,271,31,3,305
063850709,132,44,85,261
063850710,140,34,82,256
063850711,168,27,13,208
063850712,21,6,20,47
063850713,140,37,62,239
063850714,182,42,50,274
063850715,197,41,21,259
063850716,174,34,4,212
063850717,171,38,2,211
063850718,17,12,24,53
063850801,23,5,3,31
063850802,11,6,1,18
063850901,23,6,1,30
063850902,20,5,0,25
063851001,163,143,6,312
063851002,304,90,65,459
063851101,13,2,0,15
063851102,9,9,1,19
063920101,92,42,90,224
063920102,305,50,77,432
063920103,204,6,4,214
063920104,193,9,6,208
063920105,338,15,2,355
063920106,360,20,5,385
063920107,264,33,14,311
063920108,258,25,33,316
063920109,304,36,20,360
063920110,210,46,42,298
063920111,199,24,17,240
063920112,254,26,8,288
063920113,139,140,24,303
063920114,230,24,41,295
063920115,193,26,29,248
063920116,179,14,8,201
063920201,14,2,3,19
063920202,14,3,2,19
063920203,11,0,3,14
063920204,3,3,0,6
063920301,175,38,42,255
063920302,7,0,2,9
063920303,8,4,6,18
063920304,3,3,0,6
063920305,13,3,5,21
063920306,27,0,2,29
063920401,56,32,35,123
063920402,5,4,3,12
063920403,14,6,2,22
063920404,5,1,0,6
063920405,8,3,0,11
063920501,4,2,0,6
063920502,12,11,0,23
063920503,7,4,0,11
063920504,3,3,2,8
063920505,1,0,0,1
063920601,56,25,12,93
063920602,10,12,1,23
063920603,4,3,0,7
063920604,18,8,0,26
063920605,33,9,12,54
063920701,9,2,1,12
063920702,134,43,25,202
063920703,32,14,11,57
063920704,8,9,0,17
063920705,45,44,18,107
063920706,90,23,5,118
063920707,83,21,7,111
063920708,114,24,10,148
063920709,8,11,4,23
063920710,8,11,5,24
063920801,171,58,23,252
063920802,19,4,8,31
063920803,25,11,6,42
063920804,9,3,5,17
063920805,14,3,10,27
063920806,282,76,13,371
063920901,224,61,19,304
063920902,40,26,11,77
063920903,50,31,21,102
063920904,26,5,4,35
063920905,19,0,1,20
063920906,83,27,17,127
063920907,94,55,28,177
063921001,16,2,0,18
063921002,7,3,0,10
063921003,2,4,0,6
063921004,13,4,2,19
063921005,31,9,6,46
063921006,6,2,0,8
063921101,3,5,1,9
063921102,14,3,3,20
063921103,2,0,0,2
063921201,48,54,175,277
063921202,92,32,152,276
063921203,146,68,82,296
063921204,28,1,13,42
063921205,14,0,2,16
063921206,169,44,32,245
063921207,63,23,17,103
063921208,6,5,8,19
063921209,16,1,1,18
063921301,15,9,0,24
063921302,11,8,6,25
063921303,20,6,0,26
063921401,2,0,15,17
063921402,7,1,2,10
063921403,2,0,0,2
063921404,7,2,1,10
063921501,116,62,34,212
063921502,149,49,16,214
063921503,36,18,4,58
063921504,14,9,0,23
063921505,4,5,3,12
063921506,92,21,32,145
063921507,6,4,1,11
063990101,258,16,1,275
063990102,201,21,8,230
063990103,137,2,0,139
063990104,17,5,0,22
063990105,208,14,13,235
063990106,250,23,15,288
063990107,96,15,9,120
063990108,159,10,4,173
063990109,118,45,18,181
063990201,7,3,1,11
063990202,28,5,5,38
063990301,32,5,6,43
063990302,36,13,7,56
063990303,115,10,9,134
063990304,200,17,5,222
063990401,16,4,0,20
063990402,16,0,2,18
063990501,348,47,17,412
063990502,90,30,32,152
063990503,25,12,3,40
063990504,50,10,7,67
063990601,40,8,3,51
063990602,24,12,3,39
063990701,7,0,4,11
063990702,74,11,2,87
063990703,226,24,13,263
063990704,246,12,11,269
063990705,184,19,14,217
063990706,197,18,5,220
063990801,15,4,0,19
063990802,23,4,0,27
063990803,18,2,0,20
063990804,17,1,0,18
063990805,11,4,2,17
064060101,3,0,0,3
064060102,0,1,1,2
064060103,7,4,0,11
064060104,6,1,0,7
064060105,6,2,1,9
064060106,7,1,0,8
064060107,0,0,1,1
064060201,240,23,16,279
064060202,266,30,7,303
064060203,258,28,19,305
064060204,286,33,11,330
064060205,322,16,8,346
064060206,271,36,14,321
064060207,111,78,40,229
064060208,17,4,1,22
064060209,3,2,0,5
064060210,67,24,9,100
064060211,8,5,7,20
064060212,3,2,1,6
064060213,11,4,3,18
064060214,167,33,22,222
064060215,260,25,11,296
064060216,128,41,42,211
064060301,8,1,1,10
064060302,27,14,1,42
064060303,7,1,2,10
064060304,14,3,1,18
064060305,8,6,2,16
064060306,9,3,0,12
064060307,3,2,0,5
064060308,15,15,3,33
064060309,5,0,1,6
064130101,92,84,93,269
064130102,146,90,21,257
064130103,188,76,17,281
064130104,146,211,6,363
064130105,176,57,36,269
064130106,171,157,34,362
064130107,191,102,33,326
064130108,182,99,4,285
064130109,193,78,1,272
064130110,259,75,3,337
064130201,191,126,72,389
064130202,196,67,14,277
064130203,188,90,26,304
064130204,129,69,67,265
064130205,117,101,43,261
064130206,147,95,42,284
064130207,219,128,15,362
064130208,183,112,7,302
064130209,232,67,0,299
064130210,260,59,0,319
064130211,230,52,1,283
064130212,163,125,4,292
064130213,168,61,21,250
064130301,99,23,13,135
064130302,187,57,2,246
064130303,261,50,0,311
064130304,183,25,0,208
064130305,193,44,0,237
064130306,163,98,10,271
064130307,215,123,15,353
064130308,127,61,18,206
064130309,137,100,48,285
064130310,150,88,37,275
064130311,158,103,5,266
064130401,204,49,4,257
064130402,173,48,0,221
064130403,244,75,0,319
064130404,297,88,4,389
064130405,211,72,1,284
064130406,240,48,0,288
064130407,176,73,5,254
064130408,329,81,4,414
064130409,297,77,3,377
064130410,116,72,3,191
064130411,205,107,8,320
064130412,156,84,8,248
064130413,277,85,11,373
064130501,330,53,1,384
064130502,205,88,0,293
064130503,267,56,2,325
064130504,246,58,0,304
064130505,148,8,0,156
064130506,216,48,0,264
064130507,238,126,1,365
064130508,236,27,1,264
064130509,236,83,0,319
064130510,133,62,4,199
064130511,256,63,0,319
064130512,192,131,7,330
064130513,110,32,1,143
064130601,77,71,38,186
064130602,182,74,3,259
064130603,218,110,0,328
064130604,241,107,6,354
064130605,264,66,2,332
064130606,223,80,0,303
064130607,239,95,35,369
064130608,181,60,5,246
064130609,201,91,24,316
064130610,120,79,23,222
064130611,176,85,16,277
064130612,138,72,22,232
064130703,36,1,0,37
064130704,22,10,0,32
064130901,21,12,8,41
064130902,4,3,2,9
064131101,15,11,21,47
064131106,20,15,3,38
064131301,42,33,42,117
064131302,178,95,45,318
064131303,70,42,52,164
064131304,196,46,34,276
064131305,63,58,30,151
064131306,10,6,18,34
064131307,216,73,53,342
064131308,46,44,42,132
064131309,87,82,33,202
064131401,9,5,21,35
064131402,17,10,8,35
064131403,24,27,33,84
064131404,11,13,0,24
064131405,0,0,1,1
064131406,114,13,16,143
064131407,181,149,17,347
064131408,64,58,53,175
064131409,113,8,6,127
064131501,39,33,35,107
064131502,7,9,11,27
064131503,12,7,2,21
064131504,1,1,0,2
064131505,31,6,2,39
064131506,5,1,1,7
064131507,41,18,7,66
064131508,31,1,1,33
064131509,19,5,3,27
064131601,5,2,1,8
064131801,32,37,34,103
064131802,14,9,14,37
064131803,11,2,1,14
064131804,2,1,0,3
064131805,1,1,0,2
064131806,7,8,2,17
064131901,7,6,1,14
064131902,72,44,38,154
064131903,9,13,18,40
064131904,29,11,5,45
064131905,24,11,9,44
064131906,19,12,3,34
064132101,237,158,29,424
064132102,236,48,7,291
064132103,151,71,2,224
064132104,243,146,10,399
064132105,205,72,2,279
064132106,135,64,4,203
064132107,179,74,3,256
064132108,245,148,29,422
064132109,252,169,47,468
064132110,227,113,4,344
064132201,29,22,60,111
064132202,53,16,18,87
064132203,30,8,4,42
064132204,35,9,6,50
064132205,74,33,56,163
064132206,63,24,19,106
064132207,27,17,22,66
064132208,43,24,15,82
064132209,82,42,2,126
064132210,128,23,3,154
064132211,179,20,1,200
064132212,73,20,3,96
064200101,4,1,1,6
064200102,66,46,40,152
064200103,68,29,8,105
064200104,105,58,51,214
064200105,64,21,8,93
064200106,59,19,2,80
064200107,46,9,4,59
064200108,59,18,3,80
064200109,69,47,15,131
064200110,126,41,13,180
064200111,86,26,6,118
064200112,54,4,0,58
064200113,54,5,4,63
064200114,60,4,3,67
064200115,52,16,0,68
064200116,129,28,8,165
064200201,25,4,0,29
064200202,34,3,0,37
064200203,27,9,0,36
064200204,35,6,6,47
064200205,20,1,0,21
064200206,20,4,0,24
064200207,44,7,4,55
064200208,69,17,1,87
064200209,48,15,3,66
064200210,42,6,1,49
064200211,51,10,1,62
064200212,84,24,3,111
064200213,145,34,12,191
064200214,73,16,2,91
064200215,104,21,5,130
064200216,117,62,40,219
064200301,58,14,1,73
064200302,59,15,2,76
064200303,40,15,6,61
064200304,74,18,10,102
064200305,66,30,6,102
064200306,63,15,8,86
064200307,63,24,7,94
064200308,86,40,14,140
064200309,29,20,35,84
064200310,31,24,15,70
064200311,61,33,34,128
064200312,52,33,7,92
064200313,27,10,3,40
064200314,33,8,7,48
064200315,11,6,2,19
064200316,21,10,3,34
064200317,46,11,1,58
064200318,18,12,8,38
064200319,29,13,13,55
064200320,63,33,35,131
064200401,33,18,1,52
064200402,47,16,8,71
064200403,62,31,33,126
064200404,43,31,19,93
064200405,55,10,14,79
064200406,75,16,10,101
064200407,83,27,2,112
064200408,51,6,0,57
064200409,36,9,1,46
064200410,54,46,8,108
064200411,53,28,11,92
064200412,63,27,12,102
064200413,46,10,4,60
064200414,42,26,6,74
064200415,55,17,0,72
064200416,61,9,0,70
064200417,34,4,0,38
064200418,35,3,4,42
064200419,56,17,5,78
064200501,3,1,0,4
064200502,32,5,0,37
064200503,135,16,13,164
064200504,118,19,23,160
064200505,109,22,5,136
064200506,190,27,9,226
064200507,119,44,10,173
064200508,135,55,19,209
064200509,162,64,31,257
064200510,64,26,6,96
064200511,66,12,3,81
064200512,69,8,2,79
064200601,69,4,0,73
064200602,10,6,2,18
064200603,57,10,1,68
064200604,39,16,2,57
064200605,39,8,3,50
064200606,14,1,0,15
064200607,32,9,1,42
064200608,67,7,1,75
064200609,57,8,1,66
064200610,39,5,5,49
064200611,8,0,0,8
064200612,21,6,1,28
064200701,47,6,2,55
064200702,22,6,2,30
064200703,12,0,0,12
064200704,30,9,1,40
064200705,36,12,6,54
064200706,73,12,1,86
064200707,49,15,3,67
064200708,48,5,0,53
064200709,16,5,1,22
064200710,29,7,1,37
064200711,29,8,4,41
064200801,143,61,50,254
064200802,161,60,34,255
064200803,77,38,8,123
064200804,86,27,6,119
064200805,102,31,14,147
064200806,69,19,4,92
064200807,81,23,4,108
064200808,68,17,1,86
064200809,41,12,1,54
064200901,182,89,56,327
064200902,74,43,40,157
064200903,103,40,47,190
064200904,64,23,9,96
064200905,59,13,3,75
064200906,42,16,1,59
064200907,60,15,4,79
064200908,56,10,15,81
064200909,33,11,5,49
064200910,35,12,0,47
064200911,42,12,9,63
064200912,13,9,1,23
064201001,46,28,29,103
064201002,41,9,2,52
064201003,14,12,2,28
064201004,40,18,14,72
064201005,68,32,20,120
064201006,75,17,18,110
064201007,69,40,17,126
064201008,38,8,5,51
064201009,38,20,0,58
064201010,72,16,7,95
064201011,69,42,8,119
064201012,37,13,8,58
064201013,67,22,19,108
064201101,34,18,15,67
064201102,39,5,3,47
064201103,34,4,5,43
064201104,49,18,0,67
064201105,45,11,1,57
064201106,46,24,14,84
064201107,45,9,3,57
064201108,25,12,0,37
064201109,34,4,1,39
064201110,83,18,20,121
064201111,54,16,4,74
064201112,44,32,21,97
064201113,54,18,6,78
064201114,56,12,3,71
064201115,61,6,1,68
064201116,84,22,9,115
064201117,48,51,31,130
064201201,79,31,7,117
064201202,5,3,6,14
064201203,68,27,6,101
064201204,35,7,3,45
064201205,41,22,6,69
064201206,43,12,7,62
064201207,32,7,2,41
064201208,63,26,1,90
064201209,0,0,0,0
064201210,14,3,2,19
064201211,35,13,12,60
064201212,30,15,1,46
064201213,37,9,3,49
064201214,6,12,12,30
064201301,17,7,0,24
064201302,27,10,6,43
064201303,36,5,3,44
064201304,13,3,0,16
064201305,22,8,1,31
064201306,47,10,0,57
064201307,69,14,2,85
064201308,29,7,2,38
064201309,30,13,3,46
064201310,53,17,6,76
064201311,44,23,5,72
064201401,44,8,5,57
064201402,28,8,0,36
064201403,72,22,9,103
064201404,92,34,36,162
064201405,32,3,2,37
064201406,23,1,1,25
064201407,18,1,0,19
064201408,26,4,1,31
064201409,31,1,1,33
064201410,23,2,0,25
064201501,10,1,1,12
064201502,22,2,0,24
064201503,25,1,4,30
064201504,15,1,0,16
064201505,16,9,0,25
064201506,40,12,2,54
064201507,24,4,4,32
064201508,123,28,5,156
064201509,54,31,13,98
064201510,107,37,19,163
064201601,19,3,0,22
064201602,18,1,0,19
064201603,24,6,0,30
064201604,13,2,0,15
064201605,11,2,1,14
064201606,9,4,5,18
064201607,12,4,0,16
064201608,24,1,0,25
064201609,29,6,1,36
064201610,34,1,2,37
064201611,113,27,17,157
064201612,159,35,10,204
064201701,52,12,8,72
064201702,4,0,1,5
064201703,21,4,0,25
064201704,23,7,3,33
064201705,25,5,3,33
064201706,21,6,0,27
064201707,40,3,0,43
064201708,78,31,9,118
064201709,120,50,11,181
064201710,60,37,10,107
064201801,10,5,1,16
064201802,14,1,0,15
064201803,29,4,0,33
064201804,16,6,1,23
064201805,16,4,1,21
064201806,17,4,0,21
064201807,20,3,0,23
064201808,78,25,9,112
064201809,31,7,0,38
064201810,20,3,0,23
064201811,6,3,1,10
064201812,123,36,14,173
064201901,10,0,0,10
064201902,14,3,0,17
064201903,66,17,14,97
064201904,82,38,10,130
064201905,91,47,18,156
064201906,92,52,24,168
064201907,90,45,11,146
064201908,54,20,5,79
064201909,46,13,2,61
064201910,65,40,20,125
064201911,70,24,13,107
064201912,39,11,4,54
064202001,154,33,6,193
064202002,116,13,1,130
064202003,85,7,1,93
064202004,37,5,2,44
064202005,39,4,0,43
064202006,39,12,0,51
064202007,29,3,0,32
064202008,23,2,0,25
064202009,39,10,4,53
064202010,53,10,2,65
064202011,40,6,0,46
064202012,48,7,2,57
064202013,66,17,1,84
064202101,56,16,4,76
064202102,43,16,4,63
064202103,109,33,6,148
064202104,106,30,8,144
064202105,77,46,13,136
064202106,191,34,11,236
064202107,148,55,18,221
064202108,178,86,32,296
064202109,138,122,70,330
064202110,111,65,21,197
064202111,96,75,19,190
064202112,117,84,53,254
064202201,79,45,41,165
064202202,120,82,30,232
064202203,91,31,18,140
064202204,45,18,2,65
064202205,63,15,3,81
064202206,68,31,19,118
064202207,30,25,9,64
064202208,46,17,5,68
064202209,48,31,49,128
064202210,36,17,8,61
064202211,24,22,13,59
064202212,32,18,5,55
064202213,27,22,13,62
064202214,12,13,1,26
064410101,274,14,3,291
064410102,256,21,5,282
064410103,174,34,12,220
064410104,220,22,5,247
064410105,215,12,0,227
064410106,187,15,2,204
064410107,181,22,9,212
064410108,167,16,1,184
064410109,255,29,3,287
064410110,272,39,6,317
064410111,145,11,5,161
064410112,262,26,10,298
064410113,159,14,2,175
064410201,148,23,3,174
064410202,196,4,0,200
064410203,257,13,1,271
064410204,198,3,0,201
064410205,213,17,3,233
064410206,266,24,5,295
064410207,341,23,4,368
064410208,44,0,1,45
064410209,318,17,1,336
064410210,360,14,0,374
064410211,191,17,3,211
064410301,193,11,6,210
064410302,350,34,3,387
064410303,174,6,0,180
064410304,226,12,1,239
064410305,235,17,2,254
064410306,264,26,0,290
064410307,342,19,1,362
064410308,189,7,1,197
064410401,327,17,6,350
064410402,327,18,2,347
064410403,348,12,2,362
064410404,180,10,0,190
064410405,176,8,2,186
064410406,224,8,17,249
064410407,276,15,0,291
064410408,273,4,2,279
064410409,268,16,1,285
064410410,218,37,2,257
064410411,331,8,2,341
064410412,265,5,0,270
064410413,188,6,2,196
064410414,225,10,2,237
064410501,275,16,1,292
064410502,245,21,2,268
064410503,210,11,1,222
064410504,234,6,0,240
064410505,160,7,4,171
064410506,165,16,0,181
064410507,131,3,1,135
064410508,173,22,0,195
064410509,138,10,1,149
064410601,225,7,0,232
064410602,133,25,5,163
064410603,185,19,5,209
064410604,170,12,2,184
064410605,239,15,0,254
064410606,164,9,2,175
064410607,205,5,0,210
064410608,170,10,1,181
064410609,270,12,0,282
064410701,139,5,0,144
064410702,169,13,1,183
064410703,268,5,1,274
064410704,208,7,6,221
064410705,304,12,0,316
064410706,175,5,0,180
064410707,250,8,2,260
064410708,158,2,0,160
064410709,225,12,1,238
064410801,295,14,0,309
064410802,190,9,25,224
064410803,97,10,7,114
064410804,123,3,8,134
064410805,141,16,0,157
064410806,34,7,0,41
064410807,159,7,0,166
064410808,215,10,1,226
064410809,237,7,0,244
064410901,146,2,0,148
064410902,269,14,0,283
064410903,188,2,2,192
064410904,282,4,0,286
064410905,223,1,1,225
064410906,247,11,2,260
064410907,210,26,5,241
064410908,155,37,11,203
064410909,230,12,0,242
064410910,68,3,0,71
064410911,199,9,0,208
064410912,260,15,1,276
064410913,228,4,1,233
064410914,190,3,0,193
064411001,336,34,14,384
064411002,179,11,1,191
064411003,203,13,1,217
064411004,184,19,2,205
064411005,168,10,0,178
064411006,296,12,0,308
064411007,187,6,1,194
064411008,214,13,0,227
064411009,330,21,0,351
064411010,183,8,0,191
064411011,182,7,0,189
064411012,210,20,1,231
064411013,215,12,6,233
064411014,173,12,0,185
064411015,104,67,2,173
064411101,175,14,2,191
064411102,252,7,3,262
064411103,172,12,0,184
064411104,159,13,1,173
064411105,208,16,1,225
064411106,175,4,0,179
064411107,161,7,0,168
064411108,174,3,0,177
064411109,169,14,16,199
064411110,161,12,1,174
064411111,265,10,1,276
064411112,326,25,4,355
064411113,269,20,26,315
064411114,200,31,4,235
064411115,185,12,1,198
064411116,195,8,0,203
064411201,190,19,0,209
064411202,224,15,0,239
064411203,118,14,0,132
064411204,189,25,2,216
064411205,280,24,1,305
064411206,167,14,1,182
064411207,195,36,0,231
064411208,129,1,0,130
064411209,139,18,1,158
064411210,94,10,1,105
064411211,220,27,1,248
064411212,138,5,0,143
064411213,188,9,2,199
064411214,152,14,1,167
064411215,138,13,1,152
064411216,159,11,1,171
064411301,153,27,0,180
064411302,246,8,0,254
064411303,98,0,0,98
064411304,265,7,0,272
064411305,127,5,2,134
064411306,145,0,0,145
064411307,201,6,2,209
064411308,190,5,1,196
064411309,248,5,0,253
064411401,145,11,1,157
064411402,126,11,0,137
064411403,182,2,0,184
064411404,247,7,0,254
064411405,286,5,0,291
064411406,150,1,1,152
064411407,200,9,1,210
064411408,222,3,1,226
064411409,176,11,1,188
064411501,279,8,0,287
064411502,263,10,0,273
064411503,215,8,0,223
064411504,229,9,0,238
064411505,263,10,2,275
064411506,197,7,3,207
064411507,216,16,0,232
064411508,180,18,0,198
064411509,290,12,1,303
064411510,257,6,0,263
064411511,207,12,1,220
064411512,180,11,1,192
064411601,291,23,4,318
064411602,195,8,1,204
064411603,202,4,3,209
064411604,196,11,2,209
064411605,161,10,0,171
064411606,332,11,2,345
064411607,327,15,1,343
064411608,181,12,1,194
064411609,200,18,0,218
064411610,365,15,1,381
064411611,314,15,8,337
064411612,247,15,1,263
064411613,147,14,1,162
064411614,281,14,0,295
064411615,80,1,0,81
064411701,163,17,7,187
064411702,207,4,0,211
064411703,237,20,1,258
064411704,178,18,2,198
064411705,289,11,2,302
064411706,176,5,0,181
064411707,165,10,2,177
064411708,230,7,3,240
064411709,182,5,1,188
064411710,170,5,0,175
064411711,162,4,0,166
064411712,281,12,1,294
064411713,161,14,6,181
064411801,151,8,0,159
064411802,202,12,0,214
064411803,168,3,0,171
064411804,142,30,1,173
064411805,227,9,0,236
064411806,150,11,1,162
064411807,217,12,1,230
064411808,268,11,0,279
064411809,193,7,0,200
064411810,227,16,1,244
064411811,357,18,5,380
064411812,192,12,0,204
064411813,192,6,1,199
064411901,236,37,0,273
064411902,304,9,1,314
064411903,218,10,0,228
064411904,211,8,0,219
064411905,133,11,0,144
064411906,220,8,1,229
064411907,204,4,1,209
064411908,145,5,1,151
064411909,195,5,0,200
064411910,166,13,2,181
064411911,222,12,2,236
064412001,289,30,0,319
064412002,207,7,2,216
064412003,243,15,2,260
064412004,162,3,1,166
064412005,204,6,3,213
064412006,188,19,0,207
064412007,177,4,1,182
064412008,220,6,1,227
064412009,236,20,0,256
064412010,166,6,1,173
064412011,129,4,0,133
064412012,127,1,0,128
064412013,141,4,1,146
064412014,55,2,0,57
064412015,146,10,5,161
064412016,143,2,1,146
064412017,142,3,1,146
064412101,187,5,0,192
064412102,199,17,1,217
064412103,355,16,4,375
064412104,326,33,2,361
064412105,296,18,0,314
064412106,191,3,0,194
064412107,184,9,0,193
064412108,185,2,0,187
064412109,192,10,0,202
064412110,208,6,1,215
064412111,175,12,0,187
064412112,198,4,1,203
064412113,328,15,1,344
064412114,185,8,4,197
064412115,326,18,0,344
064412201,211,35,13,259
064412202,253,18,5,276
064412203,314,43,1,358
064412204,335,25,2,362
064412205,266,30,3,299
064412206,219,8,3,230
064412207,198,13,2,213
064412208,241,9,0,250
064412209,221,19,3,243
064412301,228,21,1,250
064412302,164,17,0,181
064412303,218,11,1,230
064412304,175,12,4,191
064412305,203,20,2,225
064412306,206,11,4,221
064412307,223,21,1,245
064412308,217,15,2,234
064412309,153,4,0,157
064412401,194,7,1,202
064412402,193,13,0,206
064412403,175,5,1,181
064412404,183,11,2,196
064412405,371,27,5,403
064412406,307,10,1,318
064412407,179,9,0,188
064412408,178,12,1,191
064412409,265,9,0,274
064412410,183,2,1,186
064412411,345,19,2,366
064412501,215,14,0,229
064412502,244,10,2,256
064412503,181,11,2,194
064412504,182,4,0,186
064412505,309,14,0,323
064412506,213,16,1,230
064412507,194,13,1,208
064412508,210,7,1,218
064412509,183,6,0,189
064412510,262,9,0,271
064412601,209,8,1,218
064412602,189,9,0,198
064412603,221,6,0,227
064412604,150,9,0,159
064412605,162,6,4,172
064412606,289,11,9,309
064412607,238,19,2,259
064412608,162,4,0,166
064412609,178,19,0,197
064412610,354,31,4,389
064412611,211,6,0,217
064412612,229,13,1,243
064412613,189,18,1,208
064412614,256,11,0,267
064412701,308,11,2,321
064412702,335,15,0,350
064412703,291,18,3,312
064412704,302,16,4,322
064412705,339,21,4,364
064412706,183,21,2,206
064412707,194,28,1,223
064412708,367,13,1,381
064412709,305,37,2,344
064412801,199,17,2,218
064412802,269,12,19,300
064412803,200,32,0,232
064412804,149,11,1,161
064412805,198,9,3,210
064412806,177,13,0,190
064412807,163,6,1,170
064412808,204,9,1,214
064412809,217,20,2,239
064412810,229,32,2,263
064412811,291,15,1,307
064412812,315,34,6,355
064412813,315,29,2,346
064412901,193,6,4,203
064412902,191,13,4,208
064412903,221,15,0,236
064412904,166,20,2,188
064412905,212,13,3,228
064412906,179,12,1,192
064412907,219,13,0,232
064412908,175,13,2,190
064412909,283,13,2,298
064412910,182,12,1,195
064412911,173,5,0,178
064412912,163,11,1,175
064412913,317,9,0,326
064412914,317,13,2,332
064413001,188,52,22,262
064413002,251,53,34,338
064413003,237,34,5,276
064413004,329,21,7,357
064413005,197,21,7,225
064413006,316,27,5,348
064413007,170,12,5,187
064413008,184,20,7,211
064413009,221,47,29,297
064413101,303,25,22,350
064413102,191,17,12,220
064413103,193,18,4,215
064413104,152,8,2,162
064413105,188,13,1,202
064413106,242,15,8,265
064413107,206,18,5,229
064413108,189,15,0,204
064413109,208,17,3,228
064413110,202,10,0,212
064413111,357,27,6,390
064413112,268,18,4,290
064413113,179,22,5,206
064413114,232,20,2,254
064413115,209,12,5,226
064413116,187,10,1,198
064413201,165,29,5,199
064413202,153,19,6,178
064413203,328,40,13,381
064413204,346,38,11,395
064413205,316,41,19,376
064413206,260,36,5,301
064413207,261,37,18,316
064413208,243,34,21,298
064413209,191,36,7,234
064413210,190,50,25,265
064413211,260,74,14,348
064413301,295,32,2,329
064413302,115,19,35,169
064413303,235,25,5,265
064413304,188,16,9,213
064413305,198,47,16,261
064413306,301,77,16,394
064413307,180,45,10,235
064413308,176,35,1,212
064413309,311,59,5,375
064413310,280,23,2,305
064413311,348,35,7,390
064413401,171,30,8,209
064413402,194,40,5,239
064413403,208,82,64,354
064413404,218,22,2,242
064413405,245,54,10,309
064413406,206,31,5,242
064413407,211,24,4,239
064413408,318,27,2,347
064413409,187,30,2,219
064413410,187,30,15,232
064413411,151,29,30,210
064413412,134,23,5,162
064413413,105,69,115,289
064413414,119,66,87,272
064413415,120,100,170,390
064413501,283,46,33,362
064413502,329,36,13,378
064413503,177,22,5,204
064413504,176,18,2,196
064413505,279,65,14,358
064413506,163,35,35,233
064413507,159,85,28,272
064413508,233,100,22,355
064413509,302,26,26,354
064413510,232,76,18,326
064413511,373,46,2,421
064413512,280,42,14,336
064413513,290,58,5,353
064413514,207,71,3,281
064413515,128,121,151,400
064413516,108,189,306,603
064413601,244,26,9,279
064413602,236,17,4,257
064413603,187,22,8,217
064413604,169,29,5,203
064413605,250,62,31,343
064413606,85,129,118,332
064413607,174,45,39,258
064413608,214,38,8,260
064413609,217,45,28,290
064413610,278,57,21,356
064413611,185,75,37,297
064413612,197,83,33,313
064413701,166,82,61,309
064413702,122,80,146,348
064413703,44,69,75,188
064413704,23,50,125,198
064413705,29,103,193,325
064413706,210,78,51,339
064413707,187,40,16,243
064413708,165,65,49,279
064413709,301,40,9,350
064413710,249,88,67,404
064413711,168,98,93,359
064413712,219,97,63,379
064413713,95,68,80,243
064413714,93,81,167,341
064413801,343,105,17,465
064413802,49,95,79,223
064413803,90,79,70,239
064413804,55,63,72,190
064413805,217,41,14,272
064413806,225,52,17,294
064413807,244,48,22,314
064413808,43,42,113,198
064413809,100,98,51,249
064413810,209,57,14,280
064413901,270,29,4,303
064413902,198,23,5,226
064413903,191,24,4,219
064413904,191,37,21,249
064413905,205,49,15,269
064413906,190,50,45,285
064413907,133,63,19,215
064413908,206,38,26,270
064413909,184,46,21,251
064413910,229,110,62,401
064414001,204,47,14,265
064414002,151,60,52,263
064414003,215,17,3,235
064414004,176,47,4,227
064414005,133,34,2,169
064414006,302,30,6,338
064414007,166,75,33,274
064414008,150,63,38,251
064414009,101,81,90,272
064414010,158,91,93,342
064414011,191,98,68,357
064414012,52,146,116,314
064414013,186,136,79,401
064414101,140,194,211,545
064414102,44,78,208,330
064414103,84,96,163,343
064414104,235,85,75,395
064414105,253,89,35,377
064414106,129,84,52,265
064414107,132,89,50,271
064414108,252,95,68,415
064414109,104,101,106,311
064414110,84,86,104,274
064414111,31,17,47,95
064414112,56,44,65,165
064414201,90,144,254,488
064414202,68,58,69,195
064414203,145,106,99,350
064414204,115,65,125,305
064414205,97,49,177,323
064414206,94,70,267,431
064414207,91,106,167,364
064414208,169,38,18,225
064414209,129,78,66,273
064414210,144,107,193,444
064414211,154,73,59,286
064414212,190,53,31,274
064414213,70,18,40,128
064414214,14,14,69,97
064414215,28,84,294,406
064414216,130,111,92,333
064414217,222,108,58,388
064414218,294,70,18,382
064414219,190,91,64,345
064414301,163,68,19,250
064414302,216,50,8,274
064414303,198,26,3,227
064414304,287,31,10,328
064414305,155,41,10,206
064414306,217,46,26,289
064414307,134,62,17,213
064414308,159,67,12,238
064414309,270,66,18,354
064414310,177,126,90,393
064414311,132,46,32,210
064414312,129,40,27,196
064414313,117,59,51,227
064414314,162,88,65,315
064414315,172,126,136,434
064414401,173,71,31,275
064414402,155,56,28,239
064414403,151,104,105,360
064414404,137,65,43,245
064414405,201,67,25,293
064414406,215,45,17,277
064414407,161,90,119,370
064414408,62,82,65,209
064414409,38,78,117,233
064414410,72,146,334,552
064414501,151,40,26,217
064414502,191,45,13,249
064414503,183,83,16,282
064414504,138,92,91,321
064414505,146,61,35,242
064414506,103,82,111,296
064414507,122,86,71,279
064414508,119,86,79,284
064414509,61,120,149,330
064414510,72,81,141,294
064414511,132,110,114,356
064414601,153,72,50,275
064414602,173,76,82,331
064414603,164,86,23,273
064414604,234,23,5,262
064414605,175,33,30,238
064414606,173,32,6,211
064414607,251,34,7,292
064414608,207,79,29,315
064414609,136,125,40,301
064414701,151,96,34,281
064414702,226,53,38,317
064414703,111,71,70,252
064414704,353,67,21,441
064414705,221,43,23,287
064414706,201,46,19,266
064414707,360,67,27,454
064414708,176,83,20,279
064414709,208,152,159,519
064414710,58,105,82,245
064414801,261,51,8,320
064414802,111,40,15,166
064414803,177,49,13,239
064414804,362,28,1,391
064414805,93,69,27,189
064414806,140,69,66,275
064414807,289,19,7,315
064414808,164,28,3,195
064414809,177,25,11,213
064414901,276,20,8,304
064414902,221,18,3,242
064414903,261,24,1,286
064414904,197,10,0,207
064414905,167,10,4,181
064414906,227,17,2,246
064414907,249,14,2,265
064414908,174,15,0,189
064414909,232,11,2,245
064414910,186,8,0,194
064415001,163,20,4,187
064415002,160,20,6,186
064415003,367,20,2,389
064415004,174,25,2,201
064415005,173,20,1,194
064415006,215,14,0,229
064415007,163,12,1,176
064415008,216,10,0,226
064415009,230,15,3,248
064415010,226,31,2,259
064415101,150,160,106,416
064415102,153,46,58,257
064415103,187,17,2,206
064415104,212,32,17,261
064415105,323,46,22,391
064415106,82,35,49,166
064415107,151,34,27,212
064415108,245,18,5,268
064415109,192,14,1,207
064415110,155,7,1,163
064415111,229,12,1,242
064415112,158,9,3,170
064415113,180,23,1,204
064415114,215,9,0,224
064415115,171,16,4,191
064415116,96,26,23,145
064415117,355,43,12,410
064415118,288,27,7,322
064415201,53,110,108,271
064415202,208,28,7,243
064415203,174,15,8,197
064415204,212,73,42,327
064415205,146,59,38,243
064415206,119,35,6,160
064415207,233,32,44,309
064415208,220,32,15,267
064415209,156,20,3,179
064415210,224,19,2,245
064415301,182,25,1,208
064415302,325,39,4,368
064415303,170,10,2,182
064415304,243,41,8,292
064415305,162,81,122,365
064415306,197,21,7,225
064415307,180,16,3,199
064415308,238,16,5,259
064415309,279,61,14,354
064415310,139,128,92,359
064415401,214,63,13,290
064415402,164,65,27,256
064415403,235,27,14,276
064415404,222,19,1,242
064415405,337,33,10,380
064415406,139,12,2,153
064415407,211,20,2,233
064415408,154,10,2,166
064415409,194,12,1,207
064415410,245,32,6,283
064415411,151,37,1,189
064415412,240,51,10,301
064415413,102,17,4,123
064415414,162,53,24,239
064415415,47,56,87,190
064415416,147,44,23,214
064415417,251,62,23,336
064415418,270,23,2,295
064415501,235,120,81,436
064415502,207,109,157,473
064415503,101,68,38,207
064415504,148,38,31,217
064415505,230,48,28,306
064415506,278,42,9,329
064415507,197,29,3,229
064415508,233,84,6,323
064415509,149,50,21,220
064415510,52,37,30,119
064415511,101,48,50,199
064415601,222,33,13,268
064415602,308,54,4,366
064415603,161,19,3,183
064415604,235,24,1,260
064415605,339,45,7,391
064415606,297,70,15,382
064415607,247,34,6,287
064415608,361,48,3,412
064415701,31,2,5,38
064415702,183,44,17,244
064415703,125,42,21,188
064415704,202,27,10,239
064415705,227,59,63,349
064415706,241,64,49,354
064415707,176,93,132,401
064415708,189,39,7,235
064415709,122,60,60,242
064415710,91,71,72,234
064415711,223,74,36,333
064415712,285,50,5,340
064415713,201,27,2,230
064415801,219,21,0,240
064415802,215,19,4,238
064415803,250,23,3,276
064415804,166,9,0,175
064415805,149,13,0,162
064415806,177,14,0,191
064415807,196,26,6,228
064415808,167,22,1,190
064415901,175,38,6,219
064415902,206,16,5,227
064415903,162,28,2,192
064415904,261,18,1,280
064415905,201,38,1,240
064415906,166,36,10,212
064415907,223,40,25,288
064415908,223,57,41,321
064415909,220,27,12,259
064415910,259,70,32,361
064416001,247,45,46,338
064416002,191,26,4,221
064416003,180,56,14,250
064416004,214,103,38,355
064416005,156,128,63,347
064416006,189,46,2,237
064416007,143,68,61,272
064416008,150,31,31,212
064416009,193,66,76,335
064416010,233,43,4,280
064416101,218,33,1,252
064416102,167,21,10,198
064416103,182,29,7,218
064416104,158,44,20,222
064416105,248,31,2,281
064416106,285,62,17,364
064416107,225,26,7,258
064416108,53,14,21,88
064416109,162,24,34,220
064416110,146,47,22,215
064416111,206,42,12,260
064416112,161,54,24,239
064416201,80,20,7,107
064416202,176,49,25,250
064416203,163,43,9,215
064416204,205,42,17,264
064416205,55,5,0,60
064416206,241,26,2,269
064416207,166,24,3,193
064416208,280,35,6,321
064416209,154,27,4,185
064416210,113,41,18,172
064416211,207,126,83,416
064416212,106,37,31,174
064416213,107,127,104,338
064416301,154,26,29,209
064416302,182,25,8,215
064416303,197,47,24,268
064416304,158,70,56,284
064416305,124,37,11,172
064416306,152,39,52,243
064416307,175,31,10,216
064416308,94,47,35,176
064416309,92,27,16,135
064416310,120,55,42,217
064416311,76,24,38,138
064416401,191,110,90,391
064416402,52,26,58,136
064416403,40,38,55,133
064416404,20,33,93,146
064416405,10,34,86,130
064416406,45,48,58,151
064416407,64,24,20,108
064416408,19,10,5,34
064416409,60,46,117,223
064416410,19,3,9,31
064416411,80,35,61,176
064416412,54,37,22,113
064416413,81,8,1,90
064416414,118,30,12,160
064416415,183,83,43,309
064416416,80,47,17,144
064416417,62,72,53,187
064416418,158,13,6,177
064416419,95,47,55,197
064416501,71,39,57,167
064416502,64,40,73,177
064416503,21,15,124,160
064416504,7,11,20,38
064416505,0,2,22,24
064416506,3,7,35,45
064416507,19,12,30,61
064416508,12,15,16,43
064416509,66,48,163,277
064416510,112,82,220,414
064416511,93,94,112,299
064416512,58,20,19,97
064416513,55,34,56,145
064416514,63,51,85,199
064416515,154,79,67,300
064416516,173,49,17,239
064416517,169,75,62,306
064416518,45,49,55,149
064416519,41,46,252,339
064416520,36,34,95,165
064416521,66,29,16,111
064416601,56,70,103,229
064416602,124,72,43,239
064416603,117,91,153,361
064416604,238,21,35,294
064416605,3,3,6,12
064416606,67,82,94,243
064416607,240,84,46,370
064416608,188,57,29,274
064416609,174,73,39,286
064416610,137,45,28,210
064416611,286,54,15,355
064416612,223,74,31,328
064416613,72,67,59,198
064416614,73,30,98,201
064416615,83,70,227,380
064416616,126,75,56,257
064416617,127,58,147,332
064416618,124,70,82,276
064416701,44,19,56,119
064416702,20,14,8,42
064416703,61,18,8,87
064416704,24,16,62,102
064416801,83,71,63,217
064416802,198,141,89,428
064416803,116,68,37,221
064416804,160,55,14,229
064416805,175,153,16,344
064416806,47,47,60,154
064416807,85,53,25,163
064416808,102,32,11,145
064416809,94,37,9,140
064416810,44,17,11,72
064416811,37,27,46,110
064416812,57,26,11,94
064416813,21,7,8,36
064416814,62,31,83,176
064416815,59,27,56,142
064416816,25,20,121,166
064416817,10,8,16,34
064416901,100,98,128,326
064416902,159,109,56,324
064416903,183,89,30,302
064416904,151,115,114,380
064416905,96,88,107,291
064416906,173,95,122,390
064416907,62,79,70,211
064416908,91,88,151,330
064416909,65,75,188,328
064416910,157,57,16,230
064416911,118,100,90,308
064416912,31,27,50,108
064417001,227,91,89,407
064417002,88,71,96,255
064417003,109,59,36,204
064417004,167,141,103,411
064417005,104,147,87,338
064417006,20,75,192,287
064417007,80,46,97,223
064417101,29,14,2,45
064480101,68,22,20,110
064480102,3,4,1,8
064480103,8,4,2,14
064480201,10,0,0,10
064480202,6,0,0,6
064480203,10,4,1,15
064480301,4,3,0,7
064480302,4,1,0,5
064480303,3,2,0,5
064480401,5,1,1,7
064480402,2,1,1,4
064480403,0,0,0,0
064480501,4,5,1,10
064480502,7,1,0,8
064480503,4,0,0,4
064480601,344,98,15,457
064480602,310,33,7,350
064480603,158,42,24,224
064480604,241,6,2,249
064480605,179,15,6,200
064480606,239,77,9,325
064480607,229,29,23,281
064480608,331,28,12,371
064480609,174,19,34,227
064480610,36,3,12,51
064480611,3,1,2,6
064480612,32,0,0,32
064480613,2,0,0,2
064480614,145,86,11,242
064480701,8,0,2,10
064480702,1,0,0,1
064480703,5,0,0,5
064480801,5,0,0,5
064480802,3,2,3,8
064480803,5,1,2,8
064480901,5,0,0,5
064480902,4,3,1,8
064480903,2,1,0,3
064480904,3,2,1,6
064481001,4,2,0,6
064481002,5,2,0,7
064481003,3,0,0,3
064481004,1,2,0,3
064481101,5,0,0,5
064481102,7,2,1,10
064481103,5,1,0,6
064481201,5,1,1,7
064481202,3,2,0,5
064481203,6,2,0,8
064481204,2,2,0,4
064481205,10,6,0,16
064481206,4,0,0,4
064550101,251,34,23,308
064550102,225,26,11,262
064550103,238,7,2,247
064550104,217,6,0,223
064550105,238,15,4,257
064550106,235,18,16,269
064550107,91,45,44,180
064550108,164,68,29,261
064550109,233,21,5,259
064550110,253,10,3,266
064550111,78,38,24,140
064550112,139,25,12,176
064550113,190,11,6,207
064550114,147,37,25,209
064550115,117,15,19,151
064550201,24,5,1,30
064550301,29,11,6,46
064550401,42,26,12,80
064550501,19,6,2,27
064550601,34,14,10,58
064550602,5,2,11,18
064550603,20,7,11,38
064550604,29,13,13,55
064550605,8,2,9,19
064550606,8,2,5,15
064550607,30,11,10,51
064550701,33,14,19,66
064550801,10,3,4,17
064550802,14,4,8,26
064550901,22,6,8,36
064551001,17,7,1,25
064551101,37,13,8,58
064551201,34,11,17,62
064551301,68,30,49,147
064551401,231,21,19,271
064551402,288,96,38,422
064551403,84,21,38,143
064551404,128,19,9,156
064551405,225,31,20,276
064551406,265,18,20,303
064551407,247,29,13,289
064551408,229,33,44,306
064551409,35,16,24,75
064551410,167,60,55,282
064551411,163,23,28,214
064551412,307,26,17,350
064551413,285,18,6,309
064551414,236,3,0,239
064620101,8,1,3,12
064620201,21,4,8,33
064620202,8,3,1,12
064620203,3,3,1,7
064620301,4,3,2,9
064620401,71,22,18,111
064620402,223,28,18,269
064620403,297,67,22,386
064620404,22,10,6,38
064620405,16,11,9,36
064620406,82,22,6,110
064620501,4,1,1,6
064620502,5,4,2,11
064620601,74,16,14,104
064620602,4,4,0,8
064620603,9,7,2,18
064620604,3,4,4,11
064620605,10,4,1,15
064620701,170,58,77,305
064620702,227,34,23,284
064620703,293,53,45,391
064620704,187,53,58,298
064620705,275,25,4,304
064620706,319,52,68,439
064620707,247,86,55,388
064620708,207,49,21,277
064620709,6,2,1,9
064620710,20,9,9,38
064620711,2,3,3,8
064620712,2,0,1,3
064620801,15,10,4,29
064620802,287,28,7,322
064620901,7,2,4,13
064621001,11,8,1,20
064621002,233,51,56,340
064621101,8,8,0,16
064621102,4,3,1,8
064621201,45,33,31,109
064621202,294,101,30,425
064621203,223,47,27,297
064621204,2,6,0,8
064621205,29,18,44,91
064621206,7,6,0,13
064621207,10,12,0,22
064690101,173,37,35,245
064690102,321,15,4,340
064690103,188,28,16,232
064690104,386,48,17,451
064690105,163,53,25,241
064690106,304,30,8,342
064690107,236,23,1,260
064690108,308,34,5,347
064690109,333,34,34,401
064690110,143,39,46,228
064690111,252,33,2,287
064690112,193,13,6,212
064690113,201,34,19,254
064690114,154,57,39,250
064690201,252,23,3,278
064690202,292,40,5,337
064690203,220,43,52,315
064690204,326,28,30,384
064690205,246,24,1,271
064690206,192,18,5,215
064690207,286,25,2,313
064690208,341,34,13,388
064690209,176,21,6,203
064690210,194,34,41,269
064690211,203,26,23,252
064690212,158,35,54,247
064690213,144,25,7,176
064690214,198,39,25,262
064690301,14,5,19,38
064690302,7,4,1,12
064690303,4,3,3,10
064690304,10,3,14,27
064690305,9,1,0,10
064690306,5,4,7,16
064690401,157,14,25,196
064690402,12,7,1,20
064690403,4,4,1,9
064690404,12,1,1,14
064690405,11,1,0,12
064690406,10,5,0,15
064690501,6,5,0,11
064690502,1,1,1,3
064690503,7,1,0,8
064690504,3,3,0,6
064690601,149,24,67,240
064690602,299,93,8,400
064690603,157,27,55,239
064690604,44,26,77,147
064690605,252,42,43,337
064690606,255,38,36,329
064690701,3,4,3,10
064690702,5,1,1,7
064690703,5,6,4,15
064690801,184,31,11,226
064690802,34,10,4,48
064690803,11,11,1,23
064690804,25,9,4,38
064690805,13,8,2,23
064690806,26,5,1,32
064690807,123,40,25,188
064690901,183,41,16,240
064690902,8,2,0,10
064690903,63,44,6,113
064690904,4,5,2,11
064690905,3,1,2,6
064690906,12,2,1,15
064690907,8,6,0,14
064690908,10,8,0,18
064690909,178,36,32,246
064691001,102,10,11,123
064691002,61,6,14,81
064691003,14,12,0,26
064691004,14,6,1,21
064691005,2,1,0,3
064691006,4,0,0,4
064691007,135,17,17,169
064691101,68,7,18,93
064691102,5,5,0,10
064691103,3,1,1,5
064691104,9,0,4,13
064691105,2,8,0,10
064691106,141,30,12,183
064691107,16,6,2,24
064691201,5,3,0,8
064691202,5,2,2,9
064691203,7,3,2,12
064691204,9,0,1,10
064691301,218,24,22,264
064691302,336,58,26,420
064691303,24,2,5,31
064691304,5,1,5,11
064691305,65,28,22,115
064691306,11,5,1,17
064691307,201,40,15,256
064691401,12,5,0,17
064691402,7,3,0,10
064691403,11,11,2,24
064691404,8,3,1,12
064691501,270,38,14,322
064691502,11,2,0,13
064691503,3,0,1,4
064691504,1,0,1,2
064691505,4,0,0,4
064691506,9,3,4,16
064691507,36,15,17,68
064691508,180,61,30,271
064760101,184,32,8,224
064760102,211,55,10,276
064760103,163,17,3,183
064760104,177,7,1,185
064760105,195,12,0,207
064760106,200,48,8,256
064760107,220,30,5,255
064760108,181,99,11,291
064760201,315,80,11,406
064760202,46,7,1,54
064760203,35,5,2,42
064760204,20,2,3,25
064760205,17,10,9,36
064760206,15,7,1,23
064760207,19,5,1,25
064760208,12,6,2,20
064760301,20,6,3,29
064760302,13,1,1,15
064760303,8,1,1,10
064760401,4,3,0,7
064760402,1,1,6,8
064760403,4,2,1,7
064760404,7,5,3,15
064760501,13,8,0,21
064760502,10,9,5,24
064760503,11,3,1,15
064760504,8,6,1,15
064760505,7,2,2,11
064760601,8,1,0,9
064760602,8,3,1,12
064760603,30,6,1,37
064760604,5,2,0,7
064760701,51,28,17,96
064760702,27,6,14,47
064760703,33,31,14,78
064760704,24,15,7,46
064760705,32,11,8,51
064760706,4,1,1,6
064760707,48,45,36,129
064760708,111,58,9,178
064760709,10,3,2,15
064760801,10,8,1,19
064760802,10,6,0,16
064760803,10,3,0,13
064760804,12,1,4,17
064760901,12,4,2,18
064760902,11,4,1,16
064760903,7,4,5,16
064760904,2,5,1,8
064760905,5,1,1,7
064761001,18,10,2,30
064761002,4,4,0,8
064761003,3,6,0,9
064761101,5,3,2,10
064761102,8,4,12,24
064761103,12,8,0,20
064761104,5,3,0,8
064761105,4,5,10,19
064761201,0,2,1,3
064761202,15,9,2,26
064761203,10,12,3,25
064761204,16,4,1,21
064761205,12,13,1,26
064761206,12,11,4,27
064761301,31,7,0,38
064761401,108,90,32,230
064761402,185,68,22,275
064761403,250,46,9,305
064761404,182,69,4,255
064761405,183,30,1,214
064761406,189,16,1,206
064761407,130,12,2,144
064761408,224,67,10,301
064830101,311,45,81,437
064830102,277,42,34,353
064830103,333,28,23,384
064830104,228,13,8,249
064830105,263,9,0,272
064830106,260,19,15,294
064830107,209,3,2,214
064830108,227,6,2,235
064830109,248,15,9,272
064830110,277,10,4,291
064830111,210,20,13,243
064830112,176,19,7,202
064830113,181,24,27,232
064830114,218,28,41,287
064830115,155,28,29,212
064830116,146,20,46,212
064830117,214,25,34,273
064830118,194,20,21,235
064830201,3,5,5,13
064830202,22,4,7,33
064830203,13,5,2,20
064830301,50,3,19,72
064830302,45,26,16,87
064830303,43,18,8,69
064830304,31,17,4,52
064830401,77,45,55,177
064830402,149,12,15,176
064830403,129,16,4,149
064830404,240,39,68,347
064830405,198,30,35,263
064830406,60,10,30,100
064830407,244,46,74,364
064830408,231,17,2,250
064830409,221,21,42,284
064830410,136,13,25,174
064830411,172,15,6,193
064830412,198,22,39,259
064830413,176,69,123,368
064830414,214,25,25,264
064830415,182,51,77,310
064830416,121,33,62,216
064830417,75,22,17,114
064830501,238,23,58,319
064830502,18,7,12,37
064830503,28,14,15,57
064830504,41,17,8,66
064830505,20,9,12,41
064830506,6,2,1,9
064830601,21,6,4,31
064830602,93,16,10,119
064830701,83,13,14,110
064830702,35,2,13,50
064830703,23,4,3,30
064830704,8,0,0,8
064830705,11,4,2,17
064830706,19,7,2,28
064830801,85,17,4,106
064830802,28,15,0,43
064830803,19,6,4,29
064830804,20,8,7,35
064830805,12,1,3,16
064830806,84,27,22,133
064830901,46,35,3,84
064830902,29,8,2,39
064830903,55,15,3,73
064830904,24,7,2,33
064830905,22,9,6,37
064830906,23,4,1,28
064830907,14,12,1,27
064830908,56,19,8,83
064831001,21,6,2,29
064831002,26,12,1,39
064970101,367,8,1,376
064970102,178,15,3,196
064970103,183,13,3,199
064970104,291,11,2,304
064970105,279,10,1,290
064970106,310,5,1,316
064970107,193,11,4,208
064970108,171,13,5,189
064970109,149,36,6,191
064970110,208,23,12,243
064970111,236,21,15,272
064970112,183,32,29,244
064970201,89,39,35,163
064970202,13,5,2,20
064970203,25,10,6,41
064970204,16,4,0,20
064970205,4,4,0,8
064970206,10,3,3,16
064970207,22,21,4,47
064970301,4,5,0,9
064970302,253,76,35,364
064970303,170,30,20,220
064970304,12,9,2,23
064970305,170,30,4,204
064970306,87,36,69,192
064970307,120,93,191,404
064970308,109,73,155,337
064970309,52,34,74,160
064970310,46,27,41,114
064970311,149,34,93,276
064970312,243,57,33,333
064970401,10,16,2,28
064970402,41,17,1,59
064970403,65,38,6,109
064970404,130,25,11,166
064970405,87,42,35,164
064970406,98,46,29,173
064970407,118,32,24,174
064970408,27,19,48,94
064970409,60,52,98,210
064970410,90,69,66,225
064970501,211,9,9,229
064970502,199,9,7,215
064970503,266,44,5,315
064970504,80,61,167,308
064970505,95,82,210,387
064970506,111,69,186,366
064970507,204,71,62,337
064970508,268,20,29,317
064970509,343,44,9,396
064970510,273,57,71,401
064970511,158,78,110,346
064970512,203,60,48,311
064970513,308,27,15,350
064970601,227,39,26,292
064970602,284,21,15,320
064970603,65,41,50,156
064970604,243,24,15,282
064970605,203,41,46,290
064970606,53,17,28,98
064970607,216,54,84,354
064970608,9,10,7,26
064970609,140,32,10,182
064970610,90,40,71,201
064970611,160,16,11,187
064970612,36,7,21,64
064970613,100,35,51,186
064970614,57,19,55,131
064970701,270,13,5,288
064970702,120,2,1,123
064970703,141,5,0,146
064970704,130,8,0,138
064970705,291,7,3,301
064970706,277,12,0,289
064970707,139,5,0,144
064970708,276,4,0,280
064970709,174,12,8,194
064970710,192,15,4,211
064970801,148,62,0,210
064970802,138,37,81,256
064970803,167,27,28,222
064970804,39,9,13,61
064970805,28,11,9,48
064970806,167,23,19,209
064970807,184,23,17,224
064970808,58,16,5,79
064970809,157,60,59,276
064970810,187,54,50,291
064970811,347,27,18,392
064970812,366,62,52,480
064970813,181,17,2,200
064970814,184,18,8,210
064970815,154,53,23,230
064970901,16,7,6,29
064971001,135,32,37,204
064971002,26,19,4,49
064971003,10,6,1,17
064971004,20,9,1,30
064971005,6,4,1,11
064971006,13,7,2,22
064971007,4,4,3,11
064971008,133,93,83,309
064971101,326,15,3,344
064971102,337,12,7,356
064971103,267,31,4,302
064971104,370,18,7,395
064971105,317,11,1,329
064971106,343,14,2,359
064971107,262,26,13,301
064971108,235,19,7,261
064971201,194,42,25,261
064971202,241,67,96,404
064971203,227,34,16,277
064971204,227,20,7,254
064971205,308,19,20,347
064971206,255,21,11,287
064971207,214,55,39,308
064971208,111,7,0,118
064971209,37,7,1,45
064971210,84,24,17,125
064971211,72,27,24,123
064971212,72,11,4,87
064971301,259,67,105,431
064971302,193,42,113,348
064971303,117,25,22,164
064971304,101,19,15,135
064971305,54,13,9,76
064971306,271,23,15,309
064971307,239,19,3,261
064971308,231,23,10,264
064971309,119,16,9,144
064971310,22,5,2,29
064971311,1,3,0,4
064971401,291,53,51,395
064971402,282,38,37,357
064971403,395,48,43,486
064971404,11,4,9,24
064971405,168,63,81,312
064971406,305,33,31,369
064971407,144,11,4,159
064971408,198,13,25,236
064971409,230,31,37,298
064971410,231,22,29,282
065050101,12,5,2,19
065050102,18,10,5,33
065050103,31,17,9,57
065050104,5,3,0,8
065050105,17,12,4,33
065050106,8,6,1,15
065050201,104,28,13,145
065050202,15,7,2,24
065050203,8,2,1,11
065050204,65,29,11,105
065050205,56,23,13,92
065050206,32,7,5,44
065050207,7,6,0,13
065050208,14,9,1,24
065050209,30,4,0,34
065050210,148,29,4,181
065050211,136,18,22,176
065050212,101,27,6,134
065050301,30,10,7,47
065050302,41,12,7,60
065050303,41,13,6,60
065050304,26,29,10,65
065050305,29,10,9,48
065050306,150,141,38,329
065050307,121,31,12,164
065050308,185,59,13,257
065050309,171,49,9,229
065050310,107,40,11,158
065050311,225,23,6,254
065050312,210,28,1,239
065050313,110,42,8,160
065050314,181,52,11,244
065050315,182,54,28,264
065050316,54,13,21,88
065050317,51,24,13,88
065050318,35,22,20,77
065050319,237,48,13,298
065050320,109,55,15,179
065050321,87,40,30,157
065050322,81,43,60,184
065050401,60,22,13,95
065050402,60,23,13,96
065050403,21,5,4,30
065050404,22,7,3,32
065050405,13,4,2,19
065050406,13,13,7,33
065050407,28,14,1,43
065110101,15,1,2,18
065110102,5,1,4,10
065110201,9,2,5,16
065110202,10,13,2,25
065110301,10,1,22,33
065110302,1,1,12,14
065110303,13,7,2,22
065110304,21,9,11,41
065110401,14,5,11,30
065110402,3,2,1,6
065110501,63,24,13,100
065110502,230,46,17,293
065110503,254,80,41,375
065110504,232,25,19,276
065110505,214,59,25,298
065110506,224,12,0,236
065110507,262,22,9,293
065110508,252,43,17,312
065110509,92,44,40,176
065110510,3,0,4,7
065110511,5,2,9,16
065110512,286,64,7,357
065110513,139,27,27,193
065110601,82,41,7,130
065110602,13,9,5,27
065110603,12,7,5,24
065110701,6,8,10,24
065110702,10,6,1,17
065180101,143,29,10,182
065180102,104,9,8,121
065180103,133,30,18,181
065180104,39,16,0,55
065180105,6,1,0,7
065180106,2,1,0,3
065180107,10,1,0,11
065180108,6,0,0,6
065180109,4,3,2,9
065180110,1,0,2,3
065180111,33,14,3,50
065180112,16,7,2,25
065180113,12,3,1,16
065180114,105,24,13,142
065180115,110,74,6,190
065180201,29,59,8,96
065180202,106,69,13,188
065180203,212,24,5,241
065180204,261,48,12,321
065180205,313,26,12,351
065180206,94,72,21,187
065180207,8,6,2,16
065180208,13,10,12,35
065180209,34,19,23,76
065180210,0,0,0,0
065180211,94,90,21,205
065180212,86,38,35,159
065180301,28,21,22,71
065180302,44,31,35,110
065180303,44,19,3,66
065180304,19,12,10,41
065180305,14,6,7,27
065180401,6,3,3,12
065180402,9,9,2,20
065180403,3,3,0,6
065180404,9,4,7,20
065180405,6,7,1,14
065180406,3,2,0,5
065180407,3,3,0,6
065180408,3,4,3,10
065180409,2,2,1,5
065180410,3,1,2,6
065180411,1,2,0,3
065180412,5,5,2,12
065180501,5,6,0,11
065180502,5,3,2,10
065180503,6,4,8,18
065180504,137,42,49,228
065180505,4,2,1,7
065180506,22,14,31,67
065180507,4,3,1,8
065180508,6,0,0,6
065180509,3,0,0,3
065180510,8,11,1,20
065180511,23,10,1,34
065180601,38,12,3,53
065180602,45,29,1,75
065180603,58,15,3,76
065180604,129,43,4,176
065180605,45,23,6,74
065180606,43,21,15,79
065180607,37,20,5,62
065180608,3,1,0,4
065180609,30,26,5,61
065180610,22,7,8,37
065180611,32,16,3,51
065180612,37,26,4,67
065180613,27,18,13,58
065180614,41,35,17,93
065180615,4,5,0,9
065180701,19,7,1,27
065180702,19,11,11,41
065180703,34,16,17,67
065180704,59,16,1,76
065180705,74,22,4,100
065180706,30,11,6,47
065180707,38,10,5,53
065180708,83,32,10,125
065180709,57,36,10,103
065180710,54,36,12,102
065180711,93,84,11,188
065180712,120,48,12,180
065180713,73,49,5,127
065180714,62,43,9,114
065180715,78,29,7,114
065180716,74,21,3,98
065180717,77,13,10,100
065180801,1,1,1,3
065180802,28,9,5,42
065180803,51,18,5,74
065180804,25,21,1,47
065180805,1,1,2,4
065180806,6,2,0,8
065180807,18,14,1,33
065180808,52,26,4,82
065180809,82,22,6,110
065180810,29,16,8,53
065180811,10,4,1,15
065180812,42,16,7,65
065180813,6,1,0,7
065180814,3,0,0,3
065250101,39,48,61,148
065250102,55,49,49,153
065250103,72,40,12,124
065250104,74,55,44,173
065250105,185,50,35,270
065250106,186,62,47,295
065250107,276,33,8,317
065250108,281,43,4,328
065250109,273,54,10,337
065250110,235,14,4,253
065250111,265,82,35,382
065250112,71,50,50,171
065250113,113,41,3,157
065250114,118,68,61,247
065250201,7,5,9,21
065250202,15,19,6,40
065250203,178,75,49,302
065250204,112,26,8,146
065250301,10,12,11,33
065250302,14,11,9,34
065250303,82,117,191,390
065250304,69,84,92,245
065250401,124,157,112,393
065250402,99,169,137,405
065250403,28,93,98,219
065250404,66,99,165,330
065250405,110,143,153,406
065250406,125,168,154,447
065250407,90,109,61,260
065250408,121,258,16,395
065250409,87,239,3,329
065250410,3,5,5,13
065250411,7,10,60,77
065250412,15,14,49,78
065250413,20,40,10,70
065250414,106,137,118,361
065250415,54,133,73,260
065250416,55,42,38,135
065250417,223,125,75,423
065250418,218,108,58,384
065250501,118,137,243,498
065250502,15,11,7,33
065250503,2,17,0,19
065250504,48,43,25,116
065250601,35,51,37,123
065250602,39,22,49,110
065250603,58,33,47,138
065250604,90,49,46,185
065250605,126,39,18,183
065250606,393,58,31,482
065250607,352,110,72,534
065250608,80,68,75,223
065250609,69,117,77,263
065250610,212,95,37,344
065250611,391,66,14,471
065250612,136,87,70,293
065250613,241,52,6,299
065250614,130,20,14,164
065320101,347,167,20,534
065320102,265,85,12,362
065320103,205,77,6,288
065320104,262,51,8,321
065320105,245,37,4,286
065320106,246,54,6,306
065320107,226,16,1,243
065320108,238,20,3,261
065320109,184,39,4,227
065320110,252,29,1,282
065320111,213,90,23,326
065320112,235,59,8,302
065320201,218,15,0,233
065320202,250,36,3,289
065320203,207,65,4,276
065320204,202,65,3,270
065320205,171,21,7,199
065320206,164,70,0,234
065320207,259,65,7,331
065320208,211,37,5,253
065320301,199,76,23,298
065320302,332,97,63,492
065320303,217,57,4,278
065320304,145,42,32,219
065320305,74,67,153,294
065320306,161,70,54,285
065320307,129,60,70,259
065320308,180,92,59,331
065320309,227,118,54,399
065320310,141,57,59,257
065320311,179,59,12,250
065320312,153,61,3,217
065320313,140,27,13,180
065320401,40,24,15,79
065320402,16,5,3,24
065320403,44,21,23,88
065320501,9,2,0,11
065320502,19,10,1,30
065320503,22,20,7,49
065320504,32,12,5,49
065320601,3,1,3,7
065320602,6,1,1,8
065320603,9,3,1,13
065320604,6,3,1,10
065320701,34,6,2,42
065320801,4,5,13,22
065320802,14,11,4,29
065320803,10,2,1,13
065320804,22,9,3,34
065320805,23,16,4,43
065320901,287,104,57,448
065320902,148,27,35,210
065320903,59,25,35,119
065320904,94,40,55,189
065320905,148,16,14,178
065320906,38,32,19,89
065320907,54,43,15,112
065320908,72,34,19,125
065320909,120,20,17,157
065320910,337,204,241,782
065320911,156,44,25,225
065320912,78,16,10,104
065321001,136,65,118,319
065321002,9,7,5,21
065321003,20,9,3,32
065321004,7,8,3,18
065321005,9,9,5,23
065321101,34,20,8,62
065321102,28,25,11,64
065321103,12,8,5,25
065321104,6,4,1,11
065321201,9,4,3,16
065321202,8,1,0,9
065321203,11,2,2,15
065321301,7,2,1,10
065321302,10,1,0,11
065321303,2,2,0,4
065321401,221,43,2,266
065321402,220,49,7,276
065321403,270,61,12,343
065321404,244,60,2,306
065321405,257,28,1,286
065321406,263,10,0,273
065321407,174,19,1,194
065321408,223,50,1,274
065321501,206,34,9,249
065321502,213,71,18,302
065321503,198,38,5,241
065321504,221,51,24,296
065321505,130,69,88,287
065321506,182,67,70,319
065321507,157,78,20,255
065321508,159,69,48,276
065321509,274,37,14,325
065321510,195,40,4,239
065321511,320,68,15,403
065321512,326,52,44,422
065470101,17,14,2,33
065470102,16,4,2,22
065470201,152,35,7,194
065470202,9,9,2,20
065470203,26,12,5,43
065470301,12,15,5,32
065470302,30,8,5,43
065470303,13,8,4,25
065470304,20,4,9,33
065470305,122,67,45,234
065470306,308,74,13,395
065470307,308,57,17,382
065470308,64,27,19,110
065470309,210,34,13,257
065470310,70,30,21,121
065470311,91,17,8,116
065470312,307,70,14,391
065470313,36,13,8,57
065470401,9,2,0,11
065470402,34,19,3,56
065470501,17,3,7,27
065470502,23,7,2,32
065470503,17,5,0,22
065470601,48,23,2,73
065470602,20,5,2,27
065470603,57,14,9,80
065470701,9,4,3,16
065470702,13,5,2,20
065470703,26,8,3,37
065470801,26,41,4,71
065470802,23,14,4,41
065470901,135,40,33,208
065470902,135,66,106,307
065470903,129,81,85,295
065470904,338,83,17,438
065470905,305,73,36,414
065470906,297,38,10,345
065470907,347,54,9,410
065470908,302,40,22,364
065470909,257,31,5,293
065470910,244,31,6,281
065530101,174,63,5,242
065530102,114,28,1,143
065530103,115,32,0,147
065530104,41,6,0,47
065530105,48,18,9,75
065530106,62,21,5,88
065530107,44,14,0,58
065530108,71,13,1,85
065530109,42,7,2,51
065530110,29,7,1,37
065530111,15,2,0,17
065530201,5,0,0,5
065530202,25,5,4,34
065530203,45,10,5,60
065530204,251,62,54,367
065530205,32,14,6,52
065530301,46,15,6,67
065530302,47,27,12,86
065530303,47,10,3,60
065530304,47,21,2,70
065530305,65,30,4,99
065530306,60,16,2,78
065530307,56,12,2,70
065530308,33,3,1,37
065530309,36,6,0,42
065530310,18,0,2,20
065530311,16,2,0,18
065530312,24,5,3,32
065530313,30,9,0,39
065530314,35,6,3,44
065740101,8,6,7,21
065740102,15,7,6,28
065740201,5,2,7,14
065740202,24,24,6,54
065740301,8,2,0,10
065740302,24,6,2,32
065740303,38,13,4,55
065740401,38,18,13,69
065740402,207,94,66,367
065740403,175,89,83,347
065740404,236,35,14,285
065740405,119,59,67,245
065740406,136,38,54,228
065740407,261,21,8,290
065740408,283,17,6,306
065740409,229,26,3,258
065740410,300,36,29,365
065740411,213,23,14,250
065740412,191,45,33,269
065740413,6,1,1,8
065740414,207,60,44,311
065740415,209,42,18,269
065740416,178,29,18,225
065740501,16,7,2,25
065740502,21,16,2,39
065740503,25,12,4,41
065740601,24,13,4,41
065740602,6,10,9,25
065740701,113,24,31,168
065740702,38,13,14,65
065740703,11,10,6,27
065740704,11,3,0,14
065740705,18,8,6,32
065740706,17,8,4,29
065740707,15,4,3,22
065740708,17,5,2,24
065740801,80,6,16,102
065740802,21,5,2,28
065740803,20,5,2,27
065740804,16,3,4,23
065740805,64,15,14,93
065740901,9,4,2,15
065740902,17,6,2,25
065740903,13,9,17,39
065810101,132,187,16,335
065810102,195,165,9,369
065810103,208,166,17,391
065810104,245,106,12,363
065810105,217,181,1,399
065810106,178,50,0,228
065810107,182,86,0,268
065810108,117,127,11,255
065810109,195,64,13,272
065810110,117,107,27,251
065810111,44,175,15,234
065810201,197,62,16,275
065810202,194,33,4,231
065810203,117,22,1,140
065810204,207,32,3,242
065810205,147,12,3,162
065810206,261,33,3,297
065810207,196,89,4,289
065810208,222,52,3,277
065810209,192,60,3,255
065810210,83,139,10,232
065810211,80,153,27,260
065810212,110,108,13,231
065810301,224,72,3,299
065810302,222,86,2,310
065810303,204,87,2,293
065810304,123,72,1,196
065810305,142,45,2,189
065810306,176,27,2,205
065810307,190,69,2,261
065810308,132,69,4,205
065810401,200,125,7,332
065810402,171,33,3,207
065810403,109,76,1,186
065810404,157,73,0,230
065810405,194,158,8,360
065810406,67,82,1,150
065810407,157,49,2,208
065810408,217,37,0,254
065810409,195,30,0,225
065810410,145,33,0,178
065810411,155,51,4,210
065810501,71,4,0,75
065810502,50,2,0,52
065810503,95,17,10,122
065810504,71,12,0,83
065810505,66,7,0,73
065810506,124,18,1,143
065810507,90,4,0,94
065810508,97,5,0,102
065810601,8,0,3,11
065810602,24,9,3,36
065810603,27,3,1,31
065810604,7,4,0,11
065810701,100,42,41,183
065810702,4,0,3,7
065810703,19,5,0,24
065810704,9,7,1,17
065810705,10,4,0,14
065810706,14,6,2,22
065810707,13,12,13,38
065810708,137,26,20,183
065810709,168,34,5,207
065810710,136,23,9,168
065810711,102,55,12,169
065810712,79,47,25,151
065810801,147,36,5,188
065810802,146,41,3,190
065810803,18,7,2,27
065810804,14,11,3,28
065810805,11,3,3,17
065810806,7,4,3,14
065810807,2,0,0,2
065810808,8,10,0,18
065810809,102,60,14,176
065810810,125,35,8,168
065810901,5,2,0,7
065810902,4,3,3,10
065810903,2,3,1,6
065810904,5,1,1,7
065810905,1,2,0,3
065810906,6,2,0,8
065810907,3,0,0,3
065810908,1,1,0,2
065810909,3,0,0,3
065810910,4,0,0,4
065810911,1,1,0,2
065810912,4,3,2,9
065810913,8,2,0,10
065811001,77,45,18,140
065811002,13,6,3,22
065811003,10,2,2,14
065811004,2,5,0,7
065811005,5,3,1,9
065811006,8,5,0,13
065811101,1,1,0,2
065811102,7,0,0,7
065811103,10,5,1,16
065811104,2,6,0,8
065811105,10,17,0,27
065811106,2,2,0,4
065811107,8,7,4,19
065811108,4,1,6,11
065811109,2,2,1,5
065811201,8,3,1,12
065811202,2,5,1,8
065811203,6,7,1,14
065811204,12,9,0,21
065811205,17,10,2,29
065811206,19,22,1,42
065811207,7,8,2,17
065811301,177,46,20,243
065811302,211,7,3,221
065811303,226,48,6,280
065811304,213,42,14,269
065811305,233,43,0,276
065811306,440,53,0,493
065811307,36,36,14,86
065811308,102,52,32,186
065811309,151,25,4,180
065811310,167,32,4,203
065811311,258,19,0,277
065811401,43,32,17,92
065811402,113,122,30,265
065811403,169,118,30,317
065811404,62,71,13,146
065811405,36,97,19,152
065811406,53,65,23,141
065811407,74,119,27,220
065811408,134,115,14,263
065811409,88,137,22,247
065811410,124,112,14,250
065811411,42,143,28,213
065811412,196,159,19,374
065811501,38,45,33,116
065811502,127,147,44,318
065811503,95,85,7,187
065811504,213,122,5,340
065811505,187,89,17,293
065811506,51,153,27,231
065811507,200,120,59,379
065811508,109,138,19,266
065811509,243,69,7,319
065811510,152,132,10,294
065811511,181,83,2,266
065811601,215,69,0,284
065811602,222,102,4,328
065811603,210,93,3,306
065811604,202,70,3,275
065811605,151,57,2,210
065811606,221,170,6,397
065811607,145,94,14,253
065811608,134,108,17,259
065811701,137,57,2,196
065811702,195,35,2,232
065811703,212,35,1,248
065811704,175,11,1,187
065811705,201,72,1,274
065811706,150,56,4,210
065811707,183,28,3,214
065811708,129,12,0,141
065811709,71,10,0,81
065811710,157,19,0,176
065811711,189,70,3,262
065811801,196,84,0,280
065811802,84,19,0,103
065811803,98,9,0,107
065811804,82,7,0,89
065811805,88,21,2,111
065811806,73,21,0,94
065811807,155,19,0,174
065811808,123,19,1,143
065811809,78,24,0,102
065811901,26,39,16,81
065811902,24,15,1,40
065811903,65,55,4,124
065811904,73,60,5,138
065811905,111,139,12,262
065811906,25,77,20,122
065811907,34,85,13,132
065811908,197,130,11,338
065811909,65,110,26,201
065811910,77,78,4,159
065811911,89,87,6,182
065811912,97,111,40,248
065880101,324,20,5,349
065880102,263,16,10,289
065880103,312,49,10,371
065880104,311,15,2,328
065880105,270,31,0,301
065880106,276,20,1,297
065880107,209,16,3,228
065880108,175,29,14,218
065880109,185,21,20,226
065880110,181,9,2,192
065880111,343,55,11,409
065880112,174,12,8,194
065880113,196,41,10,247
065880114,196,30,6,232
065880115,187,20,3,210
065880116,197,17,23,237
065880117,194,28,10,232
065880201,302,23,15,340
065880202,283,30,14,327
065880203,196,21,24,241
065880204,273,19,21,313
065880205,73,14,7,94
065880206,185,10,0,195
065880207,218,6,1,225
065880208,232,10,14,256
065880301,88,26,36,150
065880302,167,13,6,186
065880303,185,23,9,217
065880304,74,8,5,87
065880305,11,3,2,16
065880306,11,6,0,17
065880307,8,4,0,12
065880308,14,0,3,17
065880309,26,10,3,39
065880401,14,4,4,22
065880501,130,18,26,174
065880502,13,4,0,17
065880503,8,2,2,12
065880504,4,3,1,8
065880505,38,6,4,48
065880601,34,11,13,58
065880701,29,6,7,42
065880702,54,14,21,89
065880703,63,16,15,94
065880801,35,14,9,58
065880802,14,8,7,29
065880901,228,30,4,262
065880902,283,31,19,333
065880903,121,23,3,147
065880904,82,15,27,124
065880905,83,13,7,103
065880906,94,18,10,122
065880907,137,36,7,180
065880908,235,49,22,306
065880909,237,36,9,282
065880910,205,51,19,275
065880911,183,103,76,362
065880912,198,84,52,334
065880913,231,64,28,323
065880914,117,37,19,173
065880915,131,44,43,218
065881001,99,15,15,129
065881002,64,6,6,76
065881003,9,4,2,15
065881004,4,1,0,5
065881005,28,9,2,39
065881006,15,3,1,19
065881007,22,2,5,29
065881008,16,3,1,20
065881009,4,0,0,4
065881010,5,2,1,8
065881011,7,2,0,9
065881012,102,20,14,136
065881101,6,2,2,10
065881102,10,4,0,14
065881201,22,9,4,35
065881202,5,2,1,8
065881203,22,12,0,34
065881301,127,41,13,181
065881302,6,5,10,21
065881303,13,7,3,23
065881304,13,4,6,23
065881305,15,8,3,26
065881401,67,19,14,100
065881402,98,21,12,131
065881403,0,3,3,6
065881404,13,2,4,19
065881501,88,13,12,113
065881502,10,1,0,11
065881503,4,1,2,7
065881504,12,0,5,17
065881601,239,23,16,278
065881602,291,29,11,331
065881603,111,77,53,241
065881604,9,2,0,11
065881605,4,0,1,5
065881606,7,4,1,12
065881607,0,0,0,0
065881608,7,3,0,10
065881609,1,2,0,3
065881701,259,31,2,292
065881702,255,8,20,283
065881703,220,12,3,235
065881704,212,64,29,305
065881705,277,26,8,311
065881706,282,36,3,321
065881707,215,15,1,231
065881708,191,17,1,209
065950101,164,25,88,277
065950102,173,25,38,236
065950103,302,49,36,387
065950104,247,59,46,352
065950105,324,22,6,352
065950106,240,20,6,266
065950107,236,28,11,275
065950108,288,66,12,366
065950109,151,43,64,258
065950110,316,40,10,366
065950201,265,7,2,274
065950202,294,15,4,313
065950203,275,8,0,283
065950204,309,3,0,312
065950205,177,3,0,180
065950206,274,5,0,279
065950207,274,20,1,295
065950208,332,20,4,356
065950209,190,19,1,210
065950210,388,21,5,414
065950211,201,8,1,210
065950212,235,12,1,248
065950213,182,8,0,190
065950214,178,6,5,189
065950215,188,10,0,198
065950301,205,10,1,216
065950302,286,13,1,300
065950303,291,7,1,299
065950304,307,7,0,314
065950305,245,11,3,259
065950306,263,19,3,285
065950307,249,5,1,255
065950308,238,6,3,247
065950309,222,5,3,230
065950310,347,24,10,381
065950311,300,17,14,331
065950312,239,10,3,252
065950313,211,5,0,216
065950401,188,25,9,222
065950402,351,44,3,398
065950403,193,82,21,296
065950404,259,32,39,330
065950405,251,66,23,340
065950406,161,37,15,213
065950407,209,33,13,255
065950408,195,31,15,241
065950409,276,31,19,326
065950410,161,56,49,266
065950411,180,37,18,235
065950412,281,51,24,356
065950413,270,45,14,329
065950501,31,20,8,59
065950601,54,14,7,75
065950602,1,0,9,10
065950603,53,7,21,81
065950701,42,15,6,63
065950801,98,21,51,170
065950802,35,17,6,58
065950901,42,18,3,63
065951001,33,12,9,54
065951101,34,5,3,42
065951201,23,4,7,34
065951301,34,10,9,53
065951401,58,31,10,99
065951501,33,12,5,50
065951601,136,27,91,254
065951602,220,39,91,350
065951603,189,59,137,385
065951604,36,27,26,89
065951605,28,8,2,38
065951606,191,35,10,236
065951607,131,38,91,260
065951608,326,66,66,458
065951609,199,35,1,235
065951610,181,11,0,192
065951611,176,29,0,205
065951612,168,54,0,222
065951613,185,2,0,187
065951701,36,9,1,46
065951801,1,1,4,6
065951802,6,1,1,8
065951803,12,7,2,21
065951804,2,0,1,3
065951901,120,20,16,156
065951902,149,19,22,190
065951903,237,20,54,311
065951904,102,11,17,130
065951905,75,3,17,95
065951906,58,11,24,93
065951907,86,8,11,105
065951908,150,22,32,204
065951909,99,14,16,129
065951910,156,14,17,187
065951911,278,16,14,308
065951912,110,61,3,174
065951913,37,5,4,46
065951914,249,45,43,337
065952001,232,12,5,249
065952002,7,3,2,12
065952101,82,83,3,168
065952102,164,38,6,208
065952103,133,19,4,156
065952104,180,38,3,221
065952105,187,79,10,276
065952106,0,0,1,1
065952107,36,16,6,58
065952201,29,18,24,71
065952301,60,27,9,96
065952401,257,15,5,277
065952402,267,23,4,294
065952403,274,8,5,287
065952404,268,12,1,281
065952405,236,35,5,276
065952406,242,22,6,270
065952407,282,48,8,338
065952408,261,65,87,413
065952409,230,25,31,286
065952410,159,40,48,247
065952411,183,32,5,220
065952412,212,21,36,269
065952501,324,13,3,340
065952502,215,23,3,241
065952503,328,24,8,360
065952504,336,29,5,370
065952505,246,27,10,283
065952506,205,43,17,265
065952507,212,29,5,246
065952508,255,26,15,296
065952509,200,45,4,249
065952510,172,61,29,262
065952511,228,38,30,296
065952512,156,31,23,210
065952513,116,38,52,206
065952601,46,14,45,105
065952602,235,86,92,413
065952603,77,17,137,231
065952604,122,25,78,225
065952605,197,35,117,349
065952606,155,11,2,168
065952607,210,20,91,321
065952608,178,39,86,303
065952609,140,44,48,232
065952610,162,66,91,319
065952611,275,37,51,363
065952612,232,59,71,362
065952613,140,45,42,227
065952614,115,25,33,173
065952701,286,37,9,332
065952702,395,35,4,434
065952703,94,27,73,194
065952704,84,118,29,231
065952705,9,3,1,13
065952706,50,4,3,57
065952707,147,25,33,205
065952708,76,9,7,92
065952709,219,21,0,240
065952710,171,14,3,188
065952711,204,19,12,235
065952712,149,29,6,184
066020101,17,23,44,84
066020201,64,38,47,149
066020202,19,12,20,51
066020203,27,9,35,71
066020204,11,6,6,23
066020205,14,8,16,38
066020206,5,4,10,19
066020207,10,11,12,33
066020301,306,50,52,408
066020302,83,57,59,199
066020303,4,4,6,14
066020304,114,32,29,175
066020305,7,1,4,12
066020306,18,6,7,31
066020307,6,1,1,8
066020308,283,48,91,422
066020309,195,35,16,246
066020401,8,7,5,20
066020501,5,2,3,10
066020601,4,3,4,11
066020701,6,1,2,9
066020801,185,33,20,238
066020802,210,38,17,265
066020803,96,10,9,115
066020804,106,13,5,124
066020805,52,21,19,92
066020806,5,5,5,15
066020901,28,5,1,34
066020902,10,8,9,27
066020903,8,2,1,11
066021001,8,4,1,13
066021002,4,2,0,6
066021101,179,58,49,286
066021102,128,28,38,194
066021103,224,67,68,359
066021104,193,122,2,317
066021105,183,34,1,218
066021106,176,52,11,239
066021107,193,51,1,245
066021108,292,120,7,419
066021109,349,62,15,426
066021110,3,4,3,10
066021111,300,29,17,346
066021112,231,33,7,271
066021113,248,28,6,282
066021201,11,12,20,43
066021301,45,16,8,69
066021401,17,8,12,37
066021402,27,8,4,39
066021403,35,13,2,50
066021404,32,6,0,38
066021405,23,16,4,43
066021406,22,10,12,44
066021501,0,1,0,1
066021601,88,44,60,192
066021602,80,52,34,166
066021603,213,114,69,396
066021604,141,47,39,227
066021605,215,23,6,244
066021606,220,50,8,278
066021607,227,17,10,254
066021608,223,19,1,243
066021609,217,60,29,306
066021610,258,28,11,297
066021611,92,48,93,233
066021612,11,2,3,16
066090101,266,62,71,399
066090102,339,25,24,388
066090103,303,17,7,327
066090104,254,7,4,265
066090105,271,8,3,282
066090106,188,16,10,214
066090107,208,29,59,296
066090108,122,29,61,212
066090109,161,41,88,290
066090110,172,114,26,312
066090201,310,14,15,339
066090202,256,14,1,271
066090203,186,10,2,198
066090204,253,14,2,269
066090205,296,13,15,324
066090206,269,39,103,411
066090207,189,6,14,209
066090208,339,32,67,438
066090209,334,32,17,383
066090210,238,6,4,248
066090211,279,21,31,331
066090212,216,37,63,316
066090213,252,38,117,407
066090214,179,23,47,249
066090215,172,35,9,216
066090301,2,3,0,5
066090302,3,1,0,4
066090303,3,0,2,5
066090304,11,2,2,15
066090401,43,15,32,90
066090402,9,1,0,10
066090403,5,6,3,14
066090404,19,15,10,44
066090501,9,0,1,10
066090502,20,4,5,29
066090503,24,7,4,35
066090601,7,2,19,28
066090602,3,2,1,6
066090603,5,3,6,14
066090604,4,0,2,6
066090605,18,1,5,24
066090606,14,6,4,24
066090607,79,3,4,86
066090608,45,6,15,66
066090609,9,1,7,17
066090610,16,6,33,55
066090611,4,0,8,12
066090612,1,1,0,2
066090613,53,11,5,69
066090701,2,1,1,4
066090702,2,0,2,4
066090703,1,1,3,5
066090704,2,2,1,5
066090705,9,2,9,20
066090801,0,1,1,2
066090802,2,0,1,3
066090803,1,0,0,1
066090804,2,2,1,5
066090901,9,6,8,23
066090902,189,31,22,242
066090903,166,23,29,218
066090904,144,13,19,176
066090905,88,28,33,149
066090906,6,6,5,17
066091001,101,16,60,177
066091002,106,15,15,136
066091003,4,1,5,10
066091004,5,1,5,11
066091005,14,2,13,29
066091006,2,2,1,5
066091007,69,11,58,138
066091101,1,2,10,13
066091102,12,5,1,18
066091201,8,3,3,14
066091202,7,6,2,15
066091301,42,10,21,73
066091302,9,2,0,11
066091303,2,0,2,4
066091304,22,1,2,25
066091305,6,1,2,9
066091306,16,3,5,24
066091401,10,3,0,13
066091402,15,4,1,20
066091501,49,7,17,73
066091502,7,0,0,7
066091503,1,1,1,3
066091601,3,3,1,7
066091602,2,7,1,10
066091603,13,2,1,16
066091604,0,0,0,0
066091701,272,39,9,320
066091702,208,48,25,281
066091703,15,9,1,25
066091704,11,2,0,13
066091705,0,1,1,2
066091706,2,1,1,4
066091707,13,4,5,22
066091708,10,0,3,13
066091709,5,2,1,8
066091801,12,0,0,12
066091802,2,0,1,3
066091901,296,66,51,413
066091902,169,15,24,208
066091903,338,29,30,397
066091904,225,15,6,246
066091905,183,13,1,197
066091906,324,9,0,333
066091907,344,10,5,359
066091908,301,46,41,388
066091909,225,8,19,252
066160101,21,1,2,24
066160102,13,3,1,17
066160103,26,3,4,33
066160104,34,12,3,49
066160105,14,6,5,25
066160106,1,0,0,1
066160107,28,9,2,39
066160108,10,5,4,19
066160109,7,4,0,11
066160110,21,5,2,28
066160201,9,1,0,10
066160202,2,1,0,3
066160301,59,152,9,220
066160302,160,95,26,281
066160303,194,25,14,233
066160304,208,21,8,237
066160305,192,23,11,226
066160306,157,11,5,173
066160307,166,14,6,186
066160308,40,2,0,42
066160309,124,15,10,149
066230101,112,98,34,244
066230102,224,120,11,355
066230103,202,168,15,385
066230104,183,145,32,360
066230105,206,108,10,324
066230106,189,153,13,355
066230107,177,151,12,340
066230108,183,169,14,366
066230109,155,104,11,270
066230110,57,64,36,157
066230111,202,39,4,245
066230112,100,118,15,233
066230201,145,94,6,245
066230202,148,86,4,238
066230203,231,73,1,305
066230204,242,60,2,304
066230205,159,65,4,228
066230206,195,89,5,289
066230207,154,100,8,262
066230208,188,92,3,283
066230209,217,98,6,321
066230301,146,38,0,184
066230302,228,141,8,377
066230303,137,88,0,225
066230304,160,49,3,212
066230305,193,57,1,251
066230306,221,56,7,284
066230307,173,77,1,251
066230308,185,44,1,230
066230309,144,69,2,215
066230310,224,42,24,290
066230311,132,94,2,228
066230401,219,116,4,339
066230402,161,151,1,313
066230403,199,94,0,293
066230404,171,84,0,255
066230405,206,105,6,317
066230406,253,136,4,393
066230407,215,102,9,326
066230408,225,144,12,381
066230409,116,122,47,285
066230410,141,100,32,273
066230501,178,153,1,332
066230502,125,122,1,248
066230503,184,149,2,335
066230504,147,157,4,308
066230505,222,181,7,410
066230506,214,152,29,395
066230507,172,169,32,373
066230508,170,135,4,309
066230509,134,121,2,257
066230510,194,167,1,362
066230601,4,0,0,4
066230602,7,2,0,9
066230603,0,0,0,0
066230701,98,69,12,179
066230702,98,92,14,204
066230703,11,5,6,22
066230704,2,13,0,15
066230705,3,4,2,9
066230801,33,19,5,57
066230802,5,3,1,9
066230803,5,4,0,9
066230901,15,4,1,20
066230902,114,44,7,165
066230903,46,40,8,94
066230904,16,11,0,27
066231001,2,2,3,7
066231002,6,8,1,15
066231003,2,4,0,6
066231101,13,6,2,21
066231102,19,4,5,28
066231103,115,21,23,159
066231104,117,39,21,177
066231201,4,6,2,12
066231202,7,1,1,9
066231301,2,1,0,3
066231302,2,3,3,8
066231401,203,59,11,273
066231402,147,68,42,257
066231403,14,11,0,25
066231404,51,11,2,64
066231501,16,14,42,72
066231502,8,5,3,16
066231503,6,4,3,13
066231601,59,35,33,127
066231602,9,5,1,15
066231603,6,6,3,15
066231604,15,5,2,22
066231605,132,83,10,225
066231701,7,10,2,19
066231702,4,1,1,6
066231703,9,3,0,12
066231801,9,7,2,18
066231802,71,32,18,121
066231803,116,77,15,208
066231804,7,7,0,14
066231901,3,2,1,6
066231902,11,9,0,20
066232001,91,66,68,225
066232002,112,127,155,394
066232003,260,29,5,294
066232004,59,24,21,104
066232005,115,60,106,281
066232006,140,76,38,254
066232007,248,147,31,426
066232008,280,99,9,388
066232009,190,91,58,339
066232010,94,123,35,252
066232011,193,202,115,510
066232012,30,69,54,153
066232101,24,32,73,129
066232102,37,33,7,77
066232103,3,0,1,4
066232104,210,27,2,239
066232105,19,1,1,21
066232106,20,20,27,67
066232107,78,38,26,142
066232201,152,109,1,262
066232202,139,99,1,239
066232203,163,96,0,259
066232204,132,144,4,280
066232205,177,134,2,313
066232206,149,136,3,288
066232207,195,115,8,318
066232208,167,188,13,368
066232209,60,21,0,81
066232210,81,75,3,159
066232211,4,5,0,9
066232212,8,8,1,17
066232213,107,82,2,191
066232214,28,23,0,51
066232301,111,63,6,180
066232302,7,4,1,12
066232303,2,10,0,12
066232304,66,37,14,117
066232305,12,12,1,25
066232306,83,53,23,159
066232401,7,7,5,19
066232402,4,1,0,5
066232403,7,7,2,16
066232404,2,5,1,8
066232501,72,35,7,114
066232502,13,4,0,17
066232503,7,4,0,11
066232504,26,21,28,75
066232505,8,5,0,13
066232506,54,36,9,99
066232601,7,3,15,25
066232602,14,10,1,25
066232701,85,35,23,143
066232702,1,3,0,4
066232703,5,2,2,9
066232704,6,3,0,9
066232801,98,139,149,386
066232802,152,152,62,366
066232803,129,31,11,171
066232804,159,149,9,317
066232805,214,111,3,328
066232806,225,167,10,402
066232807,184,112,29,325
066232808,187,112,47,346
066232809,234,98,14,346
066232810,122,132,9,263
066232811,118,35,25,178
066232812,168,157,30,355
066232813,268,140,22,430
066232901,201,110,54,365
066232902,132,179,65,376
066232903,134,65,77,276
066232904,70,74,33,177
066232905,197,41,6,244
066232906,163,103,51,317
066232907,80,110,120,310
066232908,54,28,56,138
066232909,107,103,37,247
066232910,102,54,65,221
066232911,54,108,58,220
066300101,80,22,8,110
066300201,6,4,1,11
066300202,250,20,5,275
066300203,129,25,17,171
066300204,119,32,9,160
066300205,168,14,1,183
066300301,23,8,11,42
066300401,25,10,12,47
066300501,38,17,10,65
066300601,71,31,31,133
066380101,23,8,12,43
066380102,195,87,174,456
066380103,129,76,63,268
066380104,48,19,34,101
066380105,108,40,32,180
066380106,94,97,121,312
066380107,54,51,238,343
066380108,78,91,268,437
066380109,172,104,107,383
066380110,82,97,237,416
066380111,350,90,135,575
066380112,561,116,39,716
066380113,418,120,117,655
066380114,229,53,19,301
066380201,313,20,2,335
066380202,306,63,4,373
066380203,83,70,69,222
066380204,149,96,112,357
066380205,132,117,87,336
066380206,70,90,72,232
066380207,79,72,102,253
066380208,105,77,54,236
066380209,119,104,60,283
066380210,170,84,44,298
066380211,228,137,57,422
066380212,159,70,15,244
066380213,155,71,43,269
066380214,103,63,81,247
066380301,48,58,238,344
066380302,69,92,208,369
066380303,118,115,108,341
066380304,76,86,315,477
066380305,109,55,54,218
066380306,96,75,48,219
066380307,128,31,0,159
066380308,115,26,0,141
066380309,672,116,25,813
066380310,202,30,8,240
066380311,188,130,113,431
066380312,219,153,98,470
066380313,205,111,74,390
066380401,104,116,113,333
066380402,118,134,110,362
066380403,56,89,103,248
066380404,160,57,12,229
066380405,92,111,337,540
066380406,178,44,59,281
066380407,131,92,79,302
066380408,116,85,64,265
066380409,166,64,9,239
066380410,196,76,9,281
066380411,184,45,11,240
066380412,224,42,0,266
066380501,76,10,2,88
066380502,57,7,1,65
066380503,61,19,2,82
066380504,52,4,0,56
066380505,154,27,2,183
066380506,122,24,1,147
066380507,122,50,32,204
066380508,83,74,91,248
066380509,83,59,101,243
066380510,144,114,87,345
066380511,121,90,69,280
066380512,99,80,85,264
066380513,61,85,136,282
066380514,82,88,176,346
066380601,150,87,104,341
066380602,185,56,40,281
066380603,225,105,64,394
066380604,122,105,141,368
066380605,138,109,123,370
066380606,75,85,163,323
066380607,94,78,179,351
066380608,140,57,27,224
066380609,106,31,5,142
066380610,145,119,141,405
066380611,73,58,138,269
066380612,125,94,78,297
066380613,154,74,72,300
066380614,142,138,116,396
066380615,108,88,136,332
066380701,45,118,227,390
066380702,90,86,89,265
066380703,80,65,130,275
066380704,124,96,81,301
066380705,141,63,44,248
066380706,113,27,8,148
066380707,248,97,26,371
066380708,156,45,7,208
066380709,111,58,42,211
066380710,124,79,106,309
066380711,139,57,31,227
066380712,133,78,81,292
066380713,129,78,72,279
066380801,173,52,0,225
066380802,188,27,3,218
066380803,244,47,2,293
066380804,129,26,4,159
066380805,120,27,2,149
066380806,95,55,38,188
066380807,105,39,17,161
066380808,163,132,152,447
066380809,74,38,23,135
066380810,127,46,17,190
066380811,146,37,4,187
066380812,118,32,6,156
066380813,52,34,36,122
066380814,26,29,84,139
066380815,32,10,3,45
066380816,107,39,42,188
066380901,120,46,13,179
066380902,110,41,13,164
066380903,118,70,63,251
066380904,57,71,50,178
066380905,149,73,84,306
066380906,157,128,104,389
066380907,105,141,269,515
066380908,49,73,215,337
066380909,102,100,125,327
066380910,63,94,165,322
066380911,102,99,141,342
066380912,59,83,162,304
066380913,76,74,220,370
066381001,107,100,139,346
066381002,102,106,105,313
066381003,173,92,86,351
066381004,108,79,72,259
066381005,193,55,8,256
066381006,136,101,137,374
066381007,147,115,154,416
066381008,137,85,268,490
066381009,87,98,115,300
066381010,117,115,160,392
066381011,191,55,35,281
066381101,12,20,110,142
066381102,16,19,91,126
066381103,87,98,344,529
066381104,122,96,185,403
066381105,207,62,45,314
066381106,114,63,90,267
066381107,210,78,40,328
066381108,117,91,168,376
066381109,103,84,124,311
066381110,70,113,257,440
066381111,24,37,152,213
066381112,18,42,123,183
066381201,92,13,5,110
066381202,37,11,4,52
066381203,196,79,75,350
066381204,55,24,12,91
066381205,399,52,32,483
066381206,242,49,14,305
066381207,9,1,1,11
066381208,12,3,0,15
066381209,123,12,1,136
066381210,39,27,25,91
066381211,38,25,87,150
066381301,214,80,47,341
066381302,90,81,111,282
066381303,64,50,135,249
066381304,147,40,46,233
066381305,166,100,98,364
066381306,166,101,230,497
066381307,167,97,141,405
066381308,78,73,101,252
066381309,69,50,153,272
066381310,46,65,206,317
066381311,35,51,221,307
066381312,208,27,2,237
066381313,324,43,14,381
066381314,79,21,0,100
066381315,61,25,29,115
066381316,45,45,86,176
066381317,84,18,7,109
066381318,182,102,111,395
066381319,122,44,26,192
066381401,114,35,15,164
066381402,112,81,37,230
066381403,82,95,221,398
066381404,43,47,158,248
066381405,86,77,136,299
066381406,117,89,115,321
066381407,138,88,131,357
066381408,100,71,150,321
066381409,65,82,189,336
066381501,59,25,42,126
066381502,87,37,19,143
066381503,239,67,26,332
066381504,193,72,76,341
066381505,105,51,18,174
066381506,235,46,21,302
066381507,224,106,94,424
066381508,220,94,74,388
066381509,106,81,165,352
066381510,143,74,171,388
066381511,161,49,60,270
066381512,204,127,79,410
066381513,171,116,151,438
066381514,97,97,124,318
066381601,263,59,7,329
066381602,174,22,2,198
066381603,310,41,17,368
066381604,200,24,4,228
066381605,151,24,7,182
066381606,230,63,22,315
066381607,247,85,8,340
066381608,233,42,7,282
066381609,182,51,30,263
066381610,165,83,61,309
066381611,235,63,51,349
066381701,142,55,30,227
066381702,112,28,21,161
066381703,217,59,32,308
066381704,163,68,25,256
066381705,195,42,3,240
066381706,134,30,26,190
066381707,217,35,6,258
066381708,298,35,4,337
066381709,142,17,2,161
066381710,145,45,2,192
066381711,156,29,3,188
066381712,240,74,29,343
066381713,314,83,6,403
066381714,275,49,5,329
066381801,69,82,227,378
066381802,77,84,260,421
066381803,115,92,153,360
066381804,326,66,7,399
066381805,95,33,13,141
066381806,110,87,122,319
066381807,128,70,132,330
066381808,160,83,95,338
066381809,188,81,22,291
066381810,40,39,100,179
066381901,157,46,95,298
066381902,253,92,94,439
066381903,125,73,119,317
066381904,18,23,101,142
066381905,227,73,46,346
066381906,97,25,5,127
066382001,9,9,2,20
066382002,179,58,19,256
066382003,223,58,15,296
066382004,15,7,0,22
066382005,33,62,117,212
066382006,41,38,89,168
066382007,63,58,102,223
066382008,108,32,15,155
066382009,94,60,62,216
066382101,76,28,10,114
066382102,20,33,2,55
066382103,41,18,6,65
066382104,245,32,6,283
066382105,44,13,3,60
066382106,10,6,0,16
066382107,218,39,2,259
066382108,0,2,1,3
066382201,232,156,133,521
066382202,92,82,75,249
066382203,96,54,87,237
066382204,78,81,179,338
066382205,60,79,144,283
066382206,193,173,183,549
066382207,118,61,39,218
066382208,81,81,126,288
066382209,80,84,78,242
066382210,113,29,19,161
066382211,29,26,70,125
066382212,28,32,68,128
066382213,28,40,149,217
066382214,78,103,206,387
066382301,25,35,141,201
066382302,25,27,116,168
066382303,31,14,23,68
066382304,170,15,17,202
066382305,3,1,2,6
066382306,22,7,1,30
066382307,33,19,7,59
066440101,51,13,0,64
066440102,46,10,1,57
066440103,95,14,0,109
066440104,34,9,0,43
066440105,26,6,0,32
066440106,41,11,0,52
066440107,43,4,0,47
066440108,17,3,0,20
066440109,10,2,0,12
066440110,28,5,1,34
066440111,22,3,1,26
066440201,149,35,11,195
066440202,72,21,0,93
066440203,36,10,2,48
066440204,32,1,0,33
066440205,31,4,1,36
066440206,60,8,3,71
066440207,70,19,1,90
066440208,60,19,0,79
066440301,130,56,40,226
066440302,100,33,13,146
066440303,2,3,0,5
066440304,121,38,10,169
066440305,57,20,6,83
066440306,40,7,2,49
066440307,68,19,2,89
066440308,28,6,0,34
066440309,29,9,1,39
066440310,18,11,1,30
066440311,37,18,2,57
066440312,20,6,1,27
066440313,54,15,7,76
066440314,17,4,0,21
066440315,14,3,1,18
066440316,8,2,0,10
066440401,64,12,1,77
066440402,50,12,2,64
066440403,50,5,0,55
066440404,33,12,1,46
066440405,51,7,0,58
066440406,20,5,1,26
066440407,38,8,1,47
066440408,31,4,0,35
066440501,34,4,3,41
066440502,61,12,9,82
066440503,129,67,6,202
066440504,100,25,12,137
066440505,318,91,14,423
066440506,254,116,9,379
066440507,158,54,4,216
066440508,80,20,1,101
066440509,81,17,1,99
066440510,43,3,0,46
066440511,46,7,0,53
066440512,69,5,5,79
066440513,32,3,0,35
066440601,172,48,32,252
066440602,75,34,28,137
066440603,66,42,17,125
066440604,90,24,6,120
066440605,65,18,1,84
066440606,69,42,6,117
066440607,54,61,37,152
066440608,146,86,48,280
066440609,111,65,44,220
066440610,76,61,48,185
066440611,19,26,23,68
066440612,129,73,72,274
066440613,91,46,54,191
066440614,65,48,23,136
066440615,116,40,65,221
066440616,75,37,5,117
066440617,41,13,1,55
066440618,53,12,4,69
066440619,50,30,4,84
066440620,83,16,4,103
066440621,66,22,5,93
066440622,94,31,15,140
066480101,152,101,85,338
066480102,155,75,75,305
066480103,243,108,58,409
066480104,244,61,24,329
066480105,225,96,38,359
066480106,273,66,27,366
066480107,162,61,28,251
066480108,128,64,61,253
066480109,136,61,54,251
066480110,173,149,111,433
066480111,134,107,86,327
066480112,107,116,126,349
066480113,129,110,77,316
066480114,98,115,220,433
066480115,37,62,149,248
066480116,43,71,126,240
066480117,67,55,138,260
066480118,45,57,154,256
066480119,62,77,150,289
066480201,54,95,224,373
066480202,28,51,165,244
066480203,120,14,22,156
066480204,33,43,225,301
066480205,28,33,201,262
066480206,16,34,222,272
066480207,108,94,162,364
066480208,113,105,137,355
066480209,118,119,83,320
066480210,184,90,111,385
066480211,97,61,67,225
066480212,203,92,57,352
066480213,263,84,32,379
066480301,171,86,30,287
066480302,152,65,122,339
066480303,11,12,35,58
066480304,58,80,164,302
066480305,35,43,143,221
066480306,60,64,147,271
066480307,45,46,128,219
066480308,101,118,193,412
066480309,170,118,89,377
066480310,131,108,165,404
066480311,12,31,204,247
066480312,92,97,128,317
066480313,147,27,2,176
066480314,73,26,11,110
066480315,55,89,176,320
066480316,14,6,90,110
066480401,71,72,134,277
066480402,39,44,145,228
066480403,43,64,187,294
066480404,46,57,205,308
066480405,1,7,11,19
066480406,38,37,152,227
066480407,23,3,9,35
066480408,4,2,1,7
066480409,16,10,11,37
066480410,19,14,10,43
066480411,42,4,0,46
066480501,35,60,125,220
066480502,76,111,178,365
066480503,28,93,128,249
066480504,84,102,112,298
066480505,39,107,111,257
066480506,84,162,208,454
066480507,120,162,148,430
066480508,115,84,57,256
066480509,232,103,45,380
066480510,115,57,57,229
066480511,122,60,147,329
066480512,38,81,137,256
066480513,142,115,160,417
066480514,167,98,26,291
066510101,7,0,0,7
066510102,8,0,0,8
066510103,21,3,3,27
066510104,187,10,3,200
066510105,239,25,5,269
066510106,163,22,7,192
066510107,180,0,0,180
066510108,324,7,1,332
066510109,221,4,0,225
066510110,259,13,1,273
066510111,170,9,2,181
066510112,4,2,0,6
066510201,11,1,1,13
066510301,11,0,0,11
066510302,7,1,1,9
066510303,6,0,0,6
066510304,4,2,1,7
066510401,6,2,3,11
066510402,5,2,2,9
066510403,14,1,0,15
066510404,10,0,0,10
066510405,5,1,0,6
066510406,3,0,0,3
066510407,11,0,1,12
066510501,3,0,0,3
066510502,1,2,0,3
066510503,10,0,0,10
066510504,197,10,3,210
066510505,170,12,7,189
066510506,302,16,7,325
066510507,219,14,3,236
066510508,337,13,4,354
066510509,233,74,3,310
066510510,246,13,9,268
066510511,273,40,5,318
066510601,6,1,1,8
066510602,6,0,1,7
066510603,7,1,0,8
066510604,8,0,2,10
066510605,2,1,0,3
066510606,7,2,0,9
066510607,12,0,0,12
066510608,2,1,1,4
066510609,6,1,0,7
066510610,5,1,0,6
066510701,126,11,3,140
066510702,10,2,0,12
066510703,8,0,0,8
066510704,5,0,0,5
066510705,4,0,0,4
066510706,7,1,0,8
066510707,9,1,1,11
066510708,3,0,1,4
066510709,3,0,0,3
066510710,3,2,0,5
066510711,4,1,0,5
066510712,5,1,0,6
066510713,8,2,1,11
066510714,226,8,18,252
066510715,230,14,10,254
066510716,103,5,8,116
066510801,75,12,3,90
066510802,128,6,2,136
066510803,1,0,0,1
066510804,6,1,0,7
066510805,2,0,0,2
066510806,1,0,1,2
066510807,1,1,0,2
066510808,10,1,0,11
066510809,7,1,0,8
066510810,9,1,0,10
066510811,4,0,0,4
066510812,2,1,0,3
066510813,8,0,0,8
066510814,4,0,0,4
066510815,5,0,0,5
066510816,3,0,0,3
066510817,12,3,0,15
066510818,145,6,4,155
066510901,3,2,2,7
066510902,11,5,0,16
066511001,46,5,1,52
066511002,2,1,1,4
066511003,9,1,1,11
066511004,2,2,0,4
066511005,3,0,0,3
066511101,5,3,1,9
066511102,6,0,1,7
066511103,5,2,0,7
066511104,5,3,2,10
066511201,4,1,2,7
066511202,4,5,0,9
066511203,11,2,2,15
066511301,3,0,0,3
066511302,24,9,2,35
066511303,13,1,1,15
066511304,10,1,0,11
066511305,7,2,0,9
066511306,13,1,1,15
066511307,15,1,2,18
066511308,108,9,5,122
066511309,117,18,5,140
066511310,61,5,4,70
066511311,11,2,0,13
066511312,8,1,0,9
066550101,5,3,13,21
066550102,10,2,5,17
066550103,21,13,5,39
066550104,20,6,3,29
066550105,33,13,4,50
066550106,15,4,0,19
066550201,24,8,4,36
066550202,114,98,9,221
066550203,178,33,7,218
066550204,243,50,12,305
066550205,170,47,13,230
066550206,82,42,38,162
066550207,20,6,3,29
066550208,21,4,0,25
066550209,29,25,6,60
066550210,118,25,11,154
066550211,123,45,4,172
066550301,28,6,4,38
066550302,13,8,12,33
066550303,16,15,12,43
066550304,18,12,10,40
066550305,30,25,10,65
066550306,34,14,2,50
066550307,35,5,5,45
066550308,64,34,20,118
066550309,218,37,13,268
066550310,170,58,37,265
066550311,316,75,11,402
066550312,168,36,3,207
066650101,127,71,32,230
066650102,103,69,19,191
066650103,1,0,6,7
066650104,4,6,3,13
066650105,21,19,26,66
066650201,17,5,0,22
066650202,287,12,0,299
066650203,366,29,3,398
066650204,307,22,1,330
066650205,352,38,44,434
066650206,101,58,68,227
066650207,275,56,6,337
066650208,212,50,11,273
066650209,17,4,6,27
066650301,12,3,3,18
066650302,192,61,24,277
066650303,79,60,86,225
066650304,8,1,8,17
066650305,122,16,4,142
066650306,147,16,3,166
066650307,89,22,18,129
066650308,31,20,44,95
066650309,191,50,32,273
066650310,410,31,2,443
066650311,19,6,7,32
066650401,88,14,19,121
066650402,20,18,6,44
066650403,17,4,5,26
066650404,12,5,1,18
066650501,4,2,5,11
066650502,18,5,2,25
066650503,20,6,6,32
066650601,12,1,0,13
066650701,26,9,1,36
066650801,7,3,3,13
066650901,13,8,5,26
066651001,210,61,28,299
066651002,236,62,35,333
066651003,5,7,2,14
066651004,13,7,3,23
066651005,6,1,0,7
066651006,7,0,1,8
066651007,204,82,31,317
066651008,195,121,50,366
066651101,13,6,2,21
066651201,0,0,0,0
066651202,0,0,2,2
066651301,4,2,2,8
066651302,0,0,0,0
066651303,220,62,24,306
066651304,227,58,13,298
066651305,310,37,43,390
066651306,292,63,41,396
066651307,236,20,6,262
066651308,187,31,22,240
066651309,177,108,76,361
066651310,257,37,9,303
066651311,307,43,19,369
066651312,342,89,52,483
066720101,5,3,2,10
066720102,10,7,4,21
066720103,4,2,2,8
066720104,12,2,0,14
066720201,2,2,7,11
066720202,8,5,2,15
066720301,1,0,2,3
066720302,7,7,1,15
066720303,8,1,2,11
066720401,10,1,3,14
066720402,15,3,1,19
066720403,26,4,9,39
066720404,12,1,2,15
066720501,6,2,6,14
066720502,1,3,2,6
066720503,1,7,0,8
066720504,4,1,1,6
066720601,2,2,3,7
066720602,6,1,2,9
066720603,1,1,2,4
066720604,3,1,2,6
066720701,21,3,8,32
066720702,14,9,5,28
066720801,7,2,3,12
066720802,8,4,2,14
066720901,10,7,1,18
066720902,9,4,0,13
066720903,10,4,1,15
066721001,12,4,1,17
066721002,14,3,3,20
066721101,4,3,0,7
066721102,12,3,1,16
066721103,11,3,1,15
066721104,8,5,2,15
066721201,337,79,49,465
066721202,232,19,11,262
066721203,272,40,11,323
066721204,318,37,13,368
066721205,319,19,6,344
066721206,318,18,3,339
066721207,335,28,7,370
066721208,337,26,13,376
066721209,249,26,9,284
066721210,507,85,35,627
066721211,7,3,10,20
066721212,18,6,19,43
066721213,2,1,10,13
066721214,40,89,36,165
066721215,222,45,19,286
066721216,257,19,2,278
066721301,9,2,2,13
066721302,6,4,0,10
066721303,16,3,0,19
066721401,5,2,2,9
066721402,32,10,7,49
066721403,45,10,5,60
066790101,54,15,9,78
066790102,15,4,2,21
066790103,11,6,0,17
066790104,6,3,2,11
066790105,62,16,13,91
066790201,12,3,3,18
066790202,7,4,1,12
066790301,17,1,3,21
066790302,98,30,19,147
066790303,118,26,15,159
066790304,91,12,8,111
066790305,69,21,16,106
066790306,10,3,1,14
066790401,0,3,3,6
066790402,8,4,0,12
066790403,7,3,0,10
066790404,8,0,0,8
066790405,5,1,0,6
066790501,4,0,0,4
066790502,12,11,3,26
066790503,8,1,1,10
066790601,246,57,46,349
066790602,129,57,72,258
066790603,165,40,26,231
066790604,176,48,34,258
066790605,292,63,24,379
066790606,207,32,22,261
066790607,218,18,25,261
066790608,127,39,17,183
066790609,154,70,20,244
066790610,253,23,14,290
066790611,243,11,9,263
066790612,181,15,20,216
066790613,195,40,0,235
066790701,5,6,1,12
066790702,8,4,1,13
066790801,18,3,0,21
066790802,15,4,12,31
066790901,123,21,18,162
066790902,14,12,4,30
066790903,5,8,0,13
066790904,48,18,12,78
066790905,118,31,9,158
066791001,89,13,7,109
066791002,4,5,1,10
066791003,14,7,1,22
066791101,10,6,2,18
066791102,24,4,13,41
066791103,15,0,1,16
066791201,60,26,6,92
066791202,3,3,10,16
066791203,12,3,5,20
066791204,20,8,3,31
066791205,2,0,0,2
066791206,20,5,3,28
066860101,115,68,8,191
066860102,275,75,28,378
066860103,234,83,8,325
066860104,212,97,25,334
066860105,216,55,5,276
066860106,180,69,10,259
066860107,183,47,4,234
066860108,176,69,3,248
066860109,182,68,1,251
066860110,172,126,43,341
066860201,151,75,17,243
066860202,82,40,6,128
066860203,16,6,6,28
066860204,1,0,1,2
066860205,1,1,1,3
066860206,3,0,0,3
066860207,1,1,0,2
066860208,4,1,0,5
066860209,4,6,0,10
066860210,0,1,0,1
066860301,7,6,1,14
066860302,11,3,10,24
066860303,8,4,0,12
066860304,15,4,2,21
066860401,2,2,0,4
066860402,4,3,0,7
066860403,2,2,0,4
066860501,8,1,1,10
066860502,8,3,2,13
066860601,122,46,5,173
066860602,32,12,11,55
066860603,14,8,2,24
066860604,14,9,1,24
066860605,6,8,5,19
066860606,11,5,2,18
066860607,6,2,0,8
066860608,89,35,9,133
066860609,106,59,20,185
066860701,8,5,8,21
066860702,5,5,0,10
066860703,7,8,0,15
066860704,1,0,0,1
066860705,3,3,1,7
066860706,3,4,0,7
066860707,8,5,3,16
066860801,5,2,0,7
066860802,1,4,0,5
066860803,6,2,1,9
066860804,5,3,0,8
066860805,14,9,9,32
066860901,5,0,2,7
066860902,3,3,0,6
066860903,5,3,1,9
066861001,2,2,0,4
066861002,17,8,6,31
066861003,13,2,0,15
066861101,204,70,46,320
066861102,6,2,2,10
066861103,6,5,2,13
066861201,7,3,0,10
066861202,3,1,0,4
066861203,9,1,5,15
066861204,6,0,1,7
066861301,68,48,17,133
066861302,93,60,41,194
066861303,158,5,1,164
066861304,130,91,37,258
066861305,83,109,63,255
066861306,175,5,1,181
066861307,140,76,10,226
066861308,89,49,7,145
066861309,214,68,8,290
066861310,201,83,7,291
066861311,193,69,0,262
066861312,195,55,2,252
066861313,209,70,0,279
066861314,122,65,1,188
066930101,20,9,18,47
066930102,14,6,3,23
066930201,19,11,2,32
066930202,24,11,5,40
066930203,9,4,3,16
066930301,32,9,8,49
066930302,19,8,5,32
066930303,35,6,14,55
066930304,29,18,7,54
066930305,79,20,52,151
066930306,134,21,25,180
066930307,364,34,22,420
066930308,206,16,11,233
066930309,165,5,7,177
066930310,142,18,13,173
066930311,317,43,30,390
066930312,229,7,3,239
066930313,232,14,19,265
066930314,154,20,11,185
066930315,1,1,2,4
066930316,238,36,31,305
066930317,237,11,4,252
066930318,174,27,37,238
066930319,209,23,47,279
066930401,35,23,5,63
066930402,27,12,7,46
066930501,13,3,0,16
066930502,17,1,2,20
066930601,8,5,2,15
066930602,11,3,1,15
066930603,7,2,2,11
066930604,9,10,0,19
066930701,10,6,2,18
066930702,9,3,4,16
066930703,61,10,16,87
066930704,25,7,19,51
067000101,105,8,2,115
067000102,157,10,7,174
067000103,4,3,0,7
067000104,5,0,0,5
067000105,5,1,0,6
067000106,5,1,0,6
067000107,9,2,0,11
067000108,4,0,0,4
067000109,2,0,0,2
067000110,170,12,8,190
067000201,12,2,0,14
067000202,10,0,0,10
067000203,3,2,0,5
067000204,23,52,3,78
067000205,177,15,1,193
067000206,209,12,1,222
067000207,146,4,0,150
067000208,179,8,1,188
067000209,340,13,3,356
067000210,204,7,2,213
067000211,199,30,6,235
067000212,205,22,4,231
067000213,275,17,3,295
067000214,251,42,9,302
067000215,269,35,1,305
067000216,248,25,6,279
067000301,6,1,0,7
067000302,7,3,0,10
067000303,4,2,0,6
067000401,7,7,1,15
067000402,11,3,0,14
067000501,60,5,1,66
067000502,5,1,0,6
067000503,6,1,1,8
067000504,6,0,0,6
067000505,13,6,0,19
067000601,3,0,0,3
067000602,7,5,0,12
067000603,139,8,4,151
067000604,219,22,5,246
067000605,187,43,4,234
067000606,172,9,2,183
067000701,172,20,5,197
067000702,6,1,0,7
067000703,6,1,0,7
067000704,6,1,0,7
067000705,9,4,1,14
067000706,7,0,1,8
067000707,9,1,0,10
067000801,4,3,1,8
067000802,6,0,0,6
067000803,4,0,0,4
067000804,4,2,1,7
067000805,4,2,0,6
067000806,2,1,0,3
067000807,4,3,0,7
067000808,0,0,0,0
067000809,5,0,0,5
067000901,3,2,1,6
067000902,4,1,0,5
067000903,2,2,0,4
067000904,7,0,0,7
067001001,2,2,1,5
067001002,6,2,0,8
067001003,33,11,8,52
067001004,2,1,0,3
067001101,11,3,0,14
067001102,3,2,0,5
067001201,7,1,0,8
067001202,13,2,0,15
067001203,7,1,0,8
067001204,192,20,5,217
067001205,170,9,2,181
067001206,143,5,0,148
067001207,281,19,1,301
067001208,2,0,0,2
067001209,150,19,3,172
067001210,246,14,0,260
067001211,297,14,15,326
067001212,343,20,4,367
067001213,179,13,3,195
067070101,268,48,11,327
067070102,265,161,21,447
067070103,186,25,7,218
067070104,156,43,14,213
067070105,350,20,19,389
067070106,350,36,1,387
067070107,253,18,1,272
067070108,205,11,5,221
067070109,277,21,2,300
067070110,198,29,7,234
067070111,110,23,9,142
067070112,132,65,26,223
067070113,139,64,35,238
067070114,124,19,5,148
067070115,196,40,10,246
067070116,94,58,22,174
067070117,170,60,49,279
067070201,13,10,2,25
067070202,17,10,4,31
067070301,49,28,10,87
067070401,71,49,12,132
067070402,49,24,26,99
067070403,175,65,26,266
067070404,18,19,14,51
067070405,230,26,10,266
067070501,44,21,12,77
067070502,19,9,3,31
067070503,14,10,10,34
067070504,30,6,8,44
067070601,6,2,0,8
067070602,25,13,5,43
067070603,80,38,12,130
067070604,100,39,16,155
067070605,70,44,28,142
067070606,37,13,6,56
067070607,118,23,15,156
067070608,19,9,3,31
067070701,0,1,0,1
067070702,21,15,9,45
067070801,49,16,15,80
067070802,33,16,12,61
067070803,22,13,10,45
067070901,38,13,5,56
067070902,47,13,5,65
067070903,18,7,4,29
067071001,15,6,2,23
067071002,21,11,1,33
067071101,250,58,18,326
067071102,212,84,39,335
067071103,169,44,30,243
067071104,295,49,23,367
067071105,203,47,20,270
067071106,243,30,1,274
067071107,279,19,2,300
067071108,271,21,3,295
067071109,207,8,2,217
067071110,303,48,10,361
067071111,196,31,2,229
067071112,133,45,21,199
067071113,230,74,32,336
067140101,283,82,32,397
067140102,258,68,28,354
067140103,273,21,4,298
067140104,275,38,4,317
067140105,274,73,4,351
067140106,252,50,2,304
067140107,239,76,17,332
067140108,268,38,6,312
067140109,255,34,3,292
067140110,292,71,5,368
067140111,168,47,10,225
067140112,259,29,6,294
067140113,117,32,41,190
067140114,105,95,90,290
067140115,168,23,17,208
067140201,3,3,0,6
067140202,7,7,0,14
067140203,4,5,2,11
067140204,3,1,3,7
067140205,3,2,2,7
067140206,4,6,0,10
067140207,4,7,1,12
067140301,344,218,48,610
067140302,3,4,1,8
067140303,1,2,0,3
067140304,4,1,1,6
067140305,3,4,2,9
067140306,2,2,0,4
067140401,5,4,3,12
067140402,7,7,3,17
067140403,14,6,0,20
067140404,3,2,4,9
067140501,164,40,12,216
067140502,5,7,1,13
067140503,13,6,0,19
067140504,23,18,17,58
067140505,20,7,2,29
067140601,234,60,19,313
067140602,289,26,13,328
067140603,80,28,16,124
067140604,70,78,94,242
067140605,163,74,36,273
067140606,165,51,20,236
067140607,160,65,24,249
067140608,172,55,30,257
067140609,169,40,41,250
067140610,131,22,7,160
067140611,213,78,28,319
067140612,171,72,33,276
067140613,274,89,82,445
067140614,0,6,1,7
067140615,56,40,25,121
067140616,102,47,44,193
067140617,116,86,73,275
067140701,3,3,0,6
067140702,33,15,9,57
067140703,7,2,1,10
067140801,92,34,12,138
067140802,2,3,0,5
067140803,4,3,1,8
067140804,24,13,4,41
067140805,10,9,0,19
067140806,26,31,7,64
067140807,7,1,0,8
067140808,7,4,3,14
067140809,144,39,10,193
067140901,16,11,23,50
067140902,8,5,0,13
067140903,7,5,0,12
067140904,8,6,4,18
067140905,5,0,0,5
067140906,4,7,0,11
067210101,191,9,5,205
067210102,19,2,2,23
067210103,13,2,2,17
067210104,22,10,0,32
067210201,221,5,2,228
067210202,104,4,0,108
067210203,214,4,2,220
067210204,352,26,27,405
067210205,336,13,9,358
067210206,229,3,3,235
067210207,257,12,2,271
067210208,7,0,0,7
067210209,14,4,0,18
067210210,3,0,1,4
067210211,7,2,3,12
067210212,3,3,6,12
067210213,10,2,1,13
067210214,185,34,18,237
067210215,211,17,5,233
067210216,192,11,14,217
067210217,221,11,11,243
067280101,167,71,55,293
067280102,40,12,5,57
067280201,47,22,26,95
067280202,37,20,17,74
067280203,13,8,1,22
067280204,5,5,5,15
067280301,13,0,1,14
067280302,6,6,3,15
067280303,13,9,5,27
067280304,6,2,2,10
067280401,10,6,0,16
067280402,1,0,4,5
067280403,2,2,0,4
067280501,8,6,2,16
067280502,6,3,0,9
067280503,8,5,2,15
067280601,3,5,1,9
067280602,3,4,7,14
067280603,3,0,1,4
067280701,7,4,0,11
067280702,6,1,1,8
067280703,9,10,9,28
067280801,24,5,9,38
067280802,15,6,2,23
067280803,11,5,2,18
067280901,58,24,26,108
067280902,43,23,24,90
067280903,103,13,9,125
067280904,155,39,21,215
067281001,120,43,41,204
067281002,130,12,16,158
067281003,207,39,26,272
067281004,130,16,10,156
067281005,134,12,10,156
067281006,121,9,8,138
067281007,135,15,3,153
067281008,139,21,20,180
067281009,137,20,20,177
067281010,198,37,27,262
067281011,186,24,12,222
067281012,143,15,2,160
067281013,173,17,6,196
067281014,154,8,5,167
067281015,163,23,3,189
067281016,179,15,8,202
067281017,156,19,6,181
067281018,188,34,21,243
067281019,236,38,18,292
067281020,187,41,25,253
067281021,180,28,46,254
067281022,183,40,48,271
067281023,25,8,21,54
067281024,124,51,74,249
067281025,12,4,22,38
067281026,8,5,0,13
067281101,2,3,1,6
067281102,0,9,21,30
067281103,6,4,15,25
067281201,18,3,0,21
067281202,9,6,6,21
067281301,82,31,41,154
067281302,18,13,1,32
067281303,20,0,1,21
067281401,18,7,14,39
067281402,83,23,49,155
067281403,3,1,35,39
067281404,7,3,11,21
067281405,10,8,17,35
067281406,30,17,7,54
067281407,6,9,3,18
067281408,11,7,10,28
067281501,26,8,14,48
067281502,10,8,2,20
067281503,11,5,6,22
067281601,5,4,1,10
067281602,6,2,0,8
067281603,13,4,1,18
067350101,114,33,5,152
067350102,122,27,14,163
067350103,201,31,10,242
067350104,212,23,1,236
067350105,335,28,2,365
067350106,268,78,5,351
067350107,274,46,4,324
067350108,191,29,6,226
067350109,273,63,20,356
067350110,301,63,15,379
067350201,108,43,32,183
067350202,17,5,0,22
067350203,3,1,0,4
067350204,37,9,0,46
067350205,33,7,2,42
067350206,22,8,1,31
067350207,16,5,0,21
067350208,11,2,1,14
067350301,88,33,23,144
067350302,16,5,3,24
067350303,11,4,0,15
067350304,9,4,3,16
067350305,13,6,2,21
067350306,26,12,0,38
067350307,19,4,4,27
067350308,109,43,21,173
067350401,10,1,1,12
067350402,30,11,4,45
067350403,17,4,1,22
067350404,79,25,8,112
067350501,6,2,0,8
067350502,1,3,0,4
067350503,10,3,1,14
067350504,1,1,0,2
067350601,11,2,1,14
067350602,3,6,0,9
067350603,1,1,0,2
067350701,170,36,20,226
067350702,247,63,23,333
067350703,278,57,7,342
067350704,112,16,12,140
067350705,269,71,10,350
067350706,306,41,36,383
067350707,248,55,31,334
067350708,254,69,10,333
067350709,234,62,13,309
067350710,129,68,39,236
067420101,16,2,1,19
067420201,36,18,3,57
067420301,18,8,1,27
067420401,275,49,5,329
067420402,212,82,10,304
067420403,219,13,3,235
067420404,213,31,0,244
067420405,180,41,6,227
067420406,121,52,10,183
067420407,172,61,13,246
067420408,154,36,1,191
067420409,3,11,19,33
067420410,49,25,29,103
067420411,0,1,0,1
067420412,2,1,0,3
067420413,168,80,8,256
067420414,127,50,14,191
067420501,17,12,0,29
067420601,5,3,1,9
067420701,11,5,2,18
067420702,32,20,3,55
067420801,18,11,0,29
067420901,19,15,4,38
067421001,8,7,1,16
067421002,44,15,2,61
067630101,258,69,13,340
067630102,278,29,5,312
067630103,307,38,16,361
067630104,300,43,7,350
067630105,237,43,17,297
067630106,181,17,0,198
067630107,202,7,0,209
067630108,305,11,0,316
067630109,351,26,4,381
067630110,241,42,3,286
067630111,303,43,4,350
067630112,199,25,2,226
067630113,232,41,2,275
067630114,237,26,3,266
067630115,312,53,20,385
067630201,103,14,0,117
067630202,22,8,39,69
067630203,203,26,8,237
067630204,223,58,19,300
067630205,324,69,14,407
067630206,324,32,2,358
067630207,273,38,2,313
067630208,147,9,0,156
067630209,288,24,2,314
067630210,280,26,2,308
067630211,311,30,4,345
067630212,166,2,0,168
067630213,98,1,0,99
067630301,324,10,1,335
067630302,324,25,1,350
067630303,203,22,1,226
067630304,314,22,0,336
067630305,227,5,1,233
067630306,254,43,4,301
067630307,306,37,3,346
067630308,348,14,1,363
067630309,356,30,10,396
067630310,235,21,0,256
067630311,240,29,7,276
067630401,157,68,86,311
067630402,292,44,7,343
067630403,202,78,9,289
067630404,165,42,16,223
067630405,247,56,6,309
067630406,219,52,1,272
067630407,119,55,17,191
067630408,266,46,2,314
067630409,251,13,4,268
067630410,134,48,12,194
067630501,179,23,12,214
067630502,70,57,132,259
067630503,190,57,0,247
067630504,143,18,2,163
067630505,154,55,20,229
067630506,194,107,39,340
067630507,271,49,4,324
067630508,107,66,30,203
067630509,107,94,41,242
067630510,138,58,23,219
067630511,281,106,18,405
067630512,55,29,5,89
067630513,223,65,12,300
067630514,200,78,42,320
067630515,213,46,2,261
067630516,174,46,3,223
067630517,134,79,26,239
067630518,173,73,39,285
067630601,107,266,37,410
067630602,120,76,64,260
067630603,216,28,38,282
067630604,131,129,80,340
067630605,111,93,95,299
067630606,96,109,124,329
067630607,148,114,101,363
067630608,91,136,145,372
067630609,82,101,65,248
067630610,110,111,36,257
067630611,94,90,70,254
067630612,128,63,49,240
067630613,159,92,37,288
067630614,209,91,34,334
067630615,189,124,96,409
067630701,12,3,9,24
067630702,40,80,121,241
067630703,189,96,50,335
067630704,216,57,17,290
067630705,195,76,31,302
067630706,270,114,37,421
067630707,222,67,13,302
067630708,167,57,43,267
067630709,177,35,2,214
067630710,318,54,4,376
067630711,119,161,164,444
067630712,111,28,9,148
067630801,160,41,18,219
067630802,130,118,54,302
067630803,168,51,14,233
067630804,241,97,56,394
067630805,133,94,68,295
067630806,182,68,44,294
067630807,198,59,23,280
067630808,226,102,39,367
067630809,159,91,88,338
067630810,115,81,41,237
067630811,169,79,33,281
067630812,24,37,68,129
067630813,86,96,85,267
067630901,211,30,1,242
067630902,62,60,57,179
067630903,21,34,41,96
067630904,65,19,16,100
067631001,8,2,7,17
067631002,1,1,1,3
067631101,277,53,30,360
067631102,310,51,22,383
067631103,12,2,3,17
067631201,99,34,15,148
067631202,13,3,2,18
067631203,13,8,1,22
067631301,5,1,0,6
067631302,14,2,1,17
067631401,209,66,13,288
067631402,5,2,4,11
067631403,12,3,3,18
067631501,12,7,5,24
067631601,165,15,7,187
067631602,194,40,9,243
067631603,7,7,2,16
067631701,292,66,5,363
067631702,260,24,1,285
067631703,211,55,1,267
067631704,288,64,11,363
067631705,210,47,9,266
067631706,239,58,17,314
067631707,302,85,27,414
067631708,163,48,18,229
067631709,153,52,23,228
067631801,219,84,34,337
067631802,240,10,1,251
067631803,146,109,66,321
067631804,102,80,40,222
067631805,144,49,14,207
067631806,77,10,30,117
067631807,172,4,4,180
067631808,165,0,1,166
067631809,209,2,0,211
067631810,319,41,1,361
067631811,259,37,3,299
067631812,74,33,51,158
067631813,6,3,2,11
067631814,139,88,66,293
067631815,65,54,47,166
067631816,104,56,54,214
067631901,1,6,5,12
067631902,1,4,2,7
067631903,32,30,3,65
067631904,12,6,3,21
067631905,222,87,34,343
067631906,127,39,14,180
067631907,8,7,2,17
067631908,7,10,25,42
067631909,256,12,7,275
067631910,259,14,5,278
067631911,165,18,2,185
067632001,65,23,11,99
067632002,48,26,11,85
067632003,123,67,35,225
067632004,29,10,1,40
067632005,61,22,0,83
067632006,249,72,11,332
067632007,117,26,9,152
067632008,226,87,21,334
067632009,242,47,8,297
067632010,188,35,3,226
067632011,77,61,46,184
067632012,155,58,10,223
067632013,140,82,28,250
067632101,0,0,10,10
067700101,54,38,26,118
067700102,87,53,38,178
067700103,228,132,54,414
067700104,161,118,65,344
067700105,254,105,52,411
067700106,285,85,7,377
067700107,275,76,19,370
067700108,252,39,0,291
067700109,242,46,1,289
067700110,210,42,1,253
067700111,190,74,43,307
067700201,4,1,3,8
067700202,18,19,18,55
067700203,13,15,12,40
067700204,9,7,2,18
067700205,121,118,52,291
067700206,113,52,30,195
067700207,82,84,99,265
067700208,6,7,2,15
067700301,3,6,3,12
067700302,3,0,1,4
067700303,4,2,1,7
067700304,2,1,2,5
067700305,1,2,0,3
067700401,4,1,3,8
067700402,2,1,0,3
067700403,1,1,5,7
067700404,4,1,0,5
067700501,0,0,1,1
067700502,1,0,0,1
067700503,0,0,2,2
067700504,2,1,1,4
067700601,1,1,1,3
067700602,5,3,1,9
067700701,4,2,2,8
067700702,0,1,1,2
067700703,1,0,0,1
067700704,2,2,1,5
067700705,2,4,0,6
067700801,10,11,4,25
067700802,3,0,1,4
067700803,7,3,0,10
067700804,3,3,1,7
067700805,2,1,0,3
067700901,124,42,13,179
067700902,6,8,3,17
067700903,4,10,9,23
067700904,1,1,1,3
067700905,2,0,3,5
067700906,12,18,14,44
067700907,8,4,0,12
067700908,23,7,9,39
067701001,161,60,17,238
067701002,154,67,35,256
067701003,185,56,13,254
067701004,120,68,24,212
067701005,260,64,22,346
067701006,213,79,29,321
067701007,218,85,32,335
067701008,245,78,20,343
067701009,240,66,13,319
067701010,204,71,9,284
067701011,120,13,7,140
067701012,54,24,37,115
067701013,92,81,210,383
067701014,9,4,16,29
067701101,13,16,6,35
067701102,6,4,3,13
067701103,28,12,7,47
067701104,12,1,2,15
067701105,23,2,3,28
067701201,167,115,172,454
067701202,11,5,21,37
067701203,47,40,43,130
067701204,5,3,0,8
067701205,5,5,2,12
067701206,2,2,2,6
067701301,7,3,2,12
067701302,7,5,2,14
067701303,10,6,3,19
067701304,10,9,1,20
067701305,5,3,1,9
067701306,6,1,1,8
067701307,7,3,1,11
067701401,4,2,1,7
067701402,3,9,3,15
067701403,3,1,0,4
067701501,1,1,1,3
067701502,6,0,0,6
067701503,4,2,0,6
067701504,3,1,1,5
067701505,7,4,0,11
067701601,136,91,53,280
067701602,175,44,19,238
067701603,190,38,16,244
067701604,5,3,1,9
067701605,20,10,6,36
067701606,6,2,0,8
067701607,3,6,0,9
067701701,4,2,0,6
067701702,3,3,1,7
067701703,2,0,2,4
067701704,1,3,1,5
067701705,7,6,1,14
067701801,74,60,34,168
067701802,5,2,1,8
067701803,6,0,1,7
067701804,2,4,4,10
067701805,12,3,0,15
067701806,7,0,1,8
067701901,3,1,0,4
067701902,2,1,0,3
067701903,3,4,1,8
067701904,2,2,1,5
067702001,2,5,3,10
067702002,0,2,0,2
067702101,206,33,4,243
067702102,251,49,1,301
067702103,213,31,0,244
067702104,251,34,1,286
067702105,257,44,4,305
067702106,207,54,0,261
067702107,287,94,8,389
067702108,176,52,6,234
067702109,211,42,0,253
067702110,215,42,6,263
067702201,68,59,135,262
067702202,118,144,48,310
067702203,236,150,16,402
067702204,272,94,95,461
067702205,175,101,53,329
067702206,247,91,46,384
067702207,163,58,45,266
067702208,169,62,11,242
067702209,134,52,18,204
067702210,208,61,8,277
067702211,215,63,2,280
067702212,205,97,17,319
067702213,149,43,5,197
067702214,277,65,6,348
067702301,0,0,25,25
067780101,227,40,8,275
067780102,173,32,11,216
067780103,145,38,47,230
067780104,101,45,66,212
067780105,212,72,75,359
067780106,161,92,87,340
067780107,81,65,59,205
067780108,84,86,69,239
067780109,49,38,145,232
067780110,14,7,4,25
067780111,9,7,4,20
067780201,47,72,83,202
067780202,40,47,62,149
067780203,31,56,72,159
067780204,96,47,114,257
067780205,174,86,115,375
067780206,167,54,28,249
067780207,121,119,144,384
067780208,197,29,7,233
067780209,176,104,44,324
067780210,260,29,8,297
067780211,96,35,52,183
067780212,54,66,88,208
067780213,33,28,114,175
067780214,139,65,70,274
067780215,78,89,144,311
067780216,21,24,125,170
067780217,58,40,83,181
067780218,69,46,99,214
067780301,23,18,11,52
067780401,9,7,3,19
067780402,7,4,9,20
067780403,23,20,17,60
067780404,38,36,48,122
067780405,34,33,57,124
067780406,39,27,37,103
067780407,168,71,65,304
067780501,132,20,39,191
067780502,30,25,20,75
067780503,4,4,6,14
067780504,13,13,3,29
067780505,15,11,1,27
067780506,208,48,67,323
067780507,138,24,67,229
067780601,1,3,0,4
067780602,153,23,0,176
067780603,55,35,37,127
067780604,114,69,147,330
067780701,10,3,2,15
067780702,5,12,0,17
067780703,9,2,0,11
067780704,4,4,6,14
067780801,8,8,0,16
067780802,2,0,0,2
067780803,8,7,1,16
067780901,8,1,0,9
067780902,70,23,27,120
067780903,95,62,68,225
067780904,58,30,38,126
067780905,159,86,134,379
067780906,205,87,60,352
067780907,76,34,41,151
067780908,42,22,47,111
067780909,143,47,48,238
067780910,151,45,27,223
067780911,253,42,16,311
067780912,243,33,17,293
067780913,247,38,17,302
067781001,167,126,107,400
067781002,55,80,106,241
067781003,43,52,154,249
067781004,145,103,55,303
067781005,244,49,14,307
067781006,167,25,5,197
067781007,190,109,34,333
067781008,104,109,152,365
067781009,202,89,103,394
067781010,173,16,1,190
067781011,196,39,21,256
067781012,190,69,29,288
067781013,164,91,135,390
067781014,36,47,192,275
067781015,33,57,141,231
067840101,3,1,1,5
067840102,5,7,0,12
067840201,2,3,0,5
067840202,93,30,34,157
067840203,10,2,4,16
067840204,3,2,0,5
067840301,1,5,0,6
067840302,9,3,0,12
067840303,3,1,0,4
067840401,0,3,0,3
067840402,7,6,0,13
067840403,3,2,0,5
067840404,5,1,0,6
067840501,4,3,0,7
067840502,1,4,1,6
067840503,5,2,2,9
067840601,6,2,2,10
067840701,7,3,1,11
067840702,8,1,0,9
067840703,3,4,1,8
067840704,7,3,1,11
067840801,20,2,2,24
067840802,41,14,29,84
067840803,197,43,26,266
067840804,180,49,73,302
067840805,202,19,23,244
067840806,188,28,17,233
067840807,255,30,2,287
067840808,305,45,26,376
067840809,189,41,31,261
067840810,200,19,11,230
067840811,268,32,26,326
067840812,6,3,6,15
067840813,18,7,2,27
067840901,4,5,0,9
067840902,3,1,1,5
067841001,6,1,2,9
067841002,2,1,0,3
067841003,5,5,1,11
067841004,3,5,0,8
067841101,1,3,1,5
067841102,3,4,1,8
067841103,5,6,0,11
067841104,3,0,0,3
067841201,7,4,0,11
067841202,6,3,1,10
067841203,17,7,2,26
067841204,4,2,0,6
067910101,389,9,4,402
067910102,166,9,0,175
067910103,209,16,3,228
067910104,161,3,1,165
067910105,183,19,1,203
067910106,273,9,1,283
067910107,345,9,0,354
067910108,187,11,1,199
067910109,209,9,1,219
067910110,308,19,4,331
067910111,199,5,1,205
067910201,171,1,0,172
067910202,272,10,7,289
067910203,228,17,10,255
067910204,228,23,8,259
067910205,244,18,0,262
067910206,336,17,2,355
067910207,264,7,15,286
067910208,301,6,0,307
067910209,230,17,1,248
067910210,330,9,3,342
067910211,314,11,2,327
067910212,286,6,2,294
067910213,320,17,2,339
067910214,229,40,4,273
067910215,272,16,1,289
067910216,243,5,1,249
067910217,275,4,4,283
067910218,363,32,29,424
067910301,280,22,4,306
067910302,184,15,1,200
067910303,221,14,4,239
067910304,365,14,4,383
067910305,152,4,2,158
067910306,180,6,1,187
067910307,376,6,0,382
067910308,239,3,0,242
067910309,285,27,6,318
067910310,371,17,4,392
067910401,218,0,0,218
067910402,237,16,0,253
067910403,205,17,1,223
067910404,203,7,0,210
067910405,156,1,0,157
067910406,210,6,1,217
067910407,202,1,1,204
067910408,260,6,0,266
067910409,178,10,0,188
067910410,182,6,2,190
067910411,212,6,3,221
067910412,184,4,1,189
067910501,27,3,5,35
067910502,16,4,8,28
067910503,5,1,2,8
067910601,49,13,8,70
067910602,26,2,5,33
067910603,19,0,4,23
067910701,38,7,8,53
067910702,21,12,4,37
067910801,6,7,2,15
067910802,19,11,7,37
067910803,15,6,2,23
067910901,24,4,7,35
067910902,52,9,4,65
067910903,21,10,3,34
067910904,18,9,4,31
067910905,15,9,6,30
067910906,35,10,6,51
067911001,25,5,1,31
067911002,71,6,6,83
067911003,67,14,3,84
067911004,21,8,6,35
067911005,14,9,20,43
067911006,258,22,32,312
067911007,109,9,17,135
067911008,99,13,30,142
067911009,19,7,3,29
067911101,16,8,0,24
067911102,25,4,0,29
067911103,8,2,12,22
067911104,32,15,13,60
067911105,19,12,3,34
067911201,127,38,79,244
067911202,307,27,12,346
067911203,299,70,59,428
067911204,206,41,40,287
067911205,210,17,13,240
067911206,266,60,45,371
067911207,290,24,9,323
067911208,386,28,3,417
067911209,341,25,6,372
067911210,301,22,6,329
067911211,206,11,6,223
067911212,202,12,5,219
067911213,361,19,9,389
067911301,312,73,107,492
067911302,157,72,32,261
067911303,172,38,34,244
067911304,202,45,50,297
067911305,291,79,107,477
067911306,411,66,40,517
067911307,194,36,14,244
067911308,214,27,16,257
067911309,179,32,26,237
067911310,139,59,56,254
067911311,175,43,42,260
067911312,191,39,18,248
067911313,212,29,9,250
067911314,223,49,10,282
067911401,19,4,2,25
067911402,25,4,8,37
067911403,33,13,15,61
067911404,31,4,9,44
067911405,34,10,7,51
067911406,27,10,4,41
067911501,43,14,6,63
067911502,62,20,23,105
067911503,27,2,3,32
067911504,29,13,4,46
067911505,15,3,2,20
067911506,6,7,1,14
067911601,22,5,2,29
067911602,30,11,1,42
067911701,21,6,8,35
067911702,22,5,6,33
067911801,203,6,2,211
067911802,199,19,1,219
067911803,154,6,1,161
067911804,239,7,0,246
067911805,171,13,4,188
067911806,218,9,2,229
067911807,256,21,6,283
067911808,247,9,2,258
067911809,200,38,5,243
067911811,171,24,12,207
067911812,193,19,16,228
067911813,282,6,9,297
067911814,293,18,12,323
067911901,201,5,7,213
067911902,221,9,0,230
067911903,282,6,1,289
067911904,277,19,0,296
067911905,389,21,0,410
067911906,247,5,2,254
067911907,166,4,0,170
067911908,210,11,1,222
067911909,171,1,0,172
067911910,195,4,1,200
067911911,235,0,0,235
067912001,257,20,9,286
067912002,257,37,15,309
067912003,259,87,93,439
067912004,260,34,47,341
067912005,281,14,6,301
067912006,361,18,4,383
067912007,309,8,0,317
067912008,143,19,6,168
067912009,307,17,4,328
067912101,122,47,30,199
067912102,191,81,73,345
067912103,159,47,57,263
067912104,126,75,21,222
067912105,343,55,24,422
067912106,352,42,12,406
067912107,229,18,2,249
067912108,203,14,6,223
067912109,423,29,15,467
067912110,202,59,73,334
067912111,110,90,78,278
067912112,132,100,100,332
067912113,128,26,34,188
067912114,72,16,25,113
067912115,55,15,46,116
067912116,142,48,29,219
067912201,91,28,9,128
067912202,126,17,4,147
067912203,180,21,5,206
067912204,120,26,29,175
067912205,227,26,26,279
067912206,303,34,7,344
067912207,299,86,49,434
067912208,314,42,8,364
067912209,247,28,5,280
067912210,341,16,0,357
067912211,218,22,1,241
067912212,234,15,2,251
067912213,210,17,2,229
067912214,225,3,0,228
067912215,248,10,2,260
067912216,263,26,14,303
067912217,127,20,11,158
067912218,84,21,26,131
067980101,14,5,1,20
067980102,15,6,0,21
067980103,13,6,0,19
067980201,15,5,2,22
067980202,2,2,3,7
067980203,18,9,3,30
067980301,7,2,5,14
067980302,10,8,3,21
067980401,6,2,0,8
067980402,10,4,2,16
067980501,33,8,7,48
067980502,12,4,10,26
067980503,6,1,1,8
067980504,5,2,2,9
067980505,5,4,2,11
067980506,10,2,2,14
067980507,8,4,1,13
067980601,33,17,12,62
067980701,126,45,27,198
067980702,303,51,37,391
067980703,297,13,8,318
067980704,163,28,26,217
067980705,133,28,11,172
067980706,24,4,8,36
067980707,144,12,22,178
067980708,304,74,26,404
067980709,79,35,65,179
067980710,146,22,32,200
067980711,223,25,12,260
067980801,7,7,0,14
067980901,9,9,1,19
067980902,8,3,1,12
067980903,9,0,2,11
067980904,4,6,5,15
067980905,3,2,5,10
067981001,12,1,7,20
067981002,8,7,9,24
067981003,9,7,1,17
067981004,10,5,5,20
067981005,6,5,4,15
067981006,0,1,5,6
068120101,6,12,2,20
068120102,15,7,3,25
068120201,4,4,0,8
068120202,3,1,5,9
068120301,10,7,3,20
068120302,1,0,6,7
068120303,2,0,0,2
068120401,4,3,12,19
068120402,0,1,9,10
068120403,0,1,8,9
068120501,5,0,5,10
068120502,134,13,25,172
068120503,102,44,66,212
068120504,0,1,2,3
068120601,0,1,3,4
068120602,3,2,1,6
068190101,54,16,1,71
068190102,22,2,5,29
068190103,24,4,2,30
068190104,48,9,2,59
068190201,32,10,12,54
068190202,19,6,5,30
068190301,9,8,1,18
068190302,19,10,0,29
068190401,285,25,8,318
068190402,349,61,9,419
068190403,256,22,3,281
068190404,317,14,6,337
068190405,263,24,3,290
068190406,281,32,7,320
068190407,199,47,9,255
068190408,47,10,2,59
068190409,46,15,5,66
068190501,13,4,3,20
068190502,15,9,0,24
068190503,19,2,2,23
068190504,86,12,2,100
068190505,115,17,5,137
068190601,19,7,4,30
068190602,36,7,0,43
068190603,9,11,0,20
068190701,15,6,2,23
068190801,17,4,0,21
068190802,23,7,1,31
068190901,46,9,4,59
068190902,59,6,4,69
068190903,153,12,4,169
068190904,132,27,6,165
068190905,147,10,11,168
068190906,88,15,1,104
068190907,65,4,5,74
068190908,5,6,1,12
068190909,39,6,7,52
068190910,137,11,9,157
068190911,86,46,10,142
068190912,144,8,12,164
068260101,317,63,50,430
068260102,216,38,16,270
068260103,183,36,26,245
068260104,145,12,13,170
068260105,168,8,5,181
068260106,222,22,2,246
068260107,277,20,10,307
068260108,262,37,2,301
068260109,175,11,2,188
068260110,124,7,0,131
068260111,171,10,12,193
068260112,182,15,5,202
068260113,178,23,17,218
068260114,173,17,2,192
068260115,231,10,4,245
068260116,126,7,11,144
068260117,132,17,10,159
068260118,154,30,18,202
068260119,153,19,19,191
068260120,235,10,20,265
068260201,253,16,5,274
068260202,382,10,2,394
068260203,193,30,4,227
068260204,158,13,2,173
068260205,138,8,4,150
068260206,138,8,4,150
068260207,144,4,2,150
068260208,147,3,2,152
068260209,257,8,2,267
068260210,147,5,1,153
068260211,134,5,1,140
068260212,260,19,4,283
068260213,91,7,0,98
068260214,106,2,0,108
068260301,6,2,6,14
068260302,2,1,2,5
068260303,8,2,4,14
068260401,16,1,2,19
068260402,33,4,5,42
068260403,248,23,8,279
068260501,58,15,11,84
068260502,8,3,1,12
068260503,4,3,1,8
068260601,21,7,0,28
068260602,16,8,0,24
068260701,317,40,13,370
068260702,167,8,1,176
068260703,30,7,13,50
068260704,150,18,10,178
068260705,18,4,3,25
068260706,270,86,14,370
068260707,14,3,2,19
068260708,39,7,2,48
068260709,38,9,6,53
068260801,38,8,9,55
068260802,13,1,0,14
068260901,12,7,0,19
068260902,15,5,4,24
068261001,31,5,11,47
068261002,21,10,2,33
068261101,24,6,2,32
068261102,19,4,0,23
068261201,6,2,1,9
068261301,19,7,3,29
068261302,16,5,4,25
068261303,25,14,7,46
068261401,18,1,0,19
068261402,5,2,0,7
068261501,22,8,5,35
068261502,9,3,13,25
068261601,21,11,4,36
068261602,32,10,0,42
068261603,20,11,5,36
068261604,76,9,2,87
068261605,51,6,2,59
068261606,142,55,35,232
068261607,170,21,2,193
068261608,320,46,25,391
068261609,149,5,4,158
068261610,167,35,2,204
068261611,139,43,11,193
068261701,15,2,0,17
068261702,14,3,4,21
068261703,9,2,1,12
068261704,5,0,1,6
068261801,43,11,4,58
068261802,17,4,3,24
068261803,16,10,4,30
068261804,25,13,3,41
068261805,9,5,2,16
068261901,265,16,0,281
068261902,291,12,2,305
068261903,185,3,3,191
068261904,174,8,4,186
068261905,150,13,1,164
068261906,210,5,2,217
068261907,147,10,5,162
068261908,133,42,23,198
068261909,298,18,11,327
068261910,238,7,3,248
068261911,166,10,2,178
068330101,181,25,3,209
068330102,286,35,1,322
068330103,251,9,1,261
068330104,297,44,7,348
068330105,193,24,3,220
068330106,284,42,4,330
068330107,349,11,1,361
068330108,283,26,3,312
068330109,297,18,1,316
068330110,332,37,2,371
068330111,298,9,0,307
068330112,366,35,11,412
068330113,364,38,11,413
068330114,342,35,6,383
068330115,46,24,8,78
068330116,180,27,1,208
068330201,272,12,1,285
068330202,317,48,5,370
068330203,312,15,1,328
068330204,284,12,0,296
068330205,257,12,1,270
068330206,193,1,2,196
068330207,291,14,0,305
068330208,317,5,2,324
068330209,263,2,0,265
068330210,279,26,5,310
068330211,309,26,4,339
068330212,360,16,1,377
068330213,304,29,9,342
068330301,0,1,0,1
068330302,4,2,0,6
068330303,4,0,0,4
068330304,3,1,0,4
068330305,2,2,1,5
068330401,19,12,0,31
068330402,16,6,0,22
068330403,8,4,5,17
068330501,5,2,0,7
068330502,7,0,2,9
068330503,4,1,0,5
068330601,3,1,1,5
068330602,1,2,0,3
068330603,7,3,1,11
068330604,5,0,3,8
068330701,7,1,1,9
068330702,6,6,1,13
068330703,9,5,4,18
068330704,16,2,0,18
068330705,15,5,0,20
068330706,11,7,2,20
068330801,14,6,3,23
068330802,21,8,2,31
068330803,4,3,0,7
068330901,7,3,0,10
068330902,8,5,1,14
068330903,23,3,0,26
068331001,42,13,9,64
068331002,139,51,31,221
068331003,1,3,1,5
068331004,358,47,11,416
068331005,341,59,6,406
068331006,232,83,31,346
068331007,297,92,22,411
068331008,189,98,71,358
068331009,259,76,31,366
068331010,202,16,1,219
068331011,214,73,20,307
068331012,357,95,52,504
068331013,25,10,13,48
068331101,148,11,31,190
068331102,3,0,0,3
068331103,9,0,0,9
068331104,7,0,1,8
068331105,3,1,0,4
068331201,10,2,0,12
068331202,6,2,2,10
068331203,2,2,2,6
068331301,4,3,0,7
068331302,57,43,5,105
068331303,26,14,0,40
068331304,30,21,3,54
068331401,171,20,13,204
068331402,27,3,4,34
068331403,4,1,0,5
068331404,5,0,0,5
068331405,28,3,4,35
068331406,0,0,0,0
068331407,6,1,0,7
068331408,108,17,9,134
068331501,47,21,8,76
068331502,11,3,1,15
068331503,10,1,0,11
068331504,9,3,0,12
068331505,4,5,0,9
068331506,60,43,14,117
068331601,7,3,0,10
068331602,5,3,1,9
068331603,2,3,1,6
068331604,1,1,0,2
068331605,12,5,2,19
068331701,63,53,22,138
068331702,175,21,9,205
068331703,125,52,4,181
068331704,13,14,4,31
068331705,48,17,14,79
068331706,8,3,1,12
068331707,8,4,0,12
068331708,13,3,0,16
068331709,158,21,6,185
068331801,28,34,4,66
068331802,67,82,11,160
068331803,62,39,2,103
068331804,40,26,0,66
068331805,58,33,2,93
068331806,41,9,0,50
068331807,44,32,1,77
068331808,17,9,0,26
068331809,80,19,0,99
068331810,5,4,2,11
068331811,32,24,2,58
068331901,128,64,60,252
068331902,42,22,9,73
068331903,285,33,14,332
068331904,116,126,9,251
068331905,316,98,24,438
068331906,182,80,43,305
068331907,160,86,48,294
068331908,217,47,19,283
068331909,204,71,18,293
068331910,144,47,38,229
068331911,146,54,35,235
068331912,155,38,18,211
068331913,246,74,44,364
068331914,60,33,14,107
068331915,32,8,9,49
068470101,66,76,14,156
068470102,318,17,11,346
068470103,240,30,42,312
068470104,357,15,4,376
068470105,211,53,5,269
068470106,8,2,1,11
068470107,28,18,2,48
068470108,2,1,0,3
068470109,7,2,1,10
068470110,15,2,6,23
068470111,284,29,37,350
068470112,141,11,25,177
068470113,146,23,22,191
068470114,261,15,9,285
068470115,67,80,14,161
068470201,50,3,3,56
068470202,5,1,1,7
068470203,18,6,1,25
068470204,22,6,2,30
068470205,7,1,1,9
068540101,123,32,18,173
068540102,271,12,6,289
068540103,261,24,12,297
068540104,224,21,11,256
068540105,266,33,5,304
068540106,241,11,0,252
068540107,255,10,2,267
068540108,276,14,1,291
068540109,276,53,27,356
068540110,332,37,17,386
068540111,282,103,70,455
068540112,238,34,10,282
068540113,260,62,25,347
068540114,173,14,14,201
068540115,95,32,33,160
068540201,207,92,81,380
068540202,265,95,83,443
068540203,273,33,21,327
068540204,272,6,2,280
068540205,236,5,0,241
068540206,280,19,3,302
068540207,244,58,34,336
068540208,262,10,1,273
068540209,259,57,94,410
068540210,128,37,30,195
068540211,180,44,12,236
068540301,60,18,12,90
068540302,18,6,4,28
068540303,22,7,1,30
068540401,133,29,24,186
068540402,53,30,7,90
068540403,41,25,15,81
068540501,24,6,13,43
068540502,40,13,1,54
068540503,13,4,1,18
068540601,36,18,10,64
068540602,99,22,30,151
068540701,15,6,5,26
068540702,23,8,0,31
068540801,73,22,7,102
068540802,42,30,7,79
068540803,18,10,3,31
068540901,32,12,3,47
068541001,117,33,18,168
068541002,204,22,15,241
068541003,249,25,6,280
068541004,258,36,18,312
068541005,215,30,21,266
068541006,133,43,133,309
068541007,74,13,13,100
068541008,74,17,20,111
068541009,47,7,8,62
068541010,37,10,3,50
068541011,33,12,1,46
068541012,22,6,8,36
068541013,47,20,16,83
068541014,130,21,24,175
068541015,69,17,38,124
068541101,18,8,5,31
068541102,21,2,3,26
068541103,12,9,2,23
068541201,34,13,4,51
068541202,7,6,7,20
068541203,17,6,6,29
068541301,35,8,6,49
068541302,26,7,5,38
068541401,94,39,22,155
068541402,59,17,22,98
068541403,41,14,7,62
068541404,9,3,1,13
068541405,18,8,3,29
068541406,113,26,13,152
068680101,204,168,96,468
068680102,105,90,35,230
068680103,124,68,15,207
068680104,152,43,5,200
068680105,72,24,4,100
068680106,68,5,0,73
068680107,51,7,2,60
068680108,156,39,4,199
068680109,167,87,23,277
068680110,162,79,17,258
068680201,133,30,5,168
068680202,42,7,0,49
068680203,66,10,1,77
068680204,114,45,7,166
068680205,268,65,7,340
068680206,170,38,1,209
068680207,60,11,2,73
068680208,6,2,1,9
068680209,21,3,0,24
068680210,62,9,0,71
068680211,33,1,0,34
068680212,69,10,1,80
068680213,237,181,28,446
068680301,114,148,141,403
068680302,144,86,29,259
068680303,142,51,0,193
068680304,116,56,4,176
068680305,81,27,1,109
068680306,158,38,5,201
068680307,148,19,1,168
068680308,35,6,2,43
068680309,30,6,0,36
068680310,31,12,1,44
068680311,25,7,0,32
068680312,31,7,0,38
068680313,30,6,1,37
068680401,24,2,2,28
068680402,22,1,0,23
068680403,18,1,0,19
068680404,5,0,0,5
068680405,22,9,1,32
068680406,9,0,0,9
068680407,47,8,1,56
068680408,64,12,4,80
068680409,24,3,1,28
068680410,20,6,2,28
068680501,8,5,0,13
068680502,165,109,64,338
068680503,111,157,88,356
068680504,98,24,70,192
068680505,43,12,5,60
068680506,49,9,5,63
068680507,66,19,9,94
068680508,74,43,31,148
068680509,65,23,29,117
068680510,34,32,5,71
068680511,0,0,2,2
068680601,21,7,1,29
068680602,35,1,1,37
068680603,59,16,0,75
068680604,72,18,0,90
068680605,27,4,2,33
068680606,19,0,0,19
068680607,39,0,0,39
068680608,24,3,0,27
068680609,69,7,0,76
068680610,20,4,0,24
068680701,149,96,17,262
068680702,189,49,3,241
068680703,90,25,4,119
068680704,67,17,4,88
068680705,59,8,0,67
068680706,91,12,2,105
068680707,21,6,5,32
068680708,38,7,1,46
068680709,18,5,0,23
068680710,19,2,0,21
068680711,40,7,1,48
068680712,21,20,6,47
068680801,168,95,26,289
068680802,114,85,17,216
068680803,68,35,11,114
068680804,114,49,4,167
068680805,17,6,1,24
068680806,31,6,1,38
068680807,21,2,1,24
068680808,20,5,0,25
068680809,85,50,27,162
068680810,33,12,0,45
068750101,6,3,0,9
068750201,24,16,5,45
068750301,46,7,5,58
068750401,32,2,12,46
068750402,23,9,4,36
068750403,40,8,1,49
068750501,8,0,3,11
068750502,32,7,8,47
068750601,233,15,8,256
068750602,160,22,5,187
068750603,88,11,13,112
068750604,372,19,20,411
068750605,178,26,62,266
068750606,40,5,53,98
068750607,19,3,2,24
068750608,242,34,43,319
068750609,153,12,9,174
068750701,29,4,4,37
068750801,45,9,12,66
068750802,122,20,15,157
068750803,129,5,3,137
068750804,151,12,3,166
068750805,80,23,34,137
068750901,58,11,9,78
068750902,29,13,5,47
068751001,17,7,3,27
068751101,6,4,2,12
068751201,63,32,25,120
068751301,9,2,7,18
068751302,38,19,11,68
068751401,40,7,6,53
068751402,37,4,5,46
068751501,202,27,9,238
068751502,87,12,12,111
068751503,50,26,20,96
068751504,44,43,62,149
068751505,15,8,15,38
068751506,80,50,219,349
068751507,153,42,94,289
068751508,233,18,32,283
068751509,128,32,23,183
068751601,65,30,43,138
068751602,263,91,75,429
068751603,278,56,182,516
068751604,113,71,84,268
068751605,225,64,67,356
068751606,159,73,48,280
068751607,171,46,12,229
068751608,209,33,4,246
068751609,147,33,13,193
068751610,204,42,137,383
068751611,143,38,10,191
068751612,104,33,63,200
068751613,161,49,60,270
068751614,109,33,149,291
068751615,56,41,245,342
068751701,60,47,37,144
068751801,12,6,6,24
068820101,211,104,14,329
068820102,272,66,6,344
068820103,254,93,26,373
068820104,232,124,34,390
068820105,188,118,68,374
068820106,208,93,14,315
068820107,227,73,11,311
068820108,204,93,6,303
068820109,202,70,3,275
068820110,229,81,8,318
068820201,343,41,10,394
068820202,179,65,6,250
068820203,171,47,0,218
068820204,220,33,0,253
068820205,253,42,1,296
068820206,212,41,2,255
068820207,281,17,0,298
068820208,265,53,2,320
068820209,205,90,1,296
068820210,204,33,6,243
068820211,273,94,1,368
068820212,77,70,68,215
068820213,205,91,0,296
068820214,110,40,46,196
068820301,22,4,30,56
068820302,233,59,15,307
068820303,271,63,24,358
068820304,276,65,17,358
068820305,245,30,2,277
068820306,240,57,4,301
068820307,182,53,5,240
068820308,263,89,14,366
068820401,253,56,37,346
068820402,20,6,1,27
068820403,34,13,18,65
068820501,77,19,11,107
068820502,230,98,116,444
068820503,302,68,44,414
068820504,223,116,76,415
068820505,37,0,0,37
068820506,30,7,8,45
068820507,114,32,13,159
068820508,174,84,67,325
068820509,272,105,38,415
068820601,30,13,11,54
068820701,26,21,11,58
068820702,53,39,49,141
068820703,54,77,44,175
068820801,161,100,143,404
068820802,179,85,41,305
068820803,201,101,26,328
068820804,164,100,59,323
068820805,273,31,2,306
068820806,268,58,0,326
068820807,235,50,2,287
068820808,235,66,1,302
068820809,223,53,1,277
068820810,252,24,2,278
068820811,192,31,5,228
068820812,262,51,0,313
068820813,150,88,149,387
068820901,177,156,94,427
068820902,175,55,76,306
068820903,202,95,45,342
068820904,173,109,71,353
068820905,112,71,43,226
068820906,134,125,174,433
068820907,196,89,103,388
068820908,154,95,39,288
068820909,146,88,23,257
068820910,262,106,21,389
068820911,150,73,20,243
068820912,129,93,87,309
068820913,62,85,126,273
068820914,187,77,20,284
068821001,252,16,1,269
068821002,179,40,3,222
068821003,170,122,0,292
068821004,123,97,2,222
068821005,167,60,2,229
068821006,262,89,39,390
068821007,159,36,8,203
068821008,151,84,26,261
068821009,264,90,26,380
068821010,133,130,194,457
068821011,125,89,168,382
068821101,114,64,45,223
068821201,55,47,31,133
068821301,56,75,45,176
068821401,85,36,34,155
068821501,17,10,12,39
068821601,208,87,7,302
068821602,226,100,16,342
068821603,321,101,15,437
068821604,204,84,40,328
068821605,213,145,66,424
068821606,125,66,46,237
068821607,98,95,92,285
068821608,151,102,91,344
068821701,212,71,43,326
068821702,116,80,63,259
068821703,215,130,22,367
068821704,272,88,100,460
068821705,81,114,272,467
068821706,26,10,56,92
068821707,138,20,14,172
068821708,95,30,35,160
068821709,13,2,51,66
068821710,128,95,91,314
068821711,93,83,121,297
068821801,10,2,44,56
068821802,0,2,16,18
068821803,2,1,24,27
100070101,3,6,6,15
100070102,8,31,11,50
100070103,13,10,3,26
100070104,31,51,9,91
100070105,57,44,17,118
100070201,43,88,27,158
100070202,20,23,38,81
100070203,0,11,21,32
100070204,21,35,28,84
100070301,7,30,73,110
100070302,4,9,17,30
100070401,1,5,17,23
100070402,0,11,20,31
100070403,0,1,2,3
100070404,27,53,26,106
100070405,2,2,9,13
100070406,24,43,9,76
100070407,34,36,6,76
100070408,40,30,8,78
100070409,23,21,5,49
100140101,24,52,17,93
100140102,1,1,21,23
100140103,0,4,20,24
100140104,1,0,18,19
100140201,26,31,33,90
100140202,2,4,24,30
100140301,1,3,30,34
100140302,2,0,8,10
100140303,0,0,9,9
100140401,2,4,21,27
100140402,1,9,14,24
100140501,3,9,12,24
100140502,1,8,29,38
100140503,2,4,39,45
100140601,2,9,17,28
100140602,3,4,18,25
100140701,1,17,39,57
100140702,1,1,17,19
100140801,2,8,21,31
100140802,3,6,22,31
100140803,1,7,20,28
100140901,0,0,17,17
100140902,2,0,28,30
100210101,21,36,31,88
100210102,0,0,4,4
100210103,174,120,106,400
100210104,193,57,54,304
100210105,183,74,44,301
100210106,165,57,17,239
100210107,83,92,128,303
100210108,131,76,25,232
100210109,156,67,15,238
100210110,163,130,18,311
100210111,123,70,121,314
100210112,77,102,51,230
100210113,113,38,63,214
100210114,82,2,6,90
100210201,0,2,4,6
100210202,100,87,73,260
100210301,9,19,43,71
100210401,5,33,64,102
100210501,0,0,20,20
100210601,0,0,16,16
100210701,8,18,22,48
100210801,0,9,42,51
100210901,4,0,20,24
100210902,0,20,30,50
100211001,34,58,53,145
100211002,2,29,41,72
100211003,19,46,23,88
100211004,32,37,17,86
100211005,17,52,28,97
100211006,16,39,10,65
100280101,2,0,72,74
100280201,0,0,49,49
100280202,1,4,186,191
100280301,0,0,18,18
100280302,1,0,23,24
100350101,59,32,174,265
100350102,1,0,19,20
100350103,70,97,74,241
100350104,93,57,46,196
100350105,149,126,45,320
100350106,150,97,53,300
100350107,90,41,56,187
100350108,113,52,76,241
100350109,86,50,75,211
100350110,81,58,52,191
100350111,34,56,105,195
100350112,177,77,54,308
100350113,164,57,31,252
100350114,129,38,31,198
100350115,82,71,72,225
100350201,3,15,63,81
100350202,0,0,27,27
100350203,2,7,18,27
100350204,109,93,96,298
100350205,72,44,54,170
100350206,47,68,55,170
100350301,6,20,39,65
100350302,0,4,22,26
100350303,2,7,65,74
100350304,2,6,41,49
100350305,1,18,38,57
100350306,14,32,113,159
100350307,7,15,59,81
100350401,5,5,94,104
100350402,0,1,41,42
100350501,10,28,78,116
100350502,9,33,95,137
100350503,14,7,154,175
100350504,0,0,13,13
100350505,0,0,42,42
100350506,0,0,58,58
100350507,0,0,13,13
100350508,21,29,144,194
100350601,4,29,25,58
100350602,3,2,42,47
100350603,4,8,46,58
100350604,0,0,49,49
100350605,0,2,97,99
100350606,2,8,97,107
100350607,0,0,110,110
100350608,53,49,130,232
100420101,0,8,17,25
100420102,8,14,35,57
100420103,60,63,49,172
100420104,74,102,16,192
100420105,66,95,61,222
100420106,66,94,86,246
100420107,149,64,20,233
100420201,10,21,13,44
100420202,20,52,87,159
100420203,0,5,10,15
100420204,17,16,37,70
100420205,10,18,50,78
100420206,61,86,68,215
100420207,128,98,120,346
100420301,70,74,25,169
100420302,26,82,78,186
100420303,116,104,83,303
100420304,4,5,40,49
100420305,38,98,77,213
100420306,76,67,88,231
100420307,26,1,1,28
100420401,15,35,49,99
100420402,15,55,38,108
100420501,3,4,13,20
100420502,17,35,33,85
100420601,1,2,9,12
100420602,36,31,47,114
100420603,2,4,31,37
100420604,1,6,44,51
100490101,20,11,30,61
100490102,118,116,124,358
100490103,239,22,34,295
100490104,131,33,4,168
100490105,220,61,5,286
100490106,160,66,44,270
100490107,203,11,1,215
100490108,163,68,3,234
100490109,88,39,64,191
100490110,174,94,113,381
100490111,53,66,338,457
100490112,257,49,41,347
100490113,145,157,73,375
100490114,85,181,79,345
100490115,188,101,6,295
100490201,96,87,58,241
100490202,128,94,25,247
100490203,189,69,36,294
100490204,172,61,11,244
100490205,161,66,20,247
100490206,162,33,0,195
100490207,286,53,34,373
100490208,289,44,12,345
100490209,220,55,1,276
100490210,194,12,1,207
100490211,159,18,6,183
100490212,151,54,0,205
100490213,140,36,4,180
100490214,168,46,0,214
100490215,136,66,0,202
100490216,299,60,3,362
100490217,209,35,4,248
100490218,151,60,3,214
100490219,182,47,24,253
100490220,113,21,7,141
100490221,146,25,8,179
100490301,175,170,7,352
100490302,85,133,39,257
100490303,177,101,13,291
100490304,153,62,26,241
100490305,87,115,18,220
100490306,58,96,41,195
100490307,63,95,58,216
100490308,93,162,47,302
100490309,147,172,69,388
100490310,110,38,20,168
100490311,255,58,14,327
100490312,163,30,10,203
100490313,136,40,3,179
100490314,159,69,17,245
100490315,186,40,13,239
100490316,147,23,1,171
100490317,204,131,8,343
100490318,126,44,2,172
100490319,241,35,1,277
100490320,230,57,18,305
100490321,147,20,1,168
100490322,122,12,0,134
100490323,158,12,1,171
100490324,158,37,2,197
100490401,139,64,2,205
100490402,133,64,2,199
100490403,162,69,9,240
100490404,131,118,89,338
100490405,66,112,68,246
100490406,91,117,83,291
100490407,84,145,118,347
100490408,111,58,14,183
100490409,255,94,10,359
100490410,171,71,14,256
100490411,179,36,64,279
100490412,167,56,14,237
100490413,163,52,14,229
100490414,153,60,19,232
100490415,138,88,48,274
100490416,246,83,16,345
100490417,92,119,0,211
100490418,166,98,10,274
100490419,179,68,39,286
100490501,203,17,14,234
100490502,147,19,21,187
100490503,106,60,25,191
100490504,149,37,16,202
100490505,137,60,51,248
100490506,85,67,23,175
100490507,126,37,18,181
100490508,201,74,6,281
100490509,146,62,3,211
100490510,167,78,42,287
100490511,101,76,2,179
100490512,139,121,78,338
100490513,106,144,133,383
100490514,73,54,25,152
100490515,157,107,103,367
100490516,53,133,207,393
100490517,33,48,77,158
100490601,232,41,11,284
100490602,136,49,1,186
100490603,153,53,2,208
100490604,128,33,2,163
100490605,168,24,1,193
100490606,153,67,9,229
100490607,160,76,19,255
100490608,114,20,2,136
100490609,159,86,9,254
100490610,121,77,19,217
100490611,147,98,28,273
100490612,115,59,22,196
100490613,209,101,32,342
100490614,147,45,24,216
100490615,144,110,49,303
100490616,104,98,54,256
100490617,85,73,16,174
100490618,156,78,18,252
100490619,124,63,16,203
100490701,209,48,16,273
100490702,130,54,12,196
100490703,167,44,36,247
100490704,133,62,17,212
100490705,106,34,30,170
100490706,169,126,44,339
100490707,200,123,54,377
100490708,165,67,22,254
100490709,121,92,41,254
100490710,109,116,32,257
100490711,142,94,20,256
100490712,220,106,46,372
100490801,91,72,1,164
100490802,108,120,11,239
100490803,162,152,4,318
100490804,122,96,2,220
100490805,83,117,46,246
100490806,120,39,11,170
100490807,157,96,17,270
100490808,167,120,87,374
100490809,111,77,42,230
100490810,104,129,46,279
100490811,97,81,54,232
100490812,54,68,54,176
100490813,295,100,27,422
100490901,23,9,57,89
100490902,9,24,61,94
100490903,218,4,3,225
100490904,186,51,0,237
100490905,127,6,7,140
100490906,333,77,4,414
100490907,111,47,107,265
100490908,25,53,105,183
100490909,53,108,157,318
100490910,17,48,183,248
100490911,160,13,13,186
100490912,256,37,3,296
100490913,125,64,47,236
100490914,226,35,42,303
100560101,0,4,6,10
100560102,33,67,12,112
100560103,4,18,16,38
100560104,0,5,6,11
100560201,0,5,16,21
100560202,1,5,12,18
100560203,2,8,14,24
100560204,1,0,10,11
100560205,98,76,28,202
100560301,1,1,18,20
100560302,3,7,41,51
100560303,8,16,22,46
100560304,3,6,22,31
100560401,1,5,33,39
100560402,2,1,12,15
100560403,7,12,22,41
100560501,0,3,8,11
100560502,9,25,50,84
100560503,8,16,50,74
100560504,1,5,49,55
100560601,2,9,24,35
100560602,0,0,6,6
100560603,0,4,18,22
100560701,3,2,33,38
100630101,21,128,25,174
100630102,11,32,19,62
100630103,12,31,29,72
100630201,29,38,28,95
100630202,128,57,15,200
100630203,68,62,16,146
100630204,96,61,63,220
100630205,155,81,18,254
100630206,145,29,12,186
100630207,90,59,17,166
100630208,105,49,29,183
100630209,112,66,34,212
100630210,100,50,45,195
100630211,89,64,20,173
100630212,142,47,20,209
100630213,129,96,67,292
100630214,3,1,1,5
100630215,0,0,0,0
100630216,0,0,0,0
100630217,0,0,0,0
100630218,0,0,0,0
100700101,6,5,20,31
100700102,0,1,41,42
100700103,122,83,161,366
100700104,121,69,91,281
100700105,184,52,17,253
100700106,87,65,61,213
100700107,143,81,51,275
100700108,144,64,40,248
100700109,97,64,74,235
100700110,158,80,99,337
100700111,121,77,84,282
100700112,127,72,82,281
100700113,38,59,80,177
100700201,9,10,108,127
100700202,4,6,79,89
100700203,54,69,140,263
100700204,13,22,166,201
100700205,24,28,59,111
100700301,49,51,160,260
100700302,4,19,49,72
100700303,13,27,91,131
100700304,3,5,16,24
100700305,102,94,71,267
100700306,110,72,71,253
100700307,74,59,114,247
100700308,61,58,83,202
100700309,2,3,48,53
100700401,4,3,53,60
100700402,5,9,34,48
100700403,1,2,61,64
100700404,44,89,142,275
100770101,2,7,6,15
100770102,36,34,4,74
100770103,9,30,13,52
100770104,68,94,25,187
100770105,131,60,4,195
100770201,6,12,26,44
100770202,13,37,24,74
100770203,0,6,18,24
100770301,12,16,27,55
100770401,9,36,14,59
100770402,6,8,4,18
100770501,1,8,5,14
100770502,8,27,25,60
100770601,22,49,24,95
100770602,8,21,12,41
100770603,20,41,12,73
100840101,24,43,99,166
100840102,0,3,9,12
100840103,78,70,48,196
100840104,68,70,38,176
100840105,59,58,62,179
100840106,83,55,48,186
100840107,5,1,1,7
100840201,1,10,12,23
100840202,24,79,34,137
100840203,48,65,37,150
100840204,23,67,41,131
100840301,1,0,11,12
100840302,0,2,27,29
100840303,21,52,63,136
100840304,89,62,127,278
100840305,36,25,62,123
100840306,77,45,73,195
100840307,65,70,97,232
100840401,24,40,112,176
100840402,4,11,3,18
100840403,11,29,55,95
100910101,0,0,5,5
100910102,18,8,32,58
100910103,73,46,71,190
100910104,101,50,61,212
100910105,137,51,43,231
100910106,95,67,28,190
100910107,122,56,66,244
100910108,112,93,148,353
100910109,139,90,70,299
100910110,182,62,11,255
100910111,125,85,45,255
100910112,25,51,97,173
100910113,110,35,52,197
100910114,31,32,148,211
100910115,101,31,4,136
100910201,10,31,78,119
100910202,10,12,28,50
100910301,0,0,1,1
100910302,13,32,157,202
100910303,54,41,106,201
100910401,0,0,7,7
100910402,0,0,0,0
100910403,94,95,176,365
100910404,12,28,75,115
100910405,0,0,11,11
100910501,7,18,130,155
100910502,15,26,133,174
100910503,54,31,68,153
100910504,54,28,83,165
100910505,33,46,164,243
100910506,0,1,31,32
100910507,3,6,102,111
100910508,0,9,65,74
100910509,2,19,45,66
100910510,1,0,17,18
100910511,0,0,1,1
100910601,3,1,50,54
100910602,0,0,26,26
100910603,0,0,42,42
100910604,0,0,21,21
100910701,0,0,15,15
100910702,1,2,58,61
100910703,0,0,22,22
100980101,14,43,44,101
100980102,38,79,65,182
100980103,2,0,6,8
100980104,3,7,58,68
100980201,2,9,22,33
100980202,0,8,19,27
100980203,48,74,75,197
100980204,2,18,30,50
100980205,104,32,23,159
100980206,57,60,29,146
100980207,8,18,43,69
100980208,2,16,24,42
100980301,8,13,21,42
100980302,2,3,19,24
100980303,25,46,50,121
100980401,8,15,50,73
100980402,110,65,45,220
100980403,41,64,81,186
100980404,192,147,32,371
100980405,35,79,124,238
100980406,2,5,12,19
100980407,23,66,74,163
100980408,73,82,32,187
100980409,89,60,25,174
100980410,1,4,9,14
101050101,0,2,36,38
101050102,68,7,103,178
101050103,62,11,73,146
101050104,72,30,178,280
101050105,80,26,142,248
101050106,17,53,102,172
101050107,94,44,117,255
101050108,121,45,12,178
101050109,115,31,107,253
101050110,91,17,48,156
101050111,159,30,67,256
101050112,184,40,44,268
101050113,13,15,115,143
101050114,184,51,63,298
101050115,188,13,83,284
101050201,0,0,63,63
101050202,19,25,142,186
101050301,1,0,7,8
101050302,13,13,184,210
101050303,81,18,132,231
101050304,126,8,129,263
101050305,39,4,111,154
101050306,71,26,80,177
101050307,50,15,72,137
101050401,7,4,108,119
101050402,6,6,44,56
101050501,3,6,41,50
101050502,0,0,18,18
101050601,0,0,1,1
101050602,19,10,133,162
101050701,1,1,84,86
101050702,9,10,218,237
101050703,0,0,20,20
101050704,1,0,24,25
101050705,2,0,37,39
101050706,1,0,41,42
101050707,0,7,70,77
101050708,8,4,120,132
101050709,5,6,120,131
101050801,1,2,30,33
101050802,0,0,8,8
101120101,44,36,37,117
101120201,8,10,24,42
101120202,9,12,40,61
101120301,6,4,19,29
101120302,16,21,55,92
101120303,15,13,20,48
101120401,5,7,14,26
101120402,115,56,18,189
101120403,205,116,63,384
101120404,190,87,52,329
101120405,227,50,33,310
101120406,190,100,35,325
101120407,158,62,6,226
101120408,179,85,55,319
101120409,180,92,32,304
101120410,147,57,25,229
101120411,142,33,14,189
101120501,1,4,11,16
101120502,144,38,20,202
101120503,144,56,35,235
101120504,131,64,26,221
101120505,86,86,44,216
101120506,76,115,42,233
101120507,96,85,53,234
101120508,117,70,17,204
101120509,213,62,23,298
101120510,115,77,82,274
101120511,161,37,24,222
101120512,121,43,50,214
101120513,110,92,74,276
101120514,38,78,67,183
101120515,91,60,63,214
140070101,8,6,3,17
140070102,31,33,57,121
140070103,43,24,12,79
140070104,8,12,3,23
140070105,33,19,18,70
140070106,17,3,11,31
140070107,6,3,1,10
140070108,45,54,12,111
140070110,68,42,23,133
140070111,96,69,14,179
140070112,73,54,39,166
140070113,93,41,28,162
140070201,44,31,15,90
140070202,17,6,8,31
140070203,17,10,4,31
140070204,56,37,46,139
140070205,130,19,5,154
140070206,226,44,42,312
140070207,207,46,11,264
140070208,190,59,15,264
140070209,155,36,5,196
140070210,131,22,0,153
140070211,187,68,26,281
140070212,159,22,1,182
140070213,144,29,1,174
140070214,164,30,1,195
140070215,131,36,7,174
140070216,58,11,8,77
140070301,4,5,7,16
140070302,7,4,6,17
140070303,0,2,3,5
140070304,2,11,4,17
140070305,17,17,50,84
140070306,10,11,7,28
140070307,19,8,5,32
140070308,34,36,3,73
140070309,82,160,24,266
140070310,112,76,11,199
140070311,90,124,26,240
140070312,109,111,27,247
140070401,8,5,2,15
140070402,3,2,2,7
140070403,17,3,4,24
140070404,0,2,0,2
140070405,18,12,17,47
140070406,35,22,7,64
140070407,45,17,15,77
140070408,9,5,6,20
140070409,1,0,12,13
140070410,6,2,1,9
140070411,7,4,8,19
140070412,6,3,23,32
140070413,15,4,4,23
140070414,82,36,105,223
140070415,32,14,10,56
140070416,73,45,11,129
140070501,104,75,26,205
140070502,64,45,4,113
140070503,89,66,11,166
140070504,97,51,2,150
140070505,107,70,3,180
140070506,132,73,15,220
140070507,54,74,28,156
140070508,67,72,10,149
140070509,182,79,2,263
140070510,194,126,7,327
140070511,168,127,3,298
140070512,172,98,6,276
140070513,200,45,3,248
140070514,75,93,5,173
140070515,94,71,10,175
140070516,44,58,15,117
140070517,120,112,48,280
140070518,50,60,89,199
140070601,6,3,4,13
140070602,27,21,17,65
140070603,5,13,27,45
140070604,8,5,5,18
140070605,38,21,6,65
140070606,31,31,0,62
140070607,137,104,14,255
140070608,125,91,11,227
140070609,61,80,10,151
140070610,97,23,12,132
140070611,139,70,5,214
140070612,111,49,3,163
140070613,87,36,2,125
140070614,145,74,24,243
140070615,89,39,8,136
140070616,71,38,0,109
140070701,3,13,8,24
140070702,7,9,10,26
140070703,1,4,8,13
140070704,1,4,1,6
140070705,5,8,16,29
140070706,141,121,17,279
140070707,4,7,2,13
140070708,2,5,7,14
140070709,0,2,4,6
140070710,2,6,4,12
140070711,1,6,5,12
140070712,2,7,5,14
140070713,3,15,9,27
140070714,2,2,2,6
140070715,8,38,22,68
140070716,10,1,2,13
140070717,4,0,4,8
140070718,17,6,5,28
140070719,68,87,22,177
140070720,8,7,4,19
140070801,0,3,7,10
140070802,23,16,23,62
140070803,111,147,10,268
140070804,39,22,4,65
140070805,122,168,45,335
140070806,110,84,8,202
140070807,88,174,8,270
140070808,157,124,7,288
140070809,155,79,12,246
140070810,11,12,11,34
140070811,1,7,6,14
140070812,3,6,6,15
140070813,7,5,4,16
140070814,84,214,32,330
140070815,162,149,22,333
140070816,106,101,3,210
140070817,176,143,15,334
140070818,98,170,7,275
140070819,9,21,5,35
140070820,86,79,13,178
140070901,1,3,6,10
140070902,1,8,16,25
140070903,0,9,5,14
140070904,101,130,12,243
140070905,6,7,1,14
140070906,4,13,10,27
140070907,1,7,4,12
140070908,26,60,4,90
140140101,35,91,28,154
140140102,66,157,41,264
140140103,123,172,35,330
140140104,53,98,48,199
140140105,139,157,2,298
140140106,146,162,16,324
140140107,98,120,7,225
140140108,132,66,4,202
140140109,172,156,17,345
140140110,220,50,1,271
140140111,108,64,0,172
140140112,205,97,4,306
140140113,115,171,28,314
140140201,52,170,5,227
140140202,357,89,4,450
140140203,225,115,3,343
140140204,229,40,0,269
140140205,214,7,0,221
140140206,128,50,2,180
140140207,224,124,2,350
140140208,267,12,0,279
140140209,139,97,1,237
140140210,192,62,1,255
140140211,138,41,0,179
140140212,94,134,1,229
140140213,251,90,1,342
140140214,221,94,3,318
140140215,124,218,8,350
140140301,60,41,21,122
140140302,108,249,134,491
140140303,170,134,82,386
140140304,64,111,157,332
140140305,80,132,47,259
140140306,70,128,23,221
140140307,88,108,14,210
140140308,87,159,64,310
140140309,89,131,121,341
140140310,191,54,3,248
140140311,167,92,3,262
140140312,227,124,1,352
140140313,119,202,9,330
140140401,84,231,58,373
140140402,74,139,44,257
140140403,43,38,11,92
140140404,90,148,11,249
140140405,50,384,13,447
140140406,117,211,65,393
140140407,167,114,1,282
140140408,164,247,2,413
140140409,161,110,12,283
140140410,108,156,69,333
140140411,94,225,59,378
140140501,93,88,59,240
140140502,86,192,11,289
140140503,24,171,7,202
140140504,18,261,23,302
140140505,242,129,27,398
140140506,84,76,21,181
140140507,75,110,18,203
140140508,150,178,28,356
140140509,154,49,10,213
140140510,114,239,22,375
140140511,149,135,16,300
140140512,99,166,26,291
140140513,87,198,41,326
140140514,81,198,25,304
140140515,148,224,4,376
140140601,56,89,57,202
140140602,16,22,5,43
140140603,7,41,14,62
140140604,26,65,118,209
140140605,77,35,101,213
140140606,99,125,37,261
140140607,101,219,68,388
140140608,42,55,47,144
140140609,122,131,42,295
140140610,68,183,37,288
140140701,183,131,15,329
140140702,77,126,8,211
140140703,56,108,4,168
140140704,34,175,40,249
140140705,50,195,53,298
140140706,3,3,7,13
140140707,5,117,60,182
140140708,33,179,68,280
140140709,88,237,29,354
140140710,12,21,26,59
140140711,23,95,49,167
140140712,20,19,77,116
140140713,33,199,12,244
140140714,19,223,20,262
140140715,11,212,8,231
140140801,1,1,1,3
140140802,122,80,0,202
140140803,75,34,2,111
140140804,27,87,171,285
140140805,235,161,47,443
140140806,119,108,6,233
140140807,215,60,5,280
140140808,43,114,19,176
140140809,91,206,111,408
140140810,84,137,110,331
140140811,49,203,68,320
140140812,75,144,20,239
140140901,0,0,10,10
140140902,74,164,70,308
140140903,11,91,174,276
140140904,97,121,7,225
140140905,103,236,24,363
140140906,112,75,16,203
140140907,86,46,2,134
140140908,132,216,2,350
140140909,165,187,17,369
140140910,126,187,15,328
140140911,164,201,20,385
140140912,181,195,63,439
140140913,135,158,13,306
140140914,18,196,24,238
140140915,1,0,12,13
140141001,127,29,0,156
140141002,243,177,20,440
140141003,104,111,0,215
140141004,124,123,0,247
140141005,113,72,4,189
140141006,190,154,8,352
140141007,90,61,1,152
140141008,214,218,6,438
140141009,158,162,0,320
140141010,161,135,11,307
140141011,147,210,21,378
140141012,180,42,2,224
140141013,98,163,14,275
140141014,112,74,0,186
140141015,128,85,0,213
140141016,166,97,1,264
140141017,159,65,1,225
140141018,132,60,1,193
140141101,63,28,13,104
140141102,108,104,12,224
140141103,110,136,13,259
140141104,111,74,10,195
140141105,154,89,22,265
140141106,109,93,24,226
140141107,111,71,36,218
140141108,7,223,17,247
140141109,36,238,110,384
140141110,123,76,11,210
140141111,71,143,66,280
140141201,51,83,100,234
140141202,138,163,15,316
140141203,114,181,17,312
140141204,117,222,8,347
140141205,213,138,23,374
140141206,112,96,32,240
140141207,137,116,3,256
140141208,193,116,6,315
140141209,188,119,9,316
140141301,60,52,4,116
140141302,110,216,7,333
140141303,125,125,12,262
140141304,123,188,17,328
140141305,37,143,26,206
140141306,32,92,52,176
140141307,68,219,33,320
140141308,64,190,20,274
140141309,71,315,31,417
140141310,45,44,62,151
140141401,90,154,74,318
140141402,114,239,101,454
140141403,73,212,47,332
140141404,46,94,50,190
140141405,37,176,25,238
140141406,145,157,26,328
140141407,212,119,17,348
140141408,3,3,4,10
140141501,156,42,2,200
140141502,185,56,0,241
140141503,89,97,1,187
140141504,86,159,2,247
140141505,155,138,0,293
140141506,72,364,10,446
140141507,114,79,1,194
140141508,143,65,27,235
140141509,249,142,1,392
140141510,118,168,26,312
140141511,209,163,6,378
140141512,125,62,1,188
140141513,336,105,13,454
140141514,174,152,7,333
140141515,185,49,9,243
140141516,20,73,62,155
140141517,61,96,145,302
140141518,164,58,0,222
140141519,149,92,5,246
140141520,132,132,83,347
140141601,107,184,39,330
140141602,73,303,21,397
140141603,67,119,229,415
140141604,47,86,44,177
140141605,69,117,62,248
140141606,64,167,72,303
140141607,73,156,62,291
140141608,51,99,21,171
140141609,60,109,22,191
140141610,113,100,32,245
140141611,11,162,78,251
140141612,15,44,188,247
140141613,26,72,156,254
140141614,29,79,139,247
140141615,33,64,128,225
140141616,12,56,453,521
140141617,48,93,152,293
140141618,41,308,31,380
140141701,233,124,30,387
140141702,170,111,10,291
140141703,96,133,30,259
140141704,142,186,40,368
140141705,203,78,16,297
140141706,250,127,23,400
140141707,54,110,45,209
140141708,78,167,50,295
140141709,78,133,9,220
140141710,178,135,17,330
140141711,170,138,15,323
140141712,99,118,23,240
140141713,150,207,60,417
140141714,110,129,11,250
140141715,131,149,90,370
140141716,73,250,82,405
140141717,146,225,64,435
140141718,135,155,40,330
140141719,120,122,24,266
140141720,113,62,6,181
140141721,205,144,22,371
140141801,149,162,70,381
140141802,33,210,20,263
140141803,58,193,12,263
140141804,66,138,8,212
140141805,119,216,51,386
140141806,73,73,67,213
140141807,70,126,20,216
140141808,173,227,46,446
140141809,220,84,22,326
140141810,99,139,5,243
140141811,171,144,14,329
140141812,145,127,33,305
140141813,177,117,2,296
140141814,137,180,9,326
140141815,73,142,36,251
140141816,82,211,127,420
140141817,26,214,3,243
140141818,22,218,4,244
140141901,191,156,13,360
140141902,71,133,25,229
140141903,88,110,36,234
140141904,104,108,69,281
140141905,60,65,86,211
140141906,137,170,28,335
140141907,68,283,19,370
140141908,53,158,198,409
140141909,54,135,103,292
140141910,46,133,13,192
140141911,176,202,13,391
140141912,15,132,78,225
140141913,149,174,5,328
140141914,84,201,39,324
140141915,227,177,13,417
140141916,211,148,21,380
140141917,142,76,8,226
140141918,184,46,6,236
140141919,6,33,197,236
140142001,115,106,27,248
140142002,151,77,5,233
140142003,169,78,4,251
140142004,212,82,15,309
140142005,264,93,11,368
140142006,123,99,14,236
140142007,143,90,13,246
140142008,126,76,2,204
140142009,124,92,1,217
140142010,125,121,5,251
140142011,156,63,1,220
140142012,217,74,1,292
140142013,190,80,5,275
140142014,194,79,2,275
140142015,91,94,0,185
140142016,260,95,12,367
140142101,179,52,41,272
140142102,201,53,21,275
140142103,190,52,10,252
140142104,316,60,2,378
140142105,180,26,1,207
140142201,156,41,0,197
140142202,261,53,4,318
140142203,153,48,1,202
140142204,161,31,5,197
140142205,89,29,0,118
140142206,248,161,6,415
140142207,168,30,3,201
140142208,150,180,5,335
140142209,79,150,1,230
140142210,150,137,1,288
140142211,134,142,2,278
140142212,230,58,1,289
140142213,1,0,2,3
140142214,170,58,0,228
140142215,234,73,0,307
140142216,220,60,2,282
140142217,136,99,63,298
140142218,132,81,180,393
140142301,159,38,3,200
140142302,191,90,3,284
140142303,147,66,1,214
140142304,109,75,1,185
140142305,120,44,8,172
140142306,170,85,0,255
140142307,149,98,1,248
140142308,253,69,19,341
140142309,123,42,1,166
140142310,202,52,2,256
140142311,174,40,0,214
140142312,172,72,1,245
140142313,356,90,2,448
140142314,124,101,17,242
140142315,184,74,5,263
140142316,131,61,2,194
140142401,176,154,1,331
140142402,239,91,0,330
140142403,254,36,0,290
140142404,304,106,2,412
140142405,191,63,1,255
140142406,221,78,1,300
140142407,187,60,4,251
140142408,158,86,0,244
140142409,190,96,1,287
140142410,123,57,0,180
140142411,129,92,1,222
140142412,127,56,0,183
140142413,160,54,3,217
140142414,170,28,0,198
140142501,235,33,1,269
140142502,94,87,0,181
140142503,53,35,0,88
140142504,165,148,5,318
140142505,113,114,3,230
140142506,164,158,3,325
140142507,165,138,7,310
140142508,77,95,3,175
140142509,110,73,6,189
140142510,121,64,1,186
140142511,101,137,2,240
140142512,157,73,1,231
140142513,195,36,0,231
140142514,135,71,2,208
140142515,244,99,0,343
140142516,184,129,1,314
140142517,87,128,6,221
140142518,174,132,2,308
140142601,119,88,10,217
140142602,52,119,4,175
140142603,171,51,3,225
140142604,77,88,1,166
140142605,113,54,5,172
140142606,80,142,7,229
140142607,94,128,4,226
140142608,171,166,5,342
140142609,128,120,16,264
140142610,73,117,4,194
140142611,207,143,11,361
140142612,170,105,1,276
140142613,141,53,8,202
140142614,107,129,3,239
140142615,148,152,5,305
140142616,174,61,4,239
140142701,88,140,3,231
140142702,117,169,16,302
140142703,134,152,30,316
140142704,74,164,5,243
140142705,75,104,0,179
140142706,117,99,3,219
140142707,184,85,6,275
140142708,120,172,3,295
140142709,58,132,7,197
140142710,95,175,7,277
140142711,147,102,3,252
140142712,103,98,4,205
140142801,250,130,1,381
140142802,190,116,1,307
140142803,257,102,1,360
140142804,226,168,4,398
140142805,220,88,2,310
140142806,163,34,55,252
140142807,90,128,6,224
140142808,210,148,5,363
140142809,132,145,7,284
140142810,123,166,19,308
140142811,112,147,11,270
140142812,138,95,5,238
140142813,128,185,26,339
140142814,52,153,106,311
140142815,183,56,7,246
140142816,100,135,183,418
140142901,170,134,0,304
140142902,139,120,2,261
140142903,199,67,8,274
140142904,105,147,27,279
140142905,103,180,26,309
140142906,262,101,0,363
140142907,121,100,2,223
140142908,132,123,5,260
140142909,155,95,32,282
140142910,82,137,40,259
140142911,79,98,23,200
140142912,70,137,39,246
140142913,121,121,4,246
140142914,145,123,4,272
140142915,150,221,11,382
140142916,156,121,8,285
140142917,97,193,15,305
140142918,55,96,63,214
140142919,54,103,51,208
140143001,106,139,14,259
140143002,144,220,14,378
140143003,165,71,5,241
140143004,95,183,37,315
140143005,35,129,22,186
140143006,116,119,15,250
140143007,22,95,19,136
140143008,125,137,11,273
140143009,188,167,7,362
140143010,118,147,4,269
140143011,129,144,4,277
140143012,125,166,12,303
140143013,184,105,8,297
140143014,94,193,23,310
140143015,135,98,19,252
140143101,85,162,14,261
140143102,108,193,75,376
140143103,85,267,33,385
140143104,27,259,3,289
140143105,100,200,6,306
140143106,96,150,8,254
140143107,203,207,4,414
140143108,116,168,3,287
140143109,188,152,33,373
140143110,87,116,25,228
140143111,131,97,8,236
140143112,80,231,32,343
140143113,142,115,9,266
140143114,97,157,9,263
140143115,68,149,7,224
140143116,90,197,18,305
140143201,89,121,6,216
140143202,213,155,16,384
140143203,111,111,1,223
140143204,109,109,8,226
140143205,121,176,17,314
140143206,178,115,17,310
140143207,194,151,12,357
140143208,63,161,26,250
140143209,128,92,5,225
140143210,184,218,11,413
140143211,101,125,39,265
140143212,88,121,6,215
140143213,167,103,1,271
140143301,120,121,18,259
140143302,147,59,2,208
140143303,104,138,7,249
140143304,106,86,12,204
140143305,73,129,10,212
140143306,83,104,9,196
140143307,178,115,2,295
140143308,193,130,9,332
140143309,110,129,7,246
140143310,68,172,1,241
140143311,125,136,2,263
140143312,151,84,5,240
140143313,155,87,9,251
140143314,126,84,5,215
140143315,145,114,8,267
140143316,112,82,4,198
140143317,157,148,5,310
140143318,210,153,0,363
140143319,128,114,31,273
140143320,131,74,3,208
140143401,120,84,14,218
140143402,213,59,7,279
140143403,189,63,0,252
140143404,92,41,0,133
140143405,82,81,4,167
140143406,105,58,5,168
140143407,144,48,4,196
140143408,102,86,5,193
140143409,196,40,9,245
140143410,151,38,3,192
140143411,115,75,2,192
140143412,151,72,3,226
140143413,165,62,2,229
140143414,126,62,7,195
140143415,144,48,5,197
140143416,209,16,1,226
140143417,125,64,1,190
140143418,223,111,6,340
140143419,120,64,2,186
140143501,52,190,3,245
140143502,204,201,12,417
140143503,81,118,3,202
140143504,203,166,0,369
140143505,134,47,0,181
140143506,1,170,507,678
140143507,88,242,5,335
140143508,159,92,3,254
140143509,142,77,7,226
140143510,56,152,4,212
140143511,155,127,7,289
140143512,70,169,11,250
140143513,152,53,4,209
140143514,169,135,14,318
140143601,138,102,1,241
140143602,167,61,0,228
140143603,137,165,9,311
140143604,145,151,2,298
140143605,168,111,2,281
140143606,158,77,2,237
140143607,129,124,2,255
140143608,164,91,2,257
140143609,137,65,2,204
140143610,70,120,2,192
140143611,99,142,7,248
140143612,142,103,4,249
140143613,144,61,1,206
140143614,121,87,0,208
140143701,239,119,8,366
140143702,43,99,10,152
140143703,53,132,18,203
140143704,91,119,13,223
140143705,119,86,10,215
140143706,85,101,24,210
140143707,146,118,6,270
140143708,157,128,12,297
140143709,96,120,4,220
140143710,126,79,6,211
140143711,229,165,9,403
140143712,92,128,12,232
140143713,109,106,4,219
140143714,80,94,6,180
140143715,171,37,2,210
140143716,100,77,6,183
140143717,91,60,34,185
140143718,80,76,6,162
140143719,151,56,0,207
140143720,145,55,1,201
140143721,91,66,2,159
140143801,172,170,8,350
140143802,177,125,2,304
140143803,188,136,0,324
140143804,143,152,4,299
140143805,136,80,0,216
140143806,160,88,2,250
140143807,150,98,1,249
140143808,227,125,7,359
140143809,117,110,7,234
140143810,197,94,2,293
140143811,141,112,2,255
140143812,61,151,3,215
140143813,136,149,1,286
140143814,190,103,1,294
140143815,166,75,2,243
140143816,161,59,2,222
140143901,71,93,7,171
140143902,193,98,81,372
140143903,229,104,0,333
140143904,144,63,1,208
140143905,111,79,0,190
140143906,153,61,3,217
140143907,93,89,15,197
140143908,148,108,3,259
140143909,197,74,8,279
140143910,193,61,2,256
140143911,136,99,2,237
140143912,176,134,3,313
140143913,79,74,13,166
140144001,121,121,3,245
140144002,107,96,7,210
140144003,111,108,4,223
140144004,80,106,2,188
140144005,85,70,1,156
140144006,125,49,1,175
140144007,172,49,4,225
140144008,180,82,26,288
140144009,104,103,7,214
140144010,129,94,4,227
140144011,131,66,7,204
140144012,140,82,4,226
140144101,192,59,0,251
140144102,145,49,3,197
140144103,220,88,4,312
140144104,119,72,2,193
140144105,127,81,2,210
140144106,172,64,2,238
140144107,168,46,3,217
140144108,111,43,3,157
140144109,155,50,2,207
140144110,199,84,2,285
140144111,99,82,1,182
140144112,237,51,2,290
140144113,184,97,2,283
140144114,171,135,1,307
140144115,147,102,2,251
140144116,177,17,1,195
140144117,164,88,2,254
140144118,182,40,1,223
140144119,149,54,1,204
140144201,114,77,0,191
140144202,109,26,1,136
140144203,99,39,0,138
140144204,98,74,0,172
140144205,139,43,1,183
140144206,202,23,1,226
140144207,240,30,0,270
140144208,287,86,0,373
140144209,149,50,0,199
140144210,132,58,1,191
140144211,160,76,1,237
140144212,174,99,1,274
140144213,147,74,0,221
140144214,268,31,0,299
140144215,159,42,0,201
140144216,234,61,18,313
140144217,196,45,0,241
140144218,99,102,38,239
140144219,212,103,4,319
140144220,234,84,2,320
140144301,211,108,3,322
140144302,156,207,50,413
140144303,104,117,75,296
140144304,76,143,106,325
140144305,41,72,46,159
140144306,126,165,64,355
140144307,73,148,53,274
140144308,67,163,106,336
140144309,167,143,12,322
140144310,135,83,3,221
140144311,204,69,1,274
140144401,452,67,0,519
140144402,141,96,2,239
140144403,143,120,7,270
140144404,85,101,3,189
140144405,166,37,1,204
140144406,272,173,2,447
140144407,213,97,1,311
140144408,189,9,1,199
140144409,95,96,72,263
140144410,159,82,6,247
140144411,218,171,12,401
140144501,123,123,79,325
140144502,185,189,54,428
140144503,122,82,35,239
140144504,157,123,12,292
140144505,253,40,3,296
140144506,203,91,0,294
140144507,218,94,14,326
140144508,200,86,0,286
140144509,276,48,0,324
140144510,215,154,6,375
140144511,167,99,6,272
140144512,167,83,13,263
140144513,98,90,0,188
140144601,49,159,24,232
140144602,178,133,41,352
140144603,113,103,5,221
140144604,93,93,10,196
140144605,80,111,11,202
140144606,99,155,8,262
140144607,104,106,4,214
140144608,141,73,5,219
140144609,135,129,12,276
140144610,132,111,15,258
140144611,189,88,19,296
140144612,175,67,6,248
140144613,65,68,8,141
140144614,144,144,21,309
140144615,116,147,8,271
140144616,88,122,23,233
140144701,74,55,4,133
140144702,84,71,4,159
140144703,212,80,0,292
140144704,105,49,3,157
140144705,110,52,3,165
140144706,162,49,2,213
140144707,159,97,5,261
140144708,172,103,15,290
140144709,130,45,12,187
140144710,112,77,2,191
140144711,154,65,3,222
140144712,359,55,3,417
140144801,125,49,0,174
140144802,195,71,0,266
140144803,176,91,5,272
140144804,143,74,23,240
140144805,183,49,2,234
140144806,68,120,1,189
140144807,237,60,1,298
140144808,175,43,0,218
140144809,114,42,2,158
140144810,249,80,1,330
140144811,183,70,0,253
140144812,136,81,6,223
140144813,223,33,2,258
140144814,149,80,4,233
140144815,242,120,10,372
140144816,174,83,1,258
140144901,78,53,4,135
140144902,82,79,7,168
140144903,96,43,6,145
140144904,90,82,5,177
140144905,134,68,4,206
140144906,51,77,2,130
140144907,204,105,23,332
140144908,173,100,26,299
140144909,213,90,7,310
140144910,99,48,0,147
140144911,70,26,0,96
140144912,146,21,1,168
140144913,238,91,1,330
140144914,169,51,2,222
140144915,170,74,2,246
140144916,238,107,0,345
140144917,121,30,0,151
140144918,136,20,0,156
140144919,188,29,0,217
140144920,121,76,1,198
140144921,219,70,0,289
140145001,126,119,5,250
140145002,142,114,27,283
140145003,120,88,1,209
140145004,120,90,10,220
140145005,133,76,4,213
140145006,102,103,2,207
140145007,197,76,0,273
140145008,181,50,4,235
140145009,281,76,0,357
140145010,153,93,1,247
140145011,195,50,10,255
140145012,145,46,4,195
140145013,101,90,1,192
140145014,157,80,0,237
140145015,166,96,0,262
140145101,182,79,1,262
140145102,120,106,5,231
140145103,91,93,3,187
140145104,102,138,2,242
140145105,155,62,6,223
140145106,185,121,1,307
140145107,96,167,10,273
140145108,92,146,5,243
140145109,175,126,3,304
140145110,85,124,7,216
140145111,109,131,3,243
140145112,164,149,5,318
140145113,129,135,31,295
140145114,100,135,10,245
140145115,54,114,14,182
140145116,70,46,27,143
140145117,139,159,25,323
140145118,146,88,14,248
140145119,147,153,31,331
140145120,128,120,237,485
140145121,16,62,163,241
140145201,177,44,0,221
140145202,206,120,2,328
140145203,71,136,4,211
140145204,66,119,209,394
140145205,116,40,1,157
140145206,125,62,1,188
140145207,165,51,0,216
140145208,156,53,1,210
140145209,45,136,3,184
140145210,113,65,4,182
140145211,66,77,5,148
140145212,77,161,44,282
140145213,156,60,7,223
140145214,154,75,7,236
140145215,103,52,1,156
140145216,96,112,18,226
140145217,39,106,60,205
140145218,84,150,29,263
140145219,128,111,13,252
140145301,157,79,4,240
140145302,145,69,0,214
140145303,85,49,0,134
140145304,154,8,1,163
140145305,156,15,5,176
140145306,229,38,1,268
140145307,169,45,1,215
140145308,210,75,7,292
140145309,121,94,3,218
140145310,197,71,6,274
140145311,170,75,0,245
140145312,175,25,2,202
140145313,106,71,2,179
140145314,117,55,3,175
140145315,235,101,0,336
140145316,89,70,0,159
140145317,81,87,1,169
140145318,151,46,0,197
140145319,157,36,4,197
140145320,91,42,2,135
140145401,98,46,2,146
140145402,76,78,21,175
140145403,112,90,0,202
140145404,176,29,0,205
140145405,88,46,1,135
140145406,228,35,0,263
140145407,130,20,0,150
140145408,117,51,0,168
140145409,132,90,0,222
140145410,112,40,0,152
140145411,66,48,0,114
140145412,174,34,0,208
140145413,281,116,0,397
140145414,214,38,0,252
140145415,175,39,1,215
140145416,171,24,0,195
140145501,121,97,3,221
140145502,111,77,24,212
140145503,56,22,2,80
140145504,98,23,0,121
140145505,66,72,0,138
140145506,98,7,0,105
140145507,109,37,0,146
140145508,21,33,0,54
140145509,98,41,0,139
140145510,97,57,0,154
140145511,194,12,0,206
140145512,77,66,0,143
140145513,113,12,0,125
140145514,79,60,0,139
140145515,75,6,0,81
140145516,151,32,15,198
140145517,268,70,0,338
140145518,111,17,0,128
140145519,230,34,4,268
140145601,150,49,0,199
140145602,162,55,0,217
140145603,133,69,7,209
140145604,105,50,3,158
140145605,87,51,0,138
140145606,106,36,4,146
140145607,101,21,1,123
140145608,76,45,0,121
140145609,80,56,2,138
140145610,83,4,0,87
140145611,203,38,2,243
140145612,51,36,2,89
140145613,111,32,0,143
140145614,106,20,0,126
140145615,86,40,0,126
140145616,96,32,2,130
140145617,109,69,1,179
140145618,123,77,3,203
140145619,140,24,0,164
140145701,282,71,1,354
140145702,146,70,1,217
140145703,172,68,1,241
140145704,335,52,0,387
140145705,141,8,0,149
140145706,93,20,0,113
140145707,83,110,0,193
140145708,65,5,0,70
140145709,46,90,0,136
140145710,94,53,0,147
140145711,150,21,0,171
140145712,103,30,0,133
140145713,145,77,1,223
140145714,203,56,0,259
140145715,270,37,0,307
140145716,101,4,0,105
140145801,81,53,2,136
140145802,191,62,5,258
140145803,93,51,3,147
140145804,170,49,0,219
140145805,122,104,10,236
140145806,175,106,2,283
140145807,124,66,2,192
140145808,224,41,5,270
140145809,202,58,0,260
140145810,53,64,0,117
140145811,248,47,4,299
140145812,224,39,2,265
140145813,77,12,1,90
140145901,117,93,21,231
140145902,124,25,0,149
140145903,154,127,3,284
140145904,183,81,2,266
140145905,52,156,10,218
140145906,133,67,16,216
140145907,128,65,2,195
140145908,76,36,6,118
140145909,119,85,4,208
140145910,153,51,2,206
140145911,111,45,1,157
140145912,238,76,0,314
140146001,128,121,15,264
140146002,136,97,9,242
140146003,130,72,2,204
140146004,219,64,5,288
140146005,229,116,2,347
140146006,158,90,4,252
140146007,144,52,6,202
140146008,106,63,12,181
140146009,195,61,4,260
140146010,157,44,8,209
140146011,295,64,1,360
140146012,110,50,1,161
140146013,115,100,2,217
140146014,201,151,6,358
140146015,204,109,15,328
140146016,128,111,3,242
140146017,198,125,3,326
140146018,169,133,2,304
140146101,64,136,67,267
140146102,36,174,45,255
140146103,45,145,23,213
140146104,44,106,42,192
140146105,39,90,155,284
140146106,103,113,2,218
140146107,40,108,71,219
140146108,109,121,26,256
140146109,96,117,8,221
140146110,101,104,6,211
140146111,110,90,58,258
140146112,169,174,84,427
140146113,75,184,75,334
140146114,29,70,124,223
140146115,43,81,115,239
140146201,149,90,0,239
140146202,206,67,4,277
140146203,154,96,4,254
140146204,109,95,10,214
140146205,125,78,5,208
140146206,198,44,2,244
140146207,134,88,7,229
140146208,145,90,1,236
140146209,221,97,3,321
140146210,196,111,2,309
140146211,155,138,82,375
140146212,123,161,8,292
140146213,121,121,16,258
140146301,118,85,6,209
140146302,182,33,0,215
140146303,162,34,1,197
140146304,169,49,3,221
140146305,194,155,2,351
140146306,173,111,3,287
140146307,211,58,7,276
140146308,178,88,1,267
140146309,99,166,1,266
140146310,138,64,3,205
140146311,128,72,2,202
140146312,63,105,0,168
140146313,103,98,3,204
140146401,121,80,4,205
140146402,282,96,5,383
140146403,198,89,5,292
140146404,271,25,26,322
140146405,132,65,35,232
140146406,130,85,1,216
140146407,235,112,3,350
140146408,200,90,6,296
140146409,208,108,5,321
140146410,209,88,8,305
140146411,87,145,13,245
140146501,128,81,0,209
140146502,222,82,4,308
140146503,149,53,0,202
140146504,74,69,0,143
140146505,127,79,1,207
140146506,189,79,0,268
140146507,65,59,35,159
140146508,117,25,2,144
140146509,115,69,1,185
140146510,122,55,2,179
140146511,86,151,23,260
140146512,195,104,2,301
140146513,119,44,7,170
140146514,176,178,11,365
140146515,69,45,33,147
140146516,155,129,11,295
140146601,258,43,2,303
140146602,276,43,7,326
140146603,125,5,1,131
140146604,207,23,2,232
140146605,143,46,1,190
140146606,185,42,1,228
140146607,207,29,4,240
140146608,56,19,1,76
140146609,162,56,1,219
140146610,132,27,1,160
140146611,109,23,0,132
140146612,171,39,1,211
140146613,137,26,1,164
140146614,274,60,1,335
140146701,152,56,1,209
140146702,85,14,0,99
140146703,252,105,1,358
140146704,98,71,0,169
140146705,177,29,0,206
140146706,238,65,1,304
140146707,186,15,0,201
140146708,196,59,0,255
140146709,213,49,0,262
140146710,208,19,0,227
140146711,441,21,0,462
140146801,144,45,0,189
140146802,93,45,1,139
140146803,213,94,3,310
140146804,375,53,2,430
140146805,87,31,0,118
140146806,217,25,11,253
140146807,122,38,1,161
140146808,57,20,4,81
140146809,193,72,4,269
140146810,158,46,4,208
140146811,68,36,1,105
140146812,116,36,13,165
140146813,65,21,0,86
140146814,149,100,2,251
140146901,148,79,0,227
140146902,127,1,0,128
140146903,104,49,9,162
140146904,174,42,1,217
140146905,186,51,0,237
140146906,142,54,11,207
140146907,123,72,3,198
140146908,93,89,27,209
140146909,168,1,0,169
140146910,132,39,4,175
140146911,296,70,27,393
140146912,168,8,0,176
140146913,71,14,0,85
140146914,314,33,1,348
140147001,227,59,1,287
140147002,243,23,0,266
140147003,230,95,1,326
140147004,166,23,0,189
140147005,307,28,0,335
140147006,250,87,1,338
140147007,170,81,0,251
140147008,229,38,1,268
140147009,225,8,2,235
140147010,282,51,1,334
140147011,167,44,1,212
140147101,118,58,0,176
140147102,299,72,1,372
140147103,201,80,0,281
140147104,305,68,1,374
140147105,219,58,0,277
140147106,231,120,7,358
140147107,340,77,0,417
140147108,188,63,0,251
140147109,306,100,1,407
140147110,309,96,0,405
140147111,171,85,0,256
140147201,444,159,3,606
140147202,608,94,5,707
140147203,477,155,0,632
140147204,443,122,0,565
140147205,207,28,0,235
140147206,417,162,0,579
140147207,466,199,5,670
140147301,128,45,8,181
140147302,114,92,1,207
140147303,82,104,5,191
140147304,128,96,2,226
140147305,137,83,0,220
140147306,139,93,17,249
140147307,28,46,79,153
140147308,148,54,17,219
140147309,169,106,10,285
140147310,108,73,1,182
140147311,148,71,3,222
140147312,92,104,6,202
140147313,107,102,3,212
140147401,53,154,49,256
140147402,96,100,46,242
140147403,59,123,13,195
140147404,113,88,11,212
140147405,54,158,14,226
140147406,131,160,27,318
140147407,91,159,9,259
140147408,95,176,6,277
140147409,64,169,2,235
140147410,85,135,16,236
140147411,107,117,84,308
140147412,119,203,4,326
140147413,120,115,0,235
140147414,126,147,2,275
140147415,149,120,11,280
140147416,119,84,4,207
140147417,152,102,0,254
140147418,169,72,4,245
140147501,8,148,167,323
140147502,65,89,36,190
140147503,97,95,50,242
140147504,49,95,65,209
140147505,49,128,45,222
140147506,53,184,56,293
140147507,115,160,35,310
140147508,124,73,28,225
140147509,138,105,34,277
140147510,161,138,16,315
140147511,115,151,38,304
140147512,46,140,31,217
140147513,134,199,79,412
140147514,77,205,96,378
140147515,108,238,40,386
140147516,81,137,18,236
140147517,123,150,14,287
140147518,24,122,148,294
140147519,60,268,54,382
140147601,123,189,9,321
140147602,158,129,8,295
140147603,88,135,15,238
140147604,107,156,10,273
140147605,99,161,15,275
140147606,191,325,24,540
140147607,158,92,13,263
140147608,182,62,5,249
140147609,159,104,11,274
140147610,175,109,2,286
140147611,166,111,4,281
140147612,184,106,14,304
140147613,86,102,19,207
140147614,144,110,11,265
140147615,171,48,19,238
140147616,122,200,32,354
140147617,172,108,20,300
140147701,184,141,7,332
140147702,151,74,10,235
140147703,88,78,65,231
140147704,140,107,5,252
140147705,172,107,4,283
140147706,172,75,4,251
140147707,248,95,2,345
140147708,172,95,3,270
140147709,158,93,4,255
140147710,172,106,3,281
140147711,99,109,2,210
140147712,109,136,15,260
140147713,149,154,79,382
140147714,96,96,17,209
140147715,80,195,11,286
140147716,63,145,4,212
140147717,128,122,42,292
140147718,139,84,6,229
140147719,33,163,46,242
140147720,190,116,3,309
140147721,81,95,4,180
140147722,96,123,28,247
140147801,134,185,9,328
140147802,91,73,13,177
140147803,111,109,6,226
140147804,110,100,12,222
140147805,126,88,11,225
140147806,88,33,2,123
140147807,108,141,8,257
140147808,172,97,2,271
140147809,128,122,13,263
140147810,192,93,4,289
140147811,235,143,0,378
140147812,180,79,12,271
140147813,148,49,2,199
140147814,370,45,1,416
140147815,119,59,1,179
140147816,105,27,23,155
140147901,201,92,4,297
140147902,208,70,3,281
140147903,143,58,8,209
140147904,130,65,4,199
140147905,186,38,1,225
140147906,189,106,0,295
140147907,136,172,7,315
140147908,113,97,4,214
140147909,237,137,0,374
140147910,118,91,14,223
140147911,116,130,20,266
140147912,83,67,8,158
140147913,56,130,43,229
140147914,74,100,4,178
140147915,110,169,42,321
140147916,206,68,0,274
140147917,150,125,2,277
140147918,133,93,3,229
140147919,79,142,3,224
140147920,121,117,10,248
140148001,227,16,0,243
140148002,183,33,0,216
140148003,87,93,0,180
140148004,121,61,0,182
140148005,236,3,0,239
140148006,278,92,2,372
140148007,103,52,0,155
140148008,116,34,3,153
140148009,166,28,1,195
140148010,194,40,0,234
140148011,141,50,1,192
140148012,133,42,0,175
140148013,59,64,12,135
140148014,28,60,40,128
140148101,184,73,1,258
140148102,235,62,0,297
140148103,549,34,0,583
140148104,508,24,9,541
140148105,465,53,2,520
140148106,566,103,2,671
140148107,181,41,2,224
140148108,221,44,0,265
140148109,223,16,0,239
140148110,143,32,8,183
140148201,259,47,0,306
140148202,314,79,1,394
140148203,290,25,2,317
140148204,460,70,1,531
140148205,131,70,1,202
140148206,117,32,0,149
140148207,259,71,0,330
140148208,454,129,3,586
140148209,254,50,0,304
140148210,146,44,3,193
140148211,191,20,0,211
140148301,143,107,9,259
140148302,165,114,7,286
140148303,120,122,11,253
140148304,93,117,18,228
140148305,99,86,23,208
140148306,49,99,14,162
140148307,190,72,18,280
140148308,62,72,19,153
140148309,233,64,4,301
140148310,124,47,6,177
140148311,100,104,16,220
140148312,95,155,26,276
140148313,128,71,17,216
140148314,145,88,20,253
140148315,79,105,0,184
140148316,125,31,3,159
140148401,114,140,10,264
140148402,177,75,2,254
140148403,142,116,2,260
140148404,111,61,2,174
140148405,156,101,2,259
140148406,116,54,2,172
140148407,88,66,3,157
140148408,121,98,2,221
140148409,164,58,1,223
140148410,114,110,4,228
140148411,166,48,2,216
140148412,137,110,3,250
140148501,120,138,1,259
140148502,136,85,1,222
140148503,149,62,1,212
140148504,174,80,1,255
140148505,223,73,1,297
140148506,145,163,6,314
140148507,156,54,1,211
140148508,219,151,17,387
140148509,155,208,11,374
140148510,234,83,11,328
140148511,58,220,61,339
140148512,37,182,51,270
140148513,120,134,54,308
140148514,155,175,1,331
140148515,126,72,2,200
140148516,192,91,0,283
140148601,12,81,106,199
140148602,36,69,46,151
140148603,68,123,28,219
140148604,53,136,112,301
140148605,94,162,78,334
140148606,79,124,67,270
140148607,75,171,32,278
140148608,79,126,30,235
140148609,22,111,120,253
140148610,65,134,136,335
140148611,75,118,8,201
140148612,85,104,19,208
140148701,208,79,10,297
140148702,137,121,8,266
140148703,86,77,12,175
140148704,84,119,18,221
140148705,108,241,33,382
140148706,51,130,17,198
140148707,97,106,20,223
140148708,98,252,19,369
140148709,108,66,8,182
140148710,134,62,19,215
140148711,110,117,40,267
140148712,122,130,28,280
140148713,93,62,11,166
140148801,103,128,1,232
140148802,169,118,3,290
140148803,162,97,5,264
140148804,143,91,8,242
140148805,81,40,1,122
140148806,126,138,8,272
140148807,187,104,0,291
140148808,127,116,5,248
140148809,115,134,1,250
140148810,143,124,4,271
140148811,154,185,12,351
140148812,152,113,3,268
140148813,131,135,6,272
140148814,45,296,1,342
140148815,143,183,1,327
140148901,191,50,4,245
140148902,156,37,1,194
140148903,228,146,4,378
140148904,282,76,0,358
140148905,137,71,7,215
140148906,182,120,3,305
140148907,165,91,0,256
140148908,169,38,0,207
140148909,169,92,1,262
140148910,176,47,3,226
140148911,91,89,11,191
140148912,96,104,14,214
140148913,189,63,2,254
140148914,159,62,2,223
140148915,292,69,5,366
140148916,118,237,23,378
140149001,138,61,9,208
140149002,88,70,51,209
140149003,83,79,8,170
140149004,148,32,1,181
140149005,101,104,7,212
140149006,125,115,23,263
140149007,153,125,44,322
140149008,178,26,1,205
140149009,208,42,1,251
140149010,134,39,1,174
140149011,160,33,16,209
140149012,109,99,47,255
140149013,63,130,119,312
140149014,150,77,4,231
140149015,183,82,0,265
140149101,253,113,4,370
140149102,212,92,1,305
140149103,132,100,12,244
140149104,213,124,12,349
140149105,113,89,4,206
140149106,146,176,2,324
140149107,187,112,19,318
140149108,148,113,1,262
140149109,175,13,3,191
140149110,129,180,2,311
140149111,206,63,6,275
140149112,240,58,1,299
140149113,139,137,12,288
140149114,173,208,7,388
140149115,156,135,4,295
140149116,155,67,3,225
140149117,199,59,2,260
140149118,124,172,0,296
140149119,184,107,5,296
140149120,110,117,0,227
140149201,211,82,1,294
140149202,89,65,0,154
140149203,149,26,1,176
140149204,60,139,17,216
140149205,82,135,3,220
140149206,71,141,2,214
140149207,81,85,13,179
140149208,117,57,7,181
140149209,148,117,4,269
140149210,171,73,3,247
140149211,135,102,1,238
140149212,182,112,2,296
140149213,66,87,4,157
140149214,190,104,3,297
140149215,168,71,0,239
140149216,140,122,1,263
140149217,170,95,4,269
140149218,190,24,1,215
140149301,171,57,5,233
140149302,155,85,0,240
140149303,134,185,14,333
140149304,120,231,28,379
140149305,127,117,8,252
140149306,199,100,38,337
140149307,104,154,10,268
140149308,212,169,8,389
140149309,149,89,11,249
140149310,199,128,6,333
140149311,157,193,14,364
140149312,221,176,1,398
140149313,71,143,0,214
140149314,118,50,0,168
140149315,86,132,12,230
140149316,128,92,10,230
140149317,181,189,11,381
140149318,151,146,0,297
140149319,113,127,49,289
140149320,77,65,2,144
140149321,224,39,1,264
140149401,148,128,4,280
140149402,99,129,12,240
140149403,115,59,27,201
140149404,124,234,59,417
140149405,110,222,4,336
140149406,156,88,10,254
140149407,159,192,26,377
140149408,219,172,3,394
140149409,69,180,21,270
140149410,127,81,17,225
140149411,66,146,44,256
140149412,98,131,35,264
140149413,61,163,21,245
140149414,104,71,9,184
140149501,89,122,7,218
140149502,98,129,3,230
140149503,109,72,5,186
140149504,73,176,13,262
140149505,50,247,1,298
140149506,186,97,1,284
140149507,20,221,5,246
140149508,21,276,27,324
140149509,129,118,7,254
140149510,154,173,5,332
140149511,14,79,128,221
140149512,89,217,41,347
140149513,121,174,32,327
140149514,101,219,25,345
140149601,113,118,4,235
140149602,114,92,6,212
140149603,179,115,21,315
140149604,228,75,9,312
140149605,160,67,2,229
140149606,90,92,10,192
140149607,110,87,7,204
140149608,160,114,5,279
140149609,193,64,0,257
140149610,127,168,13,308
140149611,109,132,5,246
140149612,128,176,1,305
140149613,232,97,3,332
140149614,85,129,3,217
140149615,122,77,15,214
140149616,124,169,23,316
140149617,156,200,61,417
140149701,52,238,110,400
140149702,78,82,27,187
140149703,120,83,4,207
140149704,50,126,1,177
140149705,136,77,1,214
140149706,91,258,23,372
140149707,107,89,85,281
140149708,102,186,52,340
140149709,84,181,60,325
140149710,115,120,61,296
140149711,66,192,65,323
140149712,85,117,34,236
140149713,68,73,38,179
140149714,160,223,34,417
140149715,77,190,34,301
140149716,73,119,18,210
140149717,126,200,90,416
140149801,111,128,10,249
140149802,138,142,34,314
140149803,59,113,24,196
140149804,121,84,14,219
140149805,74,61,12,147
140149806,89,130,13,232
140149807,127,196,45,368
140149808,111,80,19,210
140149809,155,123,25,303
140149810,59,101,25,185
140149811,42,144,23,209
140149812,41,116,30,187
140149813,93,186,60,339
140149901,251,46,9,306
140149902,165,142,8,315
140149903,216,99,15,330
140149904,69,129,7,205
140149905,132,64,8,204
140149906,130,138,19,287
140149907,105,114,5,224
140149908,187,177,18,382
140149909,153,124,21,298
140149910,62,215,19,296
140149911,65,105,10,180
140149912,90,88,21,199
140149913,120,210,36,366
140210101,11,9,3,23
140210102,6,15,6,27
140210103,8,27,17,52
140210104,71,27,13,111
140210105,34,30,10,74
140210106,109,55,11,175
140210107,88,60,6,154
140210108,107,38,9,154
140210109,66,82,22,170
140210110,75,39,2,116
140210201,2,10,3,15
140210202,11,7,8,26
140210203,6,6,4,16
140210204,16,20,13,49
140210205,13,60,21,94
140210206,37,40,9,86
140210207,76,64,9,149
140210208,58,34,6,98
140210209,127,66,6,199
140210210,42,73,4,119
140210211,56,30,2,88
140210212,50,55,16,121
140210213,47,49,45,141
140210301,33,11,2,46
140210302,57,57,1,115
140210303,78,71,26,175
140210304,64,131,15,210
140210305,49,63,7,119
140210306,18,70,20,108
140210307,9,30,5,44
140210308,27,59,15,101
140210309,61,72,33,166
140210310,15,51,34,100
140210311,50,49,17,116
140210312,44,61,5,110
140210313,10,46,39,95
140210314,16,144,99,259
140210315,16,80,133,229
140210316,15,107,77,199
140210401,25,28,35,88
140210402,28,21,29,78
140210403,22,38,50,110
140210404,31,53,9,93
140210405,14,31,40,85
140210406,90,130,47,267
140210407,75,167,41,283
140210408,41,20,22,83
140210409,160,168,23,351
140210410,100,102,36,238
140210501,17,13,13,43
140210502,29,29,23,81
140210503,3,5,5,13
140210504,25,13,5,43
140210505,29,13,6,48
140210506,96,25,0,121
140210507,156,57,4,217
140210508,147,84,1,232
140210601,30,19,17,66
140210602,11,8,6,25
140210603,10,7,7,24
140210604,23,17,8,48
140210605,24,32,23,79
140210606,1,2,15,18
140210607,9,25,21,55
140210608,71,112,40,223
140210609,184,91,6,281
140210610,87,54,18,159
140210611,158,177,64,399
140210612,209,124,26,359
140210613,141,98,9,248
140210614,168,191,54,413
140210615,186,149,67,402
140210616,155,118,32,305
140210701,10,22,30,62
140210702,67,54,36,157
140210703,30,36,21,87
140210704,40,100,7,147
140210705,59,196,95,350
140210706,41,159,89,289
140210707,73,134,59,266
140210708,58,143,59,260
140210709,14,182,29,225
140210710,19,142,26,187
140210711,66,147,19,232
140210712,69,96,22,187
140210713,21,19,13,53
140210714,23,63,60,146
140210715,21,92,151,264
140210716,18,74,62,154
140210801,10,20,12,42
140210802,36,40,59,135
140210803,122,140,77,339
140210804,47,178,38,263
140210805,77,156,38,271
140210806,40,55,23,118
140210807,70,166,59,295
140210808,60,121,40,221
140210809,66,177,103,346
140210810,53,110,44,207
140210811,61,117,39,217
140210812,63,113,43,219
140210813,53,120,63,236
140210814,47,103,101,251
140210901,106,115,14,235
140210902,134,77,26,237
140210903,88,118,6,212
140210904,131,64,0,195
140210905,109,71,2,182
140210906,160,93,2,255
140210907,117,76,0,193
140210908,97,64,2,163
140210909,118,70,6,194
140210910,93,117,47,257
140210911,128,222,15,365
140210912,106,77,7,190
140210913,160,87,15,262
140210914,166,145,1,312
140211001,209,166,5,380
140211002,122,128,15,265
140211003,149,135,5,289
140211004,173,166,13,352
140211005,58,119,24,201
140211006,169,137,3,309
140211007,76,92,1,169
140211008,145,106,21,272
140211009,92,137,1,230
140211010,134,154,12,300
140211011,159,149,23,331
140211012,124,271,7,402
140211013,124,171,44,339
140211014,182,201,31,414
140211015,43,75,2,120
140211016,129,86,7,222
140211101,94,114,13,221
140211102,74,124,47,245
140211103,81,111,7,199
140211104,91,141,4,236
140211105,112,134,4,250
140211106,73,36,5,114
140211107,181,60,10,251
140211108,105,157,2,264
140211109,179,187,5,371
140211110,86,89,2,177
140211111,94,99,3,196
140211112,232,133,5,370
140211113,91,170,15,276
140211114,130,82,3,215
140211115,115,93,3,211
140211116,85,129,4,218
140211117,163,99,1,263
140211118,225,111,1,337
140211119,92,185,14,291
140211201,84,71,26,181
140211202,60,52,48,160
140211203,149,96,23,268
140211204,121,75,26,222
140211205,72,88,47,207
140211206,143,73,10,226
140211207,117,59,18,194
140211208,60,58,17,135
140211209,92,39,3,134
140211210,198,48,0,246
140211211,149,91,10,250
140211212,72,49,60,181
140211213,76,98,18,192
140211214,164,83,18,265
140211301,128,82,19,229
140211302,104,42,8,154
140211303,94,75,9,178
140211304,104,54,11,169
140211305,191,84,12,287
140211306,115,66,15,196
140211307,79,62,25,166
140211308,218,94,17,329
140211309,95,41,41,177
140211310,162,57,8,227
140211311,143,48,3,194
140211312,137,54,8,199
140211313,145,102,4,251
140211314,178,86,12,276
140211401,111,94,1,206
140211402,133,30,1,164
140211403,159,25,7,191
140211404,184,99,5,288
140211405,134,111,28,273
140211406,75,108,42,225
140211407,235,109,13,357
140211408,146,48,10,204
140211409,129,52,19,200
140211410,151,73,8,232
140211411,156,97,23,276
140211412,91,109,15,215
140211501,86,95,26,207
140211502,130,95,20,245
140211503,106,76,15,197
140211504,163,87,4,254
140211505,123,63,7,193
140211506,176,100,2,278
140211507,139,63,6,208
140211508,47,48,12,107
140211509,72,63,25,160
140211510,126,48,17,191
140211511,145,48,1,194
140211601,110,118,41,269
140211602,222,132,17,371
140211603,141,68,9,218
140211604,65,115,59,239
140211605,86,89,50,225
140211606,102,79,49,230
140211607,166,85,8,259
140211608,147,91,1,239
140211609,117,74,26,217
140211610,96,93,25,214
140211611,100,194,36,330
140211701,126,65,34,225
140211702,139,53,26,218
140211703,118,66,11,195
140211704,138,74,9,221
140211705,104,74,10,188
140211706,188,91,19,298
140211707,232,59,3,294
140211708,260,109,13,382
140211709,254,100,33,387
140211710,216,94,5,315
140211801,154,58,16,228
140211802,84,80,28,192
140211803,135,32,14,181
140211804,187,87,2,276
140211805,200,79,6,285
140211806,56,110,37,203
140211807,59,107,50,216
140211808,44,124,63,231
140211809,30,111,119,260
140211810,144,114,17,275
140211811,156,55,12,223
140211812,246,117,10,373
140211813,194,153,28,375
140211814,157,57,3,217
140211815,212,105,4,321
140211816,162,127,8,297
140211901,144,77,7,228
140211902,146,97,20,263
140211903,130,35,3,168
140211904,133,26,0,159
140211905,153,35,0,188
140211906,151,45,0,196
140211907,111,48,5,164
140211908,90,51,10,151
140211909,176,60,3,239
140211910,171,124,5,300
140211911,141,130,8,279
140211912,150,45,5,200
140211913,108,95,4,207
140212001,26,71,72,169
140212002,47,73,50,170
140212003,103,142,57,302
140212004,57,120,54,231
140212005,64,154,80,298
140212006,46,117,25,188
140212007,57,140,82,279
140212008,59,110,54,223
140212009,61,106,29,196
140212010,84,88,26,198
140212011,159,25,0,184
140212012,154,79,2,235
140212013,163,70,3,236
140212014,147,165,8,320
140212015,199,96,1,296
140212016,117,58,8,183
140212017,78,87,17,182
140212018,47,132,85,264
140212101,180,74,2,256
140212102,75,52,43,170
140212103,52,82,42,176
140212104,22,13,17,52
140212105,108,74,57,239
140212106,107,134,24,265
140212107,127,76,5,208
140212108,110,87,5,202
140212109,81,104,4,189
140212110,91,127,76,294
140212111,33,38,19,90
140212112,37,50,65,152
140212113,57,140,63,260
140212114,58,102,26,186
140212115,78,86,7,171
140212116,167,97,5,269
140212117,79,60,6,145
140212118,134,188,30,352
140212119,122,49,0,171
140212120,151,36,0,187
140280101,0,0,24,24
140280102,5,12,122,139
140280103,22,9,61,92
140280104,14,50,171,235
140280105,8,21,132,161
140280106,11,14,44,69
140280107,9,11,6,26
140280108,9,9,83,101
140280109,29,56,108,193
140280110,39,63,237,339
140280111,63,89,101,253
140280201,75,66,225,366
140280202,60,111,87,258
140280203,89,84,83,256
140280204,103,191,144,438
140280205,69,99,45,213
140280206,110,83,2,195
140280207,138,70,9,217
140280208,129,112,74,315
140280209,163,121,8,292
140280210,76,119,29,224
140280211,220,97,32,349
140280212,229,70,19,318
140280213,104,139,61,304
140280214,171,129,6,306
140280215,211,121,21,353
140280216,199,126,39,364
140280301,42,99,117,258
140280302,102,148,61,311
140280303,153,126,32,311
140280304,225,94,23,342
140280305,162,107,44,313
140280306,171,59,3,233
140280307,160,80,5,245
140280308,114,105,5,224
140280309,221,57,9,287
140280310,145,111,24,280
140280311,116,87,84,287
140280312,17,67,65,149
140280401,1,0,23,24
140280402,11,6,82,99
140280403,4,5,101,110
140280404,5,16,96,117
140280405,1,7,69,77
140280406,54,40,97,191
140280407,66,55,88,209
140280408,74,49,82,205
140280409,56,92,116,264
140280410,50,50,114,214
140280501,35,34,80,149
140280502,29,18,87,134
140280503,4,10,32,46
140280504,16,23,74,113
140280505,60,113,69,242
140280506,99,132,49,280
140280507,106,99,59,264
140280508,87,122,47,256
140280509,104,104,11,219
140280510,145,62,18,225
140280511,89,75,45,209
140280512,100,71,39,210
140280513,101,76,31,208
140280514,240,137,11,388
140280515,44,44,22,110
140280601,4,7,10,21
140280602,31,34,30,95
140280603,45,51,48,144
140280604,2,38,15,55
140280605,5,4,10,19
140280606,99,60,34,193
140280607,165,83,30,278
140280701,4,19,32,55
140280702,2,16,39,57
140280703,2,4,26,32
140280704,2,4,7,13
140280705,1,8,14,23
140280706,4,22,51,77
140350101,17,1,1,19
140350102,5,6,3,14
140350103,26,12,12,50
140350104,14,11,6,31
140350105,16,4,4,24
140350106,25,9,12,46
140350107,28,15,76,119
140350108,138,67,152,357
140350109,180,88,27,295
140350110,104,74,36,214
140350201,14,8,1,23
140350202,19,12,3,34
140350203,11,5,4,20
140350204,5,11,2,18
140350205,13,2,4,19
140350206,47,23,33,103
140350207,14,6,2,22
140350208,14,12,9,35
140350209,11,8,3,22
140350210,27,44,128,199
140350211,37,64,103,204
140350212,220,129,10,359
140350213,198,120,16,334
140350214,186,77,14,277
140350215,183,85,39,307
140350301,20,10,8,38
140350302,10,3,5,18
140350303,44,30,10,84
140350304,35,28,9,72
140350305,42,22,11,75
140350306,36,17,13,66
140350307,105,46,32,183
140350308,23,13,6,42
140350309,25,11,11,47
140350310,83,53,23,159
140350311,169,107,14,290
140350312,237,30,12,279
140350313,136,94,17,247
140350314,106,118,3,227
140350315,182,102,9,293
140350316,175,62,29,266
140350317,185,151,30,366
140350318,257,84,17,358
140350401,18,8,2,28
140350402,33,15,9,57
140350403,49,17,7,73
140350404,103,48,64,215
140350405,124,71,50,245
140350406,269,30,38,337
140350407,227,29,7,263
140350408,175,13,2,190
140350409,192,35,8,235
140350410,193,8,1,202
140350411,155,12,18,185
140350412,193,34,31,258
140350413,198,25,23,246
140350414,106,94,89,289
140350415,206,59,23,288
140350501,8,3,2,13
140350502,17,14,15,46
140350503,14,11,8,33
140350504,21,18,8,47
140350505,22,11,5,38
140350506,22,8,5,35
140350507,8,6,2,16
140350508,119,59,51,229
140350509,94,48,64,206
140350510,109,45,66,220
140350511,222,18,13,253
140350512,198,96,75,369
140350513,211,35,34,280
140350514,104,61,24,189
140420101,17,20,4,41
140420102,11,14,5,30
140420103,12,38,7,57
140420104,18,15,3,36
140420105,26,41,22,89
140420106,16,14,9,39
140420107,35,18,10,63
140420108,15,36,31,82
140420109,147,168,25,340
140420110,133,89,5,227
140420111,108,147,14,269
140420112,29,102,2,133
140420201,10,20,5,35
140420202,22,35,5,62
140420203,10,32,4,46
140420204,15,9,5,29
140420205,26,45,15,86
140420206,13,6,10,29
140420207,19,15,9,43
140420208,29,80,17,126
140420209,54,16,46,116
140420210,69,116,35,220
140420301,18,55,20,93
140420302,16,55,8,79
140420303,26,25,6,57
140420304,20,24,8,52
140420305,35,9,11,55
140420306,2,8,0,10
140420307,68,55,11,134
140420308,58,68,25,151
140420309,113,132,12,257
140420310,109,161,53,323
140420311,167,95,3,265
140420312,74,43,3,120
140420313,300,116,2,418
140420314,251,134,5,390
140420401,147,155,10,312
140420402,164,53,15,232
140420403,96,108,24,228
140420404,186,189,5,380
140420405,186,159,10,355
140420406,132,182,6,320
140420407,162,137,22,321
140420408,145,143,21,309
140420409,98,139,17,254
140420410,95,171,13,279
140420411,184,123,26,333
140420412,106,140,29,275
140420413,121,137,74,332
140420414,89,102,28,219
140420415,157,144,69,370
140420416,82,91,21,194
140420417,108,87,16,211
140420418,149,111,23,283
140420419,104,69,19,192
140420501,10,11,2,23
140420502,13,9,2,24
140420503,14,7,1,22
140420504,13,18,7,38
140420505,15,11,2,28
140420506,11,16,2,29
140420507,6,28,6,40
140420508,19,39,17,75
140420509,13,35,6,54
140420510,62,89,21,172
140420511,99,62,10,171
140420512,119,73,28,220
140420513,130,55,17,202
140420514,165,92,2,259
140420515,102,76,4,182
140420516,91,97,7,195
140420517,190,109,16,315
140420601,43,100,105,248
140420602,57,146,27,230
140420603,187,98,46,331
140420604,166,141,1,308
140420605,119,144,11,274
140420606,164,163,2,329
140420607,123,91,3,217
140420608,174,235,12,421
140420609,78,194,3,275
140420610,122,77,5,204
140420611,192,101,1,294
140420612,104,70,0,174
140420613,191,107,1,299
140420614,174,106,1,281
140420615,78,124,105,307
140420616,196,165,18,379
140420617,145,134,2,281
140420618,59,115,28,202
140420619,118,50,2,170
140420620,116,59,0,175
140420621,216,180,2,398
140420701,45,175,116,336
140420702,63,172,80,315
140420703,116,173,106,395
140420704,210,48,29,287
140420705,173,197,1,371
140420706,140,105,1,246
140420707,197,111,1,309
140420708,186,113,6,305
140420709,192,66,48,306
140420710,87,142,96,325
140420711,93,399,66,558
140420712,65,155,33,253
140420713,131,107,5,243
140420714,91,75,0,166
140420715,106,170,30,306
140420801,145,72,3,220
140420802,118,37,0,155
140420803,193,126,2,321
140420804,88,84,0,172
140420805,180,112,1,293
140420806,136,90,1,227
140420807,179,97,3,279
140420808,93,115,2,210
140420809,225,53,1,279
140420810,99,213,6,318
140420811,105,106,3,214
140420812,199,123,1,323
140420813,131,41,3,175
140420814,154,93,3,250
140420815,80,133,65,278
140420816,78,63,133,274
140420817,109,75,3,187
140420818,155,118,1,274
140420819,161,184,54,399
140420820,182,20,0,202
140420821,124,59,0,183
140420822,63,125,3,191
140420823,89,137,7,233
140420901,99,91,46,236
140420902,151,130,18,299
140420903,108,132,9,249
140420904,79,102,40,221
140420905,207,86,16,309
140420906,88,156,69,313
140420907,125,73,2,200
140420908,154,49,2,205
140420909,159,203,7,369
140420910,96,92,18,206
140420911,83,97,0,180
140420912,44,75,0,119
140420913,161,78,2,241
140420914,169,142,4,315
140420915,150,95,2,247
140420916,160,104,0,264
140420917,174,64,6,244
140420918,110,117,3,230
140420919,195,85,6,286
140420920,119,105,28,252
140420921,101,124,26,251
140420922,48,147,0,195
140420923,96,92,1,189
140420924,126,84,1,211
140420925,134,80,0,214
140421001,20,17,12,49
140421002,10,24,10,44
140421003,1,2,0,3
140421004,9,9,8,26
140421005,13,13,13,39
140421006,8,15,2,25
140421007,9,18,0,27
140421008,124,85,13,222
140421009,146,95,30,271
140421010,92,92,44,228
140421011,69,76,20,165
140421012,183,79,12,274
140421013,75,129,10,214
140421014,162,43,7,212
140421015,184,81,4,269
140421016,193,119,30,342
140421101,79,134,12,225
140421102,135,87,0,222
140421103,113,123,1,237
140421104,95,150,3,248
140421105,177,121,19,317
140421106,52,124,33,209
140421107,109,168,139,416
140421108,137,136,107,380
140421109,161,147,48,356
140421110,167,103,6,276
140421111,110,167,13,290
140421112,96,194,0,290
140421113,83,103,9,195
140490101,3,24,12,39
140490102,2,15,29,46
140490103,9,12,40,61
140490104,2,9,26,37
140490105,4,1,44,49
140490106,1,3,19,23
140490107,2,5,17,24
140490108,12,23,23,58
140490109,13,24,68,105
140490110,6,6,6,18
140490111,45,48,26,119
140490112,27,62,32,121
140490113,119,96,87,302
140490114,90,100,33,223
140490115,36,103,40,179
140490116,46,123,167,336
140490201,49,25,122,196
140490202,0,15,30,45
140490203,6,10,18,34
140490204,12,24,45,81
140490205,1,17,6,24
140490206,5,12,9,26
140490207,6,8,37,51
140490208,4,3,2,9
140490209,5,10,10,25
140490210,8,20,21,49
140490211,34,47,45,126
140490212,1,21,6,28
140490213,14,29,23,66
140490214,13,28,100,141
140490215,22,39,22,83
140490301,19,76,66,161
140490302,61,48,58,167
140490303,190,87,20,297
140490304,95,39,25,159
140490305,95,96,25,216
140490306,69,73,16,158
140490307,167,92,0,259
140490308,121,91,12,224
140490309,198,97,6,301
140490310,171,53,2,226
140490311,227,56,36,319
140490312,107,90,60,257
140490313,132,67,17,216
140490314,69,81,40,190
140490315,82,37,1,120
140490316,122,73,13,208
140490317,127,50,13,190
140490318,159,54,5,218
140490319,224,106,19,349
140490320,125,145,15,285
140490321,85,98,25,208
140490322,146,133,30,309
140490323,69,95,43,207
140490324,54,57,47,158
140490325,127,99,37,263
140560101,23,30,15,68
140560102,23,36,5,64
140560103,22,26,8,56
140560104,181,171,16,368
140560105,152,206,27,385
140560106,157,171,19,347
140560107,146,132,3,281
140560108,126,167,32,325
140560109,43,145,64,252
140560110,101,136,30,267
140560111,115,98,21,234
140560112,126,101,7,234
140560113,162,136,5,303
140560114,121,97,3,221
140560115,139,50,2,191
140560116,121,109,2,232
140560117,186,144,20,350
140560118,129,109,7,245
140560201,19,12,5,36
140560202,10,9,1,20
140560203,1,8,0,9
140560204,108,94,4,206
140560205,151,140,8,299
140560206,171,124,5,300
140560207,84,66,0,150
140560208,169,58,1,228
140560209,106,128,14,248
140560210,202,124,2,328
140560211,225,120,13,358
140560212,108,218,16,342
140560213,243,212,6,461
140560214,192,212,34,438
140560301,1,5,0,6
140560302,12,12,7,31
140560303,23,34,4,61
140560304,21,27,8,56
140560305,10,28,0,38
140560306,8,3,1,12
140560307,4,7,0,11
140560308,10,17,0,27
140560309,20,18,1,39
140560310,20,26,1,47
140560311,177,110,13,300
140560312,130,152,6,288
140560313,255,92,4,351
140560314,172,62,23,257
140560315,112,84,2,198
140560316,68,180,35,283
140560317,68,104,11,183
140560318,72,95,18,185
140560319,137,195,19,351
140560320,119,83,7,209
140560401,23,11,0,34
140560402,15,28,3,46
140560403,5,4,2,11
140560404,5,4,1,10
140560405,17,13,6,36
140560406,4,14,6,24
140560407,173,133,54,360
140560408,39,90,14,143
140560409,88,112,10,210
140560410,82,86,30,198
140560411,137,79,7,223
140560412,117,50,22,189
140560413,146,119,23,288
140560414,183,90,10,283
140560415,162,99,6,267
140560501,16,10,0,26
140560502,7,10,4,21
140560503,15,1,0,16
140560504,18,20,9,47
140560505,2,8,0,10
140560506,25,31,6,62
140560507,19,25,14,58
140560508,80,111,12,203
140560509,75,109,14,198
140560601,27,31,4,62
140560602,21,12,4,37
140560603,9,12,0,21
140560604,10,9,0,19
140560605,16,9,5,30
140560606,15,8,1,24
140560607,14,10,4,28
140560608,22,27,2,51
140560609,37,32,12,81
140560610,27,10,5,42
140560611,22,27,8,57
140560612,24,26,17,67
140560613,20,35,16,71
140560614,12,9,1,22
140560615,106,107,44,257
140560616,164,55,8,227
140560617,147,110,13,270
140560618,96,57,27,180
140560701,157,64,7,228
140560702,143,60,14,217
140560703,179,89,18,286
140560704,165,65,11,241
140560705,123,63,11,197
140560706,174,121,24,319
140560707,106,101,2,209
140560708,241,102,3,346
140560709,249,116,27,392
140560710,129,89,6,224
140560711,206,127,11,344
140560712,162,169,57,388
140560713,72,154,78,304
140560714,201,19,8,228
140630101,9,13,7,29
140630102,16,12,1,29
140630103,14,6,1,21
140630104,5,6,1,12
140630105,7,9,2,18
140630106,8,25,3,36
140630107,14,2,1,17
140630108,9,10,0,19
140630109,130,133,14,277
140630201,17,6,6,29
140630202,28,32,10,70
140630203,14,14,1,29
140630204,13,14,3,30
140630205,9,5,2,16
140630206,17,14,1,32
140630207,17,9,1,27
140630208,14,16,3,33
140630209,15,7,2,24
140630210,18,17,2,37
140630211,21,6,1,28
140630212,195,131,4,330
140630213,135,113,15,263
140630214,127,68,7,202
140630215,41,85,15,141
140630301,7,4,2,13
140630302,23,8,6,37
140630303,36,53,17,106
140630304,107,116,18,241
140630305,160,104,5,269
140630306,165,136,8,309
140630307,151,75,2,228
140630308,123,120,8,251
140630309,131,60,4,195
140630310,150,57,4,211
140630311,147,108,25,280
140630401,9,2,1,12
140630402,10,13,0,23
140630403,3,9,1,13
140630404,17,3,3,23
140630405,20,9,1,30
140630406,9,0,0,9
140630407,153,133,32,318
140630408,137,117,7,261
140630409,100,69,17,186
140630410,111,81,4,196
140630411,134,55,2,191
140630412,88,73,2,163
140630413,163,133,17,313
140630414,136,108,1,245
140630415,108,91,11,210
140630501,26,33,5,64
140630502,33,19,0,52
140630503,16,10,1,27
140630504,102,70,9,181
140630505,150,128,1,279
140630506,160,106,6,272
140630507,129,94,4,227
140630508,194,77,8,279
140630509,123,60,6,189
140630510,165,122,40,327
140630511,76,122,17,215
140630512,133,46,7,186
140630513,181,105,0,286
140630514,191,64,3,258
140630515,200,122,8,330
140630516,181,104,8,293
140630517,49,69,11,129
140630601,3,2,0,5
140630602,3,1,0,4
140630603,22,19,2,43
140630604,24,8,6,38
140630605,15,0,3,18
140630606,19,12,0,31
140630607,148,123,13,284
140630608,124,91,2,217
140630609,113,139,41,293
140630610,141,105,2,248
140630611,134,145,8,287
140630612,163,59,5,227
140630613,121,152,18,291
140630614,32,16,12,60
140630615,115,122,12,249
140630701,26,38,33,97
140630702,20,25,4,49
140630703,19,15,0,34
140630704,21,6,1,28
140630705,30,8,1,39
140630706,124,137,16,277
140630707,145,81,19,245
140630708,203,102,4,309
140630709,184,116,7,307
140630710,32,32,39,103
140630711,39,90,50,179
140630801,17,5,2,24
140630802,18,10,3,31
140630803,24,14,6,44
140630804,37,17,1,55
140630805,15,3,2,20
140630806,9,11,0,20
140630807,49,64,34,147
140630808,159,81,8,248
140630809,155,61,1,217
140630810,164,62,12,238
140630811,107,72,20,199
140630812,103,63,38,204
140630901,11,8,2,21
140630902,24,11,1,36
140630903,33,30,9,72
140630904,37,23,4,64
140630905,24,6,0,30
140630906,9,11,0,20
140630907,22,7,3,32
140630908,5,30,2,37
140630909,31,20,5,56
140630910,104,71,13,188
140630911,135,46,4,185
140630912,168,46,10,224
140630913,73,44,64,181
140630914,134,92,56,282
140630915,222,87,15,324
140630916,175,107,7,289
140630917,68,42,15,125
140630918,171,98,4,273
140630919,173,41,0,214
140630920,164,89,15,268
140630921,155,98,32,285
140630922,136,131,84,351
140630923,89,79,11,179
140631001,58,42,44,144
140631002,113,175,15,303
140631003,194,153,1,348
140631004,109,118,0,227
140631005,78,114,1,193
140631006,131,118,1,250
140631007,111,229,11,351
140631008,142,72,19,233
140631009,140,110,5,255
140631010,114,100,4,218
140631011,146,87,0,233
140631012,107,217,14,338
140631013,134,196,39,369
140631101,174,161,21,356
140631102,123,133,17,273
140631103,115,87,11,213
140631104,119,80,46,245
140631105,232,123,10,365
140631106,111,83,4,198
140631107,171,75,1,247
140631108,126,82,13,221
140631109,134,53,6,193
140631110,174,156,9,339
140631111,124,115,3,242
140631112,108,45,0,153
140631113,194,53,0,247
140631114,134,102,1,237
140631115,129,76,1,206
140631116,189,172,6,367
140631201,105,109,10,224
140631202,120,86,0,206
140631203,150,103,1,254
140631204,129,39,2,170
140631205,204,141,6,351
140631206,192,97,13,302
140631207,185,78,9,272
140631208,142,110,0,252
140631209,139,172,20,331
140631210,95,176,54,325
140631211,99,154,22,275
140631212,136,139,13,288
140631213,108,148,3,259
140631214,183,120,12,315
140631215,79,170,42,291
140631216,124,142,19,285
140631301,110,151,69,330
140631302,63,67,56,186
140631303,202,105,21,328
140631304,158,73,9,240
140631305,208,191,16,415
140631306,217,55,3,275
140631307,130,45,1,176
140631308,181,83,0,264
140631309,197,131,7,335
140631310,107,45,4,156
140631311,162,64,6,232
140631312,142,55,5,202
140631313,126,52,13,191
140631314,204,83,2,289
140700101,5,7,62,74
140700102,2,3,30,35
140700103,18,27,50,95
140700104,1,5,30,36
140700105,3,22,81,106
140700201,3,7,33,43
140700202,0,4,33,37
140700203,2,11,78,91
140700204,0,2,27,29
140700205,8,7,65,80
140700206,4,25,63,92
140700207,18,28,17,63
140700208,2,3,31,36
140700209,2,12,31,45
140700210,6,22,58,86
140700211,40,28,20,88
140700212,79,50,6,135
140700213,163,95,18,276
140770101,1,0,12,13
140770102,0,0,8,8
140770103,0,1,42,43
140770104,1,1,19,21
140770105,0,2,43,45
140770106,1,0,45,46
140770107,2,1,40,43
140770108,0,11,15,26
140770109,0,0,30,30
140770110,16,39,54,109
140770201,3,17,30,50
140770202,18,26,39,83
140770203,11,21,88,120
140770204,7,56,120,183
140770205,10,20,25,55
140770206,1,7,10,18
140770207,3,19,28,50
140770208,2,13,40,55
140770209,2,11,21,34
140770210,93,118,14,225
140770211,113,69,12,194
140770212,8,28,19,55
140770213,18,17,22,57
140840101,29,14,7,50
140840102,29,16,4,49
140840103,10,28,11,49
140840104,11,8,0,19
140840105,8,7,6,21
140840106,192,128,30,350
140840107,183,77,4,264
140840108,222,140,17,379
140840109,140,110,37,287
140840110,152,81,30,263
140840111,130,117,44,291
140840201,9,9,6,24
140840202,16,3,8,27
140840203,9,9,6,24
140840204,17,13,16,46
140840205,10,7,11,28
140840206,19,16,20,55
140840207,19,15,11,45
140840208,10,21,6,37
140840209,67,38,17,122
140840210,143,119,14,276
140840301,9,21,1,31
140840302,22,26,0,48
140840303,7,13,7,27
140840304,11,11,4,26
140840305,22,18,2,42
140840306,10,10,2,22
140840307,8,1,16,25
140840308,14,6,8,28
140840309,11,10,8,29
140840310,7,2,13,22
140840311,9,7,2,18
140840312,18,13,2,33
140840313,105,80,24,209
140840314,108,93,21,222
140840315,65,29,79,173
140840316,75,64,16,155
140840401,17,14,10,41
140840402,21,20,13,54
140840403,10,4,0,14
140840404,24,30,21,75
140840405,40,41,6,87
140840406,144,65,4,213
140840407,134,80,13,227
140840408,163,114,14,291
140840409,156,122,24,302
140840501,72,126,60,258
140840502,49,37,107,193
140840503,14,20,157,191
140840504,133,52,131,316
140840505,96,77,75,248
140840506,85,93,57,235
140840507,101,97,48,246
140840508,190,128,25,343
140840509,174,57,15,246
140840510,161,43,11,215
140840511,195,78,7,280
140840512,142,135,31,308
140840513,161,82,14,257
140840514,208,114,39,361
140840515,174,87,5,266
140840516,223,77,8,308
140840517,100,99,8,207
140840518,91,107,45,243
140840519,93,63,78,234
140840520,121,51,16,188
140840521,143,94,51,288
140840522,147,127,7,281
140840523,146,79,28,253
140840524,141,61,25,227
140840525,90,103,9,202
140840526,134,58,14,206
140840527,94,66,15,175
140910101,74,118,23,215
140910102,76,24,2,102
140910103,160,36,7,203
140910104,134,64,26,224
140910105,61,19,10,90
140910106,156,43,9,208
140910107,178,44,4,226
140910108,197,35,5,237
140910109,118,26,5,149
140910110,183,14,1,198
140910111,139,22,11,172
140910112,154,41,9,204
140910113,221,27,21,269
140910114,163,41,33,237
140910115,52,39,11,102
140910116,190,19,2,211
140910117,102,41,8,151
140910118,173,39,6,218
140910119,89,35,18,142
140910201,27,22,41,90
140910202,2,5,30,37
140910203,32,19,21,72
140910204,21,7,20,48
140910205,0,1,3,4
140910206,4,4,16,24
140910207,0,2,2,4
140910208,2,2,2,6
140910209,147,77,29,253
140910210,163,68,15,246
140910211,60,34,1,95
140910212,3,0,1,4
140910301,2,3,1,6
140910302,8,2,1,11
140910303,120,79,18,217
140910304,156,91,35,282
140910305,148,70,4,222
140910306,129,40,9,178
140910307,138,46,12,196
140910308,128,55,33,216
140910309,208,62,8,278
140910310,119,63,2,184
140910311,113,49,14,176
140910401,89,80,75,244
140910402,179,71,19,269
140910403,172,50,8,230
140910404,189,56,9,254
140910405,177,55,24,256
140910406,200,31,1,232
140910407,255,45,5,305
140910408,169,46,4,219
140910409,258,79,3,340
140910410,97,42,1,140
140910411,208,102,5,315
140910412,73,32,1,106
140910413,259,66,14,339
140910414,179,46,3,228
140910415,122,71,42,235
140910416,101,60,6,167
140910417,221,96,6,323
140910418,184,51,6,241
140910419,63,77,54,194
140910420,129,105,39,273
140910501,1,2,2,5
140910502,76,50,25,151
140910503,129,73,16,218
140910504,194,86,20,300
140910505,124,85,38,247
140910506,118,66,16,200
140910507,106,38,11,155
140910508,63,24,8,95
140910509,100,65,25,190
140910510,110,57,15,182
140910601,0,1,0,1
140910602,19,35,46,100
140910603,5,13,3,21
140910604,2,7,7,16
140910605,9,3,9,21
140910606,137,75,31,243
140910607,152,114,34,300
140910608,197,60,25,282
140910609,118,50,7,175
140910610,180,123,6,309
140910611,118,67,21,206
140910612,70,90,15,175
140910613,107,101,14,222
140910614,114,71,10,195
140910615,86,73,8,167
140910616,103,53,7,163
140910617,98,59,18,175
140910618,49,55,34,138
140910701,6,4,3,13
140910702,102,63,31,196
140910703,179,108,37,324
140910704,157,64,3,224
140910705,129,52,6,187
140910706,62,54,34,150
140910707,191,70,4,265
140910708,209,58,1,268
140910709,223,85,18,326
140910710,103,45,17,165
140910711,194,88,2,284
140910712,200,85,0,285
140910713,272,107,17,396
140910714,194,40,2,236
140910715,237,91,8,336
140910716,168,94,3,265
140910717,36,46,83,165
140910718,228,61,6,295
140910719,135,47,2,184
140910720,237,116,26,379
140910721,227,113,50,390
140910722,181,122,16,319
140910723,63,99,70,232
140910801,4,4,3,11
140910802,36,24,14,74
140910803,3,0,1,4
140910804,47,24,22,93
140910805,126,34,4,164
140910806,142,46,3,191
140910807,125,39,8,172
140910808,54,52,25,131
140910809,153,55,4,212
140910810,120,84,21,225
140910811,108,49,14,171
140910812,70,106,58,234
140910813,143,108,48,299
140910901,172,65,11,248
140910902,98,59,3,160
140910903,128,20,4,152
140910904,199,108,9,316
140910905,161,163,19,343
140910906,187,51,9,247
140910907,83,96,37,216
140910908,121,103,22,246
140910909,127,88,2,217
140910910,124,34,0,158
140910911,94,34,1,129
140910912,154,62,2,218
140910913,112,66,18,196
140910914,103,120,73,296
140910915,153,122,29,304
140910916,162,147,29,338
140910917,146,89,4,239
140910918,84,45,0,129
140910919,158,50,2,210
140910920,97,135,8,240
140910921,99,203,92,394
140910922,100,185,84,369
140910923,0,0,0,0
140911001,132,67,8,207
140911002,168,38,2,208
140911003,194,23,1,218
140911004,209,118,2,329
140911005,159,55,0,214
140911006,204,72,3,279
140911007,118,36,0,154
140911008,172,63,0,235
140911009,160,57,0,217
140911010,155,77,5,237
140911011,176,38,1,215
140911012,131,60,2,193
140911013,206,52,2,260
140911014,164,10,1,175
140911015,194,38,0,232
140911016,145,22,0,167
140911017,182,17,0,199
140911018,130,78,1,209
140911019,143,33,0,176
140911020,72,36,2,110
140911101,155,54,1,210
140911102,121,35,1,157
140911103,145,34,0,179
140911104,148,45,0,193
140911105,173,82,3,258
140911106,64,39,0,103
140911107,99,46,0,145
140911108,114,77,1,192
140911109,161,36,2,199
140911110,240,54,3,297
140911111,105,38,3,146
140911112,201,39,7,247
140911113,154,22,2,178
140911114,149,31,2,182
140911115,147,58,0,205
140911116,135,38,0,173
140911117,97,23,0,120
140911118,114,77,1,192
140911201,244,58,7,309
140911202,155,74,0,229
140911203,146,107,0,253
140911204,142,100,15,257
140911205,197,97,6,300
140911206,99,82,3,184
140911207,142,95,29,266
140911208,85,151,65,301
140911209,114,94,6,214
140911210,111,140,13,264
140911211,128,109,19,256
140911212,110,56,3,169
140911213,115,94,8,217
140911214,146,104,7,257
140911215,142,88,7,237
140911216,86,48,0,134
140911217,104,73,0,177
140911218,136,49,4,189
140911219,157,93,5,255
140911220,87,113,7,207
140911221,133,81,2,216
140911222,105,94,7,206
140911223,55,78,36,169
140911301,0,1,4,5
140911302,2,1,5,8
140911303,12,2,14,28
140911304,4,0,1,5
140911305,3,3,1,7
140911306,3,4,2,9
140911307,1,1,4,6
140911308,3,1,3,7
140911309,68,24,13,105
140911310,75,13,5,93
140911311,156,83,32,271
140911312,112,42,11,165
140911313,117,93,22,232
140911314,98,26,2,126
140911315,120,92,12,224
140911316,50,42,4,96
140911317,47,65,5,117
140911318,69,42,1,112
140911319,55,46,3,104
140911320,69,31,3,103
140911321,58,31,0,89
140911322,68,15,0,83
140911323,97,74,10,181
140911401,1,2,11,14
140911402,2,7,12,21
140911403,2,7,1,10
140911404,7,2,8,17
140911405,8,15,9,32
140911406,82,46,6,134
140911407,234,38,24,296
140911408,170,53,10,233
140911409,180,56,39,275
140911410,232,95,34,361
140911411,130,52,3,185
140911412,122,57,20,199
140911413,208,59,9,276
140911414,198,33,1,232
140911415,124,39,4,167
140911501,5,0,0,5
140911502,61,30,22,113
140911503,116,57,19,192
140911504,115,49,25,189
140911505,88,53,20,161
140911506,100,66,13,179
140911507,87,55,36,178
140911508,136,52,20,208
140911509,156,48,3,207
140911510,139,73,12,224
140911601,3,0,4,7
140911602,5,3,10,18
140911603,0,0,3,3
140911604,0,1,6,7
140911605,17,26,18,61
140911606,8,4,13,25
140911607,0,0,5,5
140911608,67,50,20,137
140911609,83,30,16,129
140911610,47,23,12,82
140911701,0,2,0,2
140911702,0,1,1,2
140911703,3,5,1,9
140911704,1,0,0,1
140911705,0,0,4,4
140911706,121,86,23,230
140911707,82,59,14,155
140911708,121,71,4,196
140911709,160,45,12,217
140911710,81,65,3,149
140911711,85,73,4,162
140911712,73,62,5,140
140911713,148,90,10,248
140911714,100,54,6,160
140911715,32,45,21,98
140911801,0,4,3,7
140911802,0,4,1,5
140911803,1,5,5,11
140911804,4,28,35,67
140911805,14,14,23,51
140911806,71,38,4,113
140911807,25,30,24,79
140911808,74,88,27,189
140911809,116,34,16,166
140911810,31,5,0,36
140911901,10,12,15,37
140911902,15,5,10,30
140911903,1,0,0,1
140911904,5,5,3,13
140911905,5,5,1,11
140911906,117,54,21,192
140911907,79,29,5,113
140911908,120,75,25,220
140911909,91,93,13,197
140911910,103,72,15,190
140911911,145,119,9,273
140911912,26,15,0,41
140911913,73,78,40,191
140911914,55,59,30,144
140980101,0,4,2,6
140980102,10,6,1,17
140980103,6,25,2,33
140980104,4,13,6,23
140980105,2,9,2,13
140980106,5,12,1,18
140980107,4,7,6,17
140980108,70,94,12,176
140980109,152,76,8,236
140980110,85,143,22,250
140980111,107,81,20,208
140980112,107,87,6,200
140980113,134,105,3,242
140980114,67,125,17,209
140980115,159,77,7,243
140980116,178,64,3,245
140980117,121,134,29,284
140980201,6,4,0,10
140980202,14,15,7,36
140980203,25,46,7,78
140980204,37,5,3,45
140980205,6,29,2,37
140980206,4,7,7,18
140980207,13,4,1,18
140980208,129,120,10,259
140980209,64,97,22,183
140980210,138,120,4,262
140980211,194,109,3,306
140980301,8,9,2,19
140980302,2,23,1,26
140980303,2,12,2,16
140980304,101,127,15,243
140980305,117,167,13,297
140980306,138,166,5,309
140980307,168,39,1,208
140980308,139,145,8,292
140980309,90,105,8,203
140980310,87,100,10,197
140980311,111,116,20,247
140980401,1,20,0,21
140980402,22,25,1,48
140980403,8,15,1,24
140980404,5,13,1,19
140980405,5,16,0,21
140980406,16,25,5,46
140980407,43,144,16,203
140980408,75,141,12,228
140980409,58,39,4,101
140980501,6,10,1,17
140980502,15,35,13,63
140980503,8,15,0,23
140980504,6,6,0,12
140980505,54,47,6,107
140980506,96,30,8,134
140980507,14,9,11,34
140980508,12,7,1,20
140980509,25,15,8,48
140980510,109,130,28,267
140980511,136,108,2,246
140980512,153,132,5,290
140980513,99,117,9,225
140980514,85,100,3,188
140980515,128,87,8,223
140980516,110,84,6,200
140980517,153,125,1,279
140980601,3,15,7,25
140980602,9,42,15,66
140980603,13,29,3,45
140980604,5,19,21,45
140980605,19,10,5,34
140980606,31,11,8,50
140980607,32,39,4,75
140980608,40,43,10,93
140980609,26,8,1,35
140980701,9,13,5,27
140980702,4,22,23,49
140980703,9,28,9,46
140980704,36,32,1,69
140980705,4,13,3,20
140980706,16,11,3,30
140980707,11,38,6,55
140980708,11,29,8,48
140980801,15,29,5,49
140980802,13,32,4,49
140980803,30,31,6,67
140980804,15,46,11,72
140980805,5,12,3,20
140980806,40,30,1,71
140980807,73,86,7,166
140980808,112,141,12,265
140980809,54,116,23,193
140980810,39,92,16,147
140980811,62,32,12,106
140980901,22,20,4,46
140980902,59,78,8,145
140980903,36,14,10,60
140980904,76,98,22,196
140980905,139,77,9,225
140980906,149,108,5,262
140980907,173,61,19,253
140980908,201,37,5,243
140980909,114,111,31,256
140980910,142,59,12,213
140980911,108,9,1,118
140980912,155,183,19,357
140980913,188,73,4,265
140980914,141,101,16,258
140981001,2,5,5,12
140981002,2,11,4,17
140981003,29,54,89,172
140981004,13,31,7,51
140981005,21,16,8,45
140981006,13,22,3,38
140981007,20,27,9,56
140981008,35,18,10,63
140981009,53,104,9,166
140981010,76,112,9,197
140981011,123,171,11,305
140981012,78,131,7,216
140981013,125,140,12,277
140981014,116,116,8,240
140981101,33,47,6,86
140981102,27,56,4,87
140981103,9,13,0,22
140981104,9,9,4,22
140981105,13,17,2,32
140981106,31,41,25,97
140981107,18,44,4,66
140981108,21,14,3,38
140981109,71,172,6,249
140981110,86,91,17,194
140981111,123,128,16,267
140981201,27,36,7,70
140981202,42,31,13,86
140981203,20,70,22,112
140981204,55,66,9,130
140981205,9,24,2,35
140981206,40,44,12,96
140981207,116,142,3,261
140981208,146,113,0,259
140981209,103,73,8,184
140981210,102,81,8,191
140981211,100,74,0,174
140981212,101,101,8,210
140981301,25,16,8,49
140981302,27,19,2,48
140981303,22,13,6,41
140981304,22,13,7,42
140981305,14,13,8,35
140981306,15,10,4,29
140981307,9,4,1,14
140981308,23,8,1,32
140981309,18,17,7,42
140981310,30,28,6,64
140981311,74,113,41,228
140981312,173,133,19,325
140981313,55,57,50,162
140981401,33,12,12,57
140981402,18,22,2,42
140981403,16,14,14,44
140981404,20,23,12,55
140981405,17,24,12,53
140981406,18,13,9,40
140981407,18,11,9,38
140981408,10,11,10,31
140981409,71,41,17,129
140981410,143,80,41,264
140981501,110,146,42,298
140981502,64,98,133,295
140981503,134,172,41,347
140981504,176,90,14,280
140981505,83,118,26,227
140981506,65,134,11,210
140981507,129,143,13,285
140981508,108,121,7,236
140981509,90,198,24,312
140981510,141,160,28,329
140981511,231,44,0,275
140981512,130,32,2,164
140981513,117,202,33,352
140981514,186,126,1,313
140981515,115,128,1,244
140981601,92,109,46,247
140981602,126,148,80,354
140981603,46,109,37,192
140981604,51,130,21,202
140981605,200,180,6,386
140981606,65,68,23,156
140981607,86,104,29,219
140981608,124,67,2,193
140981609,170,196,33,399
140981610,187,163,18,368
140981611,207,132,4,343
140981612,228,114,2,344
140981613,103,81,0,184
140981614,149,46,0,195
140981615,108,65,0,173
140981701,161,210,49,420
140981702,60,149,70,279
140981703,181,101,10,292
140981704,111,56,38,205
140981705,194,185,9,388
140981706,94,120,16,230
140981707,107,87,7,201
140981708,171,116,3,290
140981709,81,156,8,245
140981710,148,107,6,261
140981711,141,171,4,316
140981712,230,166,17,413
140981713,104,153,11,268
140981801,176,213,6,395
140981802,196,186,10,392
140981803,233,202,9,444
140981804,226,178,22,426
140981805,185,157,23,365
140981806,150,129,11,290
140981807,150,162,0,312
140981808,153,155,12,320
140981809,267,168,13,448
140981810,176,213,43,432
140981811,174,142,1,317
140981812,124,161,8,293
140981813,136,105,60,301
140981901,117,70,10,197
140981902,130,174,277,581
140981903,78,154,90,322
140981904,34,105,87,226
140981905,57,109,40,206
140981906,80,92,47,219
140981907,57,103,53,213
140981908,44,146,53,243
140981909,86,108,16,210
140981910,124,96,2,222
140981911,78,194,21,293
140981912,158,159,6,323
140982001,49,56,9,114
140982002,164,50,11,225
140982003,204,72,0,276
140982004,116,53,0,169
140982005,124,13,0,137
140982006,187,127,2,316
140982007,156,86,0,242
140982008,190,149,13,352
140982009,89,66,49,204
140982010,186,95,3,284
140982011,130,51,0,181
140982012,113,92,0,205
140982013,175,41,0,216
140982014,176,51,1,228
140982015,122,30,1,153
140982016,171,83,0,254
140982017,159,149,1,309
140982018,223,108,12,343
140982019,83,6,0,89
140982020,185,11,0,196
140982021,204,26,0,230
140982022,162,47,0,209
140982101,81,157,23,261
140982102,108,42,9,159
140982103,244,156,10,410
140982104,211,47,2,260
140982105,135,93,0,228
140982106,147,48,3,198
140982107,168,62,0,230
140982108,244,99,2,345
140982109,247,90,0,337
140982110,181,119,12,312
140982111,169,140,7,316
140982112,47,151,39,237
140982113,62,171,38,271
140982114,139,164,22,325
140982201,149,230,13,392
140982202,316,77,1,394
140982203,176,154,6,336
140982204,51,108,18,177
140982205,271,115,2,388
140982206,201,149,5,355
140982207,209,110,7,326
140982208,106,165,21,292
140982209,97,117,47,261
140982210,39,217,89,345
140982211,50,223,17,290
140982212,39,116,59,214
140982301,296,58,0,354
140982302,130,124,3,257
140982303,155,65,7,227
140982304,236,155,13,404
140982305,96,70,3,169
140982306,151,105,6,262
140982307,110,76,5,191
140982308,240,78,6,324
140982309,100,142,10,252
140982310,127,118,7,252
140982311,107,123,27,257
140982312,200,199,6,405
140982313,125,173,21,319
140982314,59,109,48,216
140982401,187,86,0,273
140982402,171,38,1,210
140982403,79,58,0,137
140982404,217,96,2,315
140982405,227,104,20,351
140982406,250,106,1,357
140982407,168,17,1,186
140982408,173,27,1,201
140982409,254,55,0,309
140982410,211,80,1,292
140982411,234,122,2,358
140982412,184,130,0,314
140982413,122,187,10,319
140982414,229,110,2,341
140982415,192,28,0,220
140982416,168,114,1,283
140982417,208,86,9,303
140982418,139,89,0,228
140982419,145,21,0,166
140982420,238,113,2,353
140982421,145,100,4,249
140982501,196,85,8,289
140982502,166,198,6,370
140982503,175,104,5,284
140982504,121,142,13,276
140982505,159,181,22,362
140982506,160,150,48,358
140982507,73,164,86,323
140982508,110,162,52,324
140982509,82,130,19,231
140982510,147,73,17,237
140982511,100,269,36,405
140982512,70,187,132,389
140982601,110,165,6,281
140982602,113,162,9,284
140982603,246,185,10,441
140982604,172,184,10,366
140982605,131,139,8,278
140982606,140,97,5,242
140982607,83,225,13,321
140982608,156,126,12,294
140982609,107,96,53,256
140982610,62,144,40,246
140982611,56,139,60,255
140982612,82,169,23,274
140982613,28,100,44,172
140982701,95,208,63,366
140982702,212,151,10,373
140982703,197,157,3,357
140982704,113,111,0,224
140982705,140,113,11,264
140982706,117,132,4,253
140982707,136,189,7,332
140982708,170,136,4,310
140982801,250,97,30,377
140982802,199,109,11,319
140982803,145,34,4,183
140982804,125,56,4,185
140982805,55,102,48,205
140982806,74,118,34,226
140982807,80,94,34,208
140982808,138,38,3,179
140982809,171,87,11,269
140982810,158,89,5,252
140982811,77,83,22,182
140982812,145,103,19,267
140982901,139,90,14,243
140982902,125,109,43,277
140982903,89,34,16,139
140982904,142,61,7,210
140982905,69,88,31,188
140982906,118,81,31,230
140982907,104,25,7,136
140982908,114,46,1,161
140982909,71,103,7,181
140982910,127,104,23,254
140982911,123,80,20,223
140982912,57,125,29,211
140982913,148,77,30,255
140982914,163,118,25,306
141050101,13,41,27,81
141050102,4,8,22,34
141050103,4,65,53,122
141050104,6,13,15,34
141050105,7,7,6,20
141050106,12,37,30,79
141050107,5,21,30,56
141050108,13,34,38,85
141050109,26,52,45,123
141050110,10,35,28,73
141050111,14,14,24,52
141050112,104,61,18,183
141050113,55,104,36,195
141050114,70,130,57,257
141050201,7,3,16,26
141050202,2,10,4,16
141050203,12,29,13,54
141050204,10,8,15,33
141050205,22,31,18,71
141050206,10,29,17,56
141050207,8,12,7,27
141050208,18,21,26,65
141050209,9,26,13,48
141050210,69,54,9,132
141050211,62,144,24,230
141050212,112,75,22,209
141050213,112,74,7,193
141050214,68,154,24,246
141050215,125,156,12,293
141050216,125,199,21,345
141050217,79,155,62,296
141050301,11,3,3,17
141050302,6,17,17,40
141050303,12,37,6,55
141050304,15,2,6,23
141050305,40,38,23,101
141050306,24,5,13,42
141050307,9,21,8,38
141050308,36,66,41,143
141050309,176,145,36,357
141050310,96,145,20,261
141050311,54,86,13,153
141050312,86,128,10,224
141050313,116,144,70,330
141050314,129,164,18,311
141050315,119,177,25,321
141050316,170,107,5,282
141050401,2,7,4,13
141050402,10,20,20,50
141050403,6,12,3,21
141050404,4,25,26,55
141050405,8,22,14,44
141050406,15,22,12,49
141050407,18,15,30,63
141050408,5,19,3,27
141050409,1,15,23,39
141050410,18,53,22,93
141050411,7,9,6,22
141050412,9,28,5,42
141050413,7,12,9,28
141050414,27,94,15,136
141050415,124,104,12,240
141050416,33,25,16,74
141050501,9,18,16,43
141050502,29,14,56,99
141050503,33,41,168,242
141050504,30,42,94,166
141050505,80,184,33,297
141050506,176,63,1,240
141050507,136,82,12,230
141050508,154,110,21,285
141050509,115,92,1,208
141050510,104,165,17,286
141050511,85,105,3,193
141050512,104,103,13,220
141050513,116,18,1,135
141050514,105,154,125,384
141050515,87,102,55,244
141050601,24,29,14,67
141050602,17,17,45,79
141050603,9,21,25,55
141050604,41,34,38,113
141050605,22,20,39,81
141050606,51,100,17,168
141050607,81,93,6,180
141050608,163,111,18,292
141050609,152,132,6,290
141050610,218,115,8,341
141050611,162,124,23,309
141050612,176,170,23,369
141050613,23,51,24,98
141120101,1,4,11,16
141120102,0,8,31,39
141120103,1,12,33,46
141120104,6,39,49,94
141120105,6,14,22,42
141120106,17,37,29,83
141120107,2,2,20,24
141120108,8,10,19,37
141120109,79,83,33,195
141120110,62,101,25,188
141120111,55,68,5,128
141120112,56,146,85,287
141120113,81,100,15,196
141120114,22,48,12,82
141120115,46,110,19,175
141120201,26,57,89,172
141120202,1,5,17,23
141120203,2,2,16,20
141120204,1,5,13,19
141120205,0,0,19,19
141120206,0,2,49,51
141120207,24,54,50,128
141120301,8,6,20,34
141120302,17,34,37,88
141120303,2,2,34,38
141120304,27,62,95,184
141120305,6,6,58,70
141120306,3,21,95,119
141120307,0,0,68,68
141120308,2,1,33,36
141120309,0,1,67,68
141120310,48,97,52,197
141120311,24,85,77,186
141120312,70,124,53,247
141120313,27,143,53,223
141120314,18,34,14,66
141190101,24,117,112,253
141190102,37,17,19,73
141190103,13,30,7,50
141190104,6,10,1,17
141190105,15,8,2,25
141190106,65,123,12,200
141190107,81,102,4,187
141190108,115,190,17,322
141190109,143,195,28,366
141190110,66,84,2,152
141190111,111,138,4,253
141190112,104,191,23,318
141190113,156,80,1,237
141190114,192,75,7,274
141190115,165,132,19,316
141190201,7,2,4,13
141190202,6,10,5,21
141190203,3,8,3,14
141190204,5,3,8,16
141190205,5,34,15,54
141190206,0,6,2,8
141190207,0,3,1,4
141190208,2,2,0,4
141190209,7,13,3,23
141190210,0,14,1,15
141190211,2,21,3,26
141190212,36,78,30,144
141190213,118,170,25,313
141190214,52,147,39,238
141190215,120,75,16,211
141190301,43,53,11,107
141190302,20,44,24,88
141190303,21,29,17,67
141190304,14,16,6,36
141190305,14,12,4,30
141190306,113,163,9,285
141190307,123,112,48,283
141190308,108,143,30,281
141190309,33,59,3,95
141190310,78,144,8,230
141190311,79,118,24,221
141190312,134,49,13,196
141190313,106,94,7,207
141190314,220,179,1,400
141190315,237,72,3,312
141190316,112,212,6,330
141190401,5,4,4,13
141190402,10,19,1,30
141190403,1,13,4,18
141190404,18,6,2,26
141190405,11,7,2,20
141190406,10,19,4,33
141190407,12,21,18,51
141190408,12,22,20,54
141190409,32,53,33,118
141190410,226,126,10,362
141190411,151,214,6,371
141190412,126,117,5,248
141190413,175,133,35,343
141190414,89,188,11,288
141190415,102,126,5,233
141190416,41,152,9,202
141190417,109,91,5,205
141190418,177,193,9,379
141190419,137,134,2,273
141190420,80,163,12,255
141190501,10,35,37,82
141190502,4,10,0,14
141190503,34,23,6,63
141190504,24,43,4,71
141190505,21,13,4,38
141190506,10,16,6,32
141190507,6,5,0,11
141190508,7,22,7,36
141190509,9,2,5,16
141190510,9,3,4,16
141190511,40,205,24,269
141190512,80,173,16,269
141190513,108,95,14,217
141190514,121,145,19,285
141190515,108,127,3,238
141190601,103,183,40,326
141190602,141,163,23,327
141190603,161,120,11,292
141190604,169,69,3,241
141190605,135,203,23,361
141190606,68,260,29,357
141190607,102,184,14,300
141190608,122,95,1,218
141190609,103,139,10,252
141190610,106,103,26,235
141190611,104,97,71,272
141190612,127,121,26,274
141190613,136,82,4,222
141190614,108,45,3,156
141190615,114,81,7,202
141190616,118,99,12,229
141190617,105,109,1,215
141190618,98,140,10,248
141190619,122,146,7,275
141190620,87,150,30,267
141190621,49,147,72,268
141190701,109,121,61,291
141190702,95,169,27,291
141190703,126,246,55,427
141190704,145,178,20,343
141190705,199,105,18,322
141190706,197,148,8,353
141190707,189,107,5,301
141190708,86,146,58,290
141190709,95,154,34,283
141190710,190,148,5,343
141190711,101,119,5,225
141190712,119,127,7,253
141190713,121,117,17,255
141190714,76,90,40,206
141190801,59,92,93,244
141190802,47,128,33,208
141190803,79,107,4,190
141190804,81,144,8,233
141190805,76,152,7,235
141190806,85,86,39,210
141190807,107,96,18,221
141190808,158,152,21,331
141190809,207,110,3,320
141190810,174,147,5,326
141190811,178,113,5,296
141190812,122,147,44,313
141190813,173,113,5,291
141190814,177,105,10,292
141190815,175,190,21,386
141190816,104,118,14,236
141190817,62,117,50,229
141190901,139,87,16,242
141190902,76,178,21,275
141190903,75,82,12,169
141190904,152,81,7,240
141190905,147,82,9,238
141190906,86,124,10,220
141190907,89,104,2,195
141190908,104,127,0,231
141190909,97,144,1,242
141190910,82,72,4,158
141190911,145,135,8,288
141190912,156,191,5,352
141190913,81,101,0,182
141190914,157,145,5,307
141190915,109,103,8,220
141190916,181,115,7,303
141190917,148,184,7,339
141260101,6,24,13,43
141260102,6,26,12,44
141260103,2,12,27,41
141260104,0,8,43,51
141260105,2,4,6,12
141260106,0,7,25,32
141260107,2,7,35,44
141260108,11,11,30,52
141260109,30,57,29,116
141260201,0,1,44,45
141260202,1,0,8,9
141260203,1,5,19,25
141260204,0,4,56,60
141260205,0,0,23,23
141260206,10,23,171,204
141260207,3,2,29,34
141260208,16,37,39,92
141260301,1,2,13,16
141260302,0,1,2,3
141260303,18,43,50,111
141260304,56,97,83,236
141260305,6,10,30,46
141260306,5,12,23,40
141260307,59,88,34,181
141260308,101,122,23,246
141260309,93,62,7,162
141260310,62,55,5,122
141260311,151,93,4,248
141260312,164,64,3,231
141260313,100,75,36,211
141260314,96,145,41,282
141260401,19,40,35,94
141260402,0,10,25,35
141260403,3,8,23,34
141260404,28,30,44,102
141260405,8,17,15,40
141260406,58,53,23,134
141260501,1,4,12,17
141260502,6,12,78,96
141260503,0,0,6,6
141260504,16,12,68,96
141260505,8,22,54,84
141260506,8,25,26,59
141260507,4,8,91,103
141260508,88,97,44,229
141260509,92,116,96,304
141260510,100,90,29,219
141260511,95,122,20,237
141260512,158,119,70,347
141260513,45,34,58,137
141260514,56,85,52,193
141260515,28,59,31,118
141260516,77,77,48,202
141260517,70,52,23,145
141260518,12,41,70,123
141260601,6,30,28,64
141260602,1,7,18,26
141260603,37,41,33,111
141260604,29,61,17,107
141260605,31,49,44,124
141260606,0,2,5,7
141260607,45,48,40,133
141260608,103,77,3,183
141260609,82,72,5,159
141260610,58,74,44,176
141260611,11,18,6,35
141260701,88,61,3,152
141260702,113,82,16,211
141260703,121,37,0,158
141260704,67,80,52,199
141260705,164,81,5,250
141260706,155,53,3,211
141260707,122,65,3,190
141260708,131,103,13,247
141260709,139,48,4,191
141260710,59,59,17,135
141260711,75,99,14,188
141260712,128,113,14,255
141260713,48,35,5,88
141330101,0,2,19,21
141330102,19,30,49,98
141330103,23,35,65,123
141330104,12,39,66,117
141330105,50,68,147,265
141330106,4,5,14,23
141330107,11,23,6,40
141330108,23,41,144,208
141330109,23,25,32,80
141330110,84,75,99,258
141330111,51,54,205,310
141330112,22,49,157,228
141330201,44,82,34,160
141330202,14,29,30,73
141330203,17,24,19,60
141330204,72,76,116,264
141330205,10,14,45,69
141330206,9,29,34,72
141330207,44,60,16,120
141330208,126,59,16,201
141330209,63,40,9,112
141330210,18,33,10,61
141330211,85,81,12,178
141330212,90,65,15,170
141330213,168,138,31,337
141330214,87,81,34,202
141330215,22,26,7,55
141330216,86,61,32,179
141330301,13,22,44,79
141330302,34,44,45,123
141330303,7,16,42,65
141330304,13,28,95,136
141330305,13,33,72,118
141330306,10,27,55,92
141330307,142,156,32,330
141330308,25,47,51,123
141330309,47,77,84,208
141330401,4,3,17,24
141330402,3,1,40,44
141330403,4,2,40,46
141330404,14,14,32,60
141330405,24,33,70,127
141330406,11,3,40,54
141330407,9,10,50,69
141330408,32,41,55,128
141330409,195,116,45,356
141330410,61,52,19,132
141330411,46,67,58,171
141330501,136,119,53,308
141330502,127,75,6,208
141330503,119,79,12,210
141330504,110,52,39,201
141330505,55,78,101,234
141330506,186,97,16,299
141330507,186,56,8,250
141330508,204,21,16,241
141330509,194,28,4,226
141330510,229,86,25,340
141330511,131,87,20,238
141330512,93,127,93,313
141330513,170,55,16,241
141330514,90,27,3,120
141330515,189,124,36,349
141330516,146,65,32,243
141330517,97,88,34,219
141330601,199,80,2,281
141330602,263,104,18,385
141330603,180,84,11,275
141330604,145,75,16,236
141330605,106,72,70,248
141330606,99,44,30,173
141330607,59,56,155,270
141330608,112,89,30,231
141330609,182,53,1,236
141330610,176,90,4,270
141330611,96,73,18,187
141330612,94,49,16,159
141330613,190,104,12,306
141330614,129,132,29,290
141330615,123,87,14,224
141330616,144,63,24,231
141330617,162,26,7,195
141400101,7,18,13,38
141400102,7,23,7,37
141400103,30,57,14,101
141400104,17,12,10,39
141400105,4,18,7,29
141400106,4,12,1,17
141400107,9,12,5,26
141400108,10,19,16,45
141400109,155,126,7,288
141400110,67,100,14,181
141400111,102,106,24,232
141400112,93,143,7,243
141400113,2,29,32,63
141400201,7,23,8,38
141400202,51,26,20,97
141400203,5,34,10,49
141400204,29,40,20,89
141400205,10,14,6,30
141400206,36,39,7,82
141400207,3,8,13,24
141400208,21,24,14,59
141400209,15,16,13,44
141400210,3,12,8,23
141400211,55,105,13,173
141400212,135,75,16,226
141400213,20,76,0,96
141400301,127,184,24,335
141400302,157,214,13,384
141400303,96,115,3,214
141400304,78,116,6,200
141400305,95,206,6,307
141400306,123,137,9,269
141400307,136,124,11,271
141400308,170,136,19,325
141400309,100,99,8,207
141400310,117,145,7,269
141400311,116,104,4,224
141400312,169,80,0,249
141400313,78,44,2,124
141400401,104,106,4,214
141400402,122,101,5,228
141400403,134,47,0,181
141400404,173,29,2,204
141400405,112,96,3,211
141400406,113,124,3,240
141400407,177,149,2,328
141400408,122,162,28,312
141400409,121,203,24,348
141400410,139,79,9,227
141400411,73,97,7,177
141400412,112,183,11,306
141400413,107,147,16,270
141400501,20,30,17,67
141400502,18,57,10,85
141400503,2,26,7,35
141400504,14,18,9,41
141400505,14,28,12,54
141400506,12,32,6,50
141400507,1,1,8,10
141400508,123,158,26,307
141400509,107,164,13,284
141400510,25,68,4,97
141400511,127,114,71,312
141400512,81,126,12,219
141400513,72,103,18,193
141400514,183,81,11,275
141400515,107,143,12,262
141400516,119,124,25,268
141400517,84,64,38,186
141400518,70,89,29,188
141400519,109,77,13,199
141400520,171,156,41,368
141400601,6,5,2,13
141400602,9,10,9,28
141400603,6,6,7,19
141400604,24,19,42,85
141400605,10,38,15,63
141400606,16,16,14,46
141400607,9,17,16,42
141400608,13,21,9,43
141400609,11,4,10,25
141400610,140,198,31,369
141400611,157,70,8,235
141400612,56,80,57,193
141400613,42,47,23,112
141400614,109,110,26,245
141400615,70,64,11,145
141400616,175,174,16,365
141400617,138,41,4,183
141400618,60,121,3,184
141400619,143,138,39,320
141400701,93,123,22,238
141400702,151,171,12,334
141400703,157,81,1,239
141400704,97,94,3,194
141400705,113,188,58,359
141400706,157,152,45,354
141400707,169,22,1,192
141400708,116,53,5,174
141400709,123,74,19,216
141400710,100,169,73,342
141400711,132,175,16,323
141400712,147,64,1,212
141400713,197,94,34,325
141400714,98,156,22,276
141400715,212,29,28,269
141400716,214,74,22,310
141400717,62,29,25,116
141400718,226,103,15,344
141400719,209,69,7,285
141400720,119,105,48,272
141400801,42,52,63,157
141400802,19,41,34,94
141400803,31,61,45,137
141400804,58,44,71,173
141400805,21,23,18,62
141400806,8,26,4,38
141400807,22,29,23,74
141400808,19,32,24,75
141400809,74,154,55,283
141400810,42,100,96,238
141400811,46,118,39,203
141400812,178,152,9,339
141400813,117,127,13,257
141400814,113,90,5,208
141400815,49,165,25,239
141400816,118,105,15,238
141400817,121,130,10,261
141400818,155,118,25,298
141400819,100,129,30,259
141400820,203,131,7,341
141400821,84,67,25,176
141400901,14,23,26,63
141400902,7,8,14,29
141400903,22,18,28,68
141400904,45,42,42,129
141400905,18,19,17,54
141400906,36,25,21,82
141400907,9,25,4,38
141400908,70,160,41,271
141400909,96,173,19,288
141400910,78,145,22,245
141400911,130,199,12,341
141400912,92,110,4,206
141400913,154,113,2,269
141400914,63,180,50,293
141400915,208,150,9,367
141400916,72,82,25,179
141401001,26,16,27,69
141401002,19,21,26,66
141401003,24,24,18,66
141401004,11,17,17,45
141401005,9,20,10,39
141401006,64,20,22,106
141401007,28,25,18,71
141401008,94,71,14,179
141401009,76,124,15,215
141401010,163,85,19,267
141401011,124,119,17,260
141401012,217,123,17,357
141401013,112,41,3,156
141401014,127,74,7,208
141401015,142,126,9,277
141401016,192,136,9,337
141401017,118,123,31,272
141401101,112,22,2,136
141401102,139,72,1,212
141401103,195,155,1,351
141401104,147,60,1,208
141401105,178,103,5,286
141401106,80,109,1,190
141401107,142,60,5,207
141401108,174,270,4,448
141401109,56,183,0,239
141401110,154,123,4,281
141401111,141,94,1,236
141401112,91,122,0,213
141401113,142,137,4,283
141401114,168,84,2,254
141401115,132,64,0,196
141401116,137,56,0,193
141401117,125,56,1,182
141401118,270,53,0,323
141401119,235,69,1,305
141401120,257,90,1,348
141401121,228,100,0,328
141401201,134,47,17,198
141401202,101,67,4,172
141401203,71,84,80,235
141401204,71,128,28,227
141401205,111,203,16,330
141401206,95,166,72,333
141401207,172,109,5,286
141401208,137,124,6,267
141401209,136,115,4,255
141401210,111,163,49,323
141401211,140,192,21,353
141401212,100,166,30,296
141401213,153,92,8,253
141401214,105,98,6,209
141401215,126,88,3,217
141401216,155,47,2,204
141401217,187,80,0,267
141401218,122,63,2,187
141401219,95,89,33,217
141401301,157,50,2,209
141401302,175,42,0,217
141401303,134,63,1,198
141401304,86,157,2,245
141401305,125,131,11,267
141401306,159,78,1,238
141401307,161,27,0,188
141401308,110,61,0,171
141401309,125,108,0,233
141401310,164,56,2,222
141401311,97,140,2,239
141401312,139,73,11,223
141401313,91,180,10,281
141401314,116,82,2,200
141401315,121,139,44,304
141401316,105,145,9,259
141401317,83,140,85,308
141401318,71,89,67,227
141401401,150,154,8,312
141401402,125,120,7,252
141401403,148,82,2,232
141401404,151,107,3,261
141401405,173,79,25,277
141401406,128,56,1,185
141401407,172,55,1,228
141401408,93,54,2,149
141401409,131,43,3,177
141401410,100,71,7,178
141401411,132,99,5,236
141401412,162,141,4,307
141401413,291,86,0,377
141401414,138,246,2,386
141401415,154,150,2,306
141401416,114,189,2,305
141401417,106,134,11,251
141401418,110,175,8,293
141401419,97,162,6,265
141401420,104,88,6,198
141401421,94,98,24,216
141401422,100,82,7,189
141401423,108,132,11,251
141401501,15,35,23,73
141401502,23,14,18,55
141401503,15,19,30,64
141401504,31,18,25,74
141401505,25,19,33,77
141401506,21,11,17,49
141401507,118,78,20,216
141401508,84,73,13,170
141401509,129,103,11,243
141401510,195,89,16,300
141401511,159,106,9,274
141401512,187,142,0,329
141401513,142,210,69,421
141401514,40,55,15,110
141401515,38,47,12,97
141401601,15,11,11,37
141401602,22,6,28,56
141401603,11,19,18,48
141401604,3,4,4,11
141401605,37,29,18,84
141401606,33,30,12,75
141401607,155,43,9,207
141401608,169,142,43,354
141401609,73,155,11,239
141401610,127,184,36,347
141401611,165,170,8,343
141401612,95,118,12,225
141401613,104,73,9,186
141401614,217,36,7,260
141401615,156,38,10,204
141401701,15,19,22,56
141401702,19,17,24,60
141401703,9,7,22,38
141401704,13,4,6,23
141401705,27,29,25,81
141401706,19,15,15,49
141401707,5,9,6,20
141401708,32,21,16,69
141401709,20,49,32,101
141401710,31,21,12,64
141401711,123,183,38,344
141401712,106,93,1,200
141401713,81,88,0,169
141401714,253,100,6,359
141401715,112,130,22,264
141401716,98,106,4,208
141401717,107,120,21,248
141401718,8,21,34,63
141401719,120,84,41,245
141401720,85,102,7,194
141401801,71,140,5,216
141401802,79,129,34,242
141401803,134,87,6,227
141401804,102,109,7,218
141401805,73,81,70,224
141401806,142,63,38,243
141401807,101,101,2,204
141401808,126,144,20,290
141401809,144,122,1,267
141401810,94,115,1,210
141401811,122,125,2,249
141401812,102,116,9,227
141401901,169,152,34,355
141401902,131,86,3,220
141401903,108,54,1,163
141401904,115,66,1,182
141401905,82,52,3,137
141401906,127,81,8,216
141401907,119,75,7,201
141401908,98,101,6,205
141401909,92,156,9,257
141401910,153,237,9,399
141401911,58,157,2,217
141470101,11,10,6,27
141470102,66,69,37,172
141470103,22,35,111,168
141470104,103,127,79,309
141470105,170,156,16,342
141470106,122,93,16,231
141470107,95,129,44,268
141470108,76,72,0,148
141470109,114,219,20,353
141470110,144,154,46,344
141470111,105,140,15,260
141470112,151,76,7,234
141470113,117,64,17,198
141470114,118,102,57,277
141470201,62,62,31,155
141470202,166,181,104,451
141470203,6,4,39,49
141470204,85,51,69,205
141470205,41,70,166,277
141470206,23,11,23,57
141470207,116,123,46,285
141470208,77,131,29,237
141470209,88,96,26,210
141470210,136,173,27,336
141470211,91,115,17,223
141470212,69,102,29,200
141470213,46,98,46,190
141470301,5,4,20,29
141470302,17,15,12,44
141470303,56,30,40,126
141470304,49,47,25,121
141470305,38,14,27,79
141470306,12,7,4,23
141470307,36,41,67,144
141470308,54,98,168,320
141470309,142,78,26,246
141470310,139,98,50,287
141470311,89,53,42,184
141470312,74,43,24,141
141470313,84,31,0,115
141470314,84,34,6,124
141470401,19,14,20,53
141470402,13,12,14,39
141470403,16,16,28,60
141470404,4,5,3,12
141470405,91,50,25,166
141470406,42,49,47,138
141470407,166,134,9,309
141470408,172,115,43,330
141470409,46,120,9,175
141470410,105,94,29,228
141470411,105,114,19,238
141470412,139,146,57,342
141470413,53,77,43,173
141470501,10,8,12,30
141470502,9,8,11,28
141470503,9,22,12,43
141470504,20,11,18,49
141470505,10,8,3,21
141470506,5,5,1,11
141470507,51,48,7,106
141470508,125,62,8,195
141470601,46,46,37,129
141470602,26,33,11,70
141470603,96,30,6,132
141470604,82,29,1,112
141470605,67,16,6,89
141470606,69,64,17,150
141470607,71,45,4,120
141470608,88,45,21,154
141470609,74,26,10,110
141470610,68,71,19,158
141470701,10,12,5,27
141470702,2,5,5,12
141470703,2,4,11,17
141470704,9,20,18,47
141470705,0,1,1,2
141470706,0,12,13,25
141470707,9,4,17,30
141470708,20,11,4,35
141470709,30,22,7,59
141470710,42,27,26,95
141470711,49,34,7,90
141470712,29,23,9,61
141470713,16,14,15,45
141470714,60,58,32,150
141470801,209,40,8,257
141470802,176,94,44,314
141470803,162,109,60,331
141470804,107,106,15,228
141470805,253,151,55,459
141470806,242,129,7,378
141470807,160,105,20,285
141470808,227,45,2,274
141470809,196,53,3,252
141470810,138,30,0,168
141470811,163,62,3,228
141470812,155,122,50,327
141470813,185,71,0,256
141470814,183,61,0,244
141470815,166,55,1,222
141470816,169,33,0,202
141470817,90,32,0,122
141470901,76,120,95,291
141470902,133,126,111,370
141470903,184,139,57,380
141470904,86,98,18,202
141470905,139,53,25,217
141470906,185,122,14,321
141470907,129,40,0,169
141470908,161,100,32,293
141470909,142,64,1,207
141470910,135,54,10,199
141470911,140,43,5,188
141470912,178,129,32,339
141470913,193,175,8,376
141470914,168,64,4,236
141470915,166,87,5,258
141470916,117,108,4,229
141470917,116,59,8,183
141470918,47,93,64,204
141470919,74,131,57,262
141471001,156,57,3,216
141471002,199,60,9,268
141471003,138,40,2,180
141471004,150,63,6,219
141471005,230,82,3,315
141471006,173,44,2,219
141471007,152,68,1,221
141471008,220,103,27,350
141471009,180,49,19,248
141471010,228,143,3,374
141471011,144,194,83,421
141471012,86,84,88,258
141471013,129,86,69,284
141471014,186,167,46,399
141471015,119,148,143,410
141540101,0,1,30,31
141540102,5,12,22,39
141540103,9,29,59,97
141540104,11,21,48,80
141540105,2,6,13,21
141540106,0,3,3,6
141540107,2,10,20,32
141540201,3,3,41,47
141540202,0,4,1,5
141540203,0,8,19,27
141540204,22,17,14,53
141540205,2,15,11,28
141540206,10,8,6,24
141540207,3,7,22,32
141540208,0,11,25,36
141540209,38,70,44,152
141540210,43,89,37,169
141540211,113,127,24,264
141540212,16,65,9,90
141610101,12,8,8,28
141610102,7,22,6,35
141610103,13,25,9,47
141610104,24,30,12,66
141610105,10,26,23,59
141610106,9,14,1,24
141610107,19,9,3,31
141610108,13,16,1,30
141610109,14,20,3,37
141610110,18,25,18,61
141610111,3,28,6,37
141610112,52,123,65,240
141610113,157,123,13,293
141610114,63,97,5,165
141610115,50,101,4,155
141610116,99,149,8,256
141610117,121,180,26,327
141610201,13,32,3,48
141610202,16,21,7,44
141610203,10,11,0,21
141610204,5,14,2,21
141610205,6,10,3,19
141610206,8,24,3,35
141610207,37,162,7,206
141610208,120,109,7,236
141610209,152,119,2,273
141610210,83,124,1,208
141610211,125,99,10,234
141610212,107,71,17,195
141610213,67,138,9,214
141610214,57,164,5,226
141610215,103,96,9,208
141610216,102,99,22,223
141610301,30,45,17,92
141610302,17,21,2,40
141610303,24,13,5,42
141610304,26,26,10,62
141610305,20,68,28,116
141610306,130,67,43,240
141610307,94,209,18,321
141610308,113,73,7,193
141610309,50,114,27,191
141610310,148,149,8,305
141610311,116,59,2,177
141610312,75,71,3,149
141610313,81,73,9,163
141610401,16,30,6,52
141610402,15,13,5,33
141610403,6,14,4,24
141610404,1,30,1,32
141610405,23,33,9,65
141610406,13,33,5,51
141610407,13,56,14,83
141610408,5,10,2,17
141610409,20,26,5,51
141610410,14,31,10,55
141610411,33,50,6,89
141610412,99,122,20,241
141610413,92,128,8,228
141610501,16,8,0,24
141610502,14,9,1,24
141610503,21,48,19,88
141610504,14,8,2,24
141610505,12,32,3,47
141610506,35,148,41,224
141610507,177,141,18,336
141610508,142,43,2,187
141610509,125,82,4,211
141610510,107,94,0,201
141610511,111,114,3,228
141610512,62,127,6,195
141610601,57,115,31,203
141610602,73,138,5,216
141610603,143,186,5,334
141610604,181,105,9,295
141610605,85,87,7,179
141610606,107,201,9,317
141610607,61,199,5,265
141610608,139,59,4,202
141610609,109,101,12,222
141610610,124,122,4,250
141610611,171,47,2,220
141610612,176,74,3,253
141610613,106,139,20,265
141610614,80,94,30,204
141610701,95,144,1,240
141610702,67,104,2,173
141610703,207,103,0,310
141610704,68,73,2,143
141610705,81,65,1,147
141610706,71,189,9,269
141610707,102,106,5,213
141610708,82,186,24,292
141610709,175,125,3,303
141610710,109,130,1,240
141610711,100,97,1,198
141610712,101,222,27,350
141610713,90,203,6,299
141610714,53,173,20,246
141610715,200,156,20,376
141610801,80,133,0,213
141610802,76,34,10,120
141610803,131,49,8,188
141610804,80,99,2,181
141610805,129,28,2,159
141610806,75,91,9,175
141610807,113,151,17,281
141610808,132,68,4,204
141610809,78,90,4,172
141610810,158,137,5,300
141610811,54,122,5,181
141610812,148,39,1,188
141610813,120,69,5,194
141610814,133,122,2,257
141610815,87,96,27,210
141610816,117,70,5,192
141610817,173,137,7,317
141610901,56,121,36,213
141610902,91,168,28,287
141610903,115,116,24,255
141610904,46,161,30,237
141610905,92,151,15,258
141610906,50,190,38,278
141610907,149,83,2,234
141610908,69,142,0,211
141610909,84,144,8,236
141610910,90,116,2,208
141610911,157,109,0,266
141610912,207,32,1,240
141610913,131,139,0,270
141610914,134,78,2,214
141610915,178,128,2,308
141610916,112,84,1,197
141610917,110,104,0,214
141610918,148,183,0,331
141610919,126,106,1,233
141610920,121,84,8,213
141610921,128,202,4,334
141610922,65,218,0,283
141610923,81,134,4,219
141611001,133,103,0,236
141611002,87,182,1,270
141611003,146,109,0,255
141611004,151,78,6,235
141611005,154,73,2,229
141611006,153,126,1,280
141611007,103,240,4,347
141611008,99,139,3,241
141611009,72,128,2,202
141611010,81,92,0,173
141611011,103,82,0,185
141611012,169,153,0,322
141611013,103,98,1,202
141611014,110,96,1,207
141611015,139,51,2,192
141611016,88,148,3,239
141611017,151,190,7,348
141611018,118,165,1,284
141611019,172,114,0,286
141611020,66,172,10,248
141611021,132,101,5,238
141611101,126,208,27,361
141611102,48,149,10,207
141611103,40,114,12,166
141611104,130,156,13,299
141611105,122,91,5,218
141611106,129,113,2,244
141611107,97,121,1,219
141611108,126,63,8,197
141611109,60,90,13,163
141611110,35,151,32,218
141611111,128,222,9,359
141611112,147,164,2,313
141611113,95,161,1,257
141611114,101,133,5,239
141611115,89,126,4,219
141611116,93,200,12,305
141611117,111,89,20,220
141680101,2,7,37,46
141680102,11,9,32,52
141680103,7,14,5,26
141680104,2,5,8,15
141680105,2,7,8,17
141680106,7,27,11,45
141680107,12,14,9,35
141680108,7,47,35,89
141680109,4,15,7,26
141680110,12,67,18,97
141680111,39,122,42,203
141680112,96,158,13,267
141680113,44,44,54,142
141680114,70,141,91,302
141680201,11,23,12,46
141680202,41,27,14,82
141680203,2,16,7,25
141680204,60,84,13,157
141680205,82,60,11,153
141680206,63,110,17,190
141680207,101,138,17,256
141680208,143,127,12,282
141680209,61,120,26,207
141680210,84,96,12,192
141680211,106,135,7,248
141680212,84,77,72,233
141680213,87,116,15,218
141680214,92,85,12,189
141680301,4,13,10,27
141680302,16,24,21,61
141680303,30,39,25,94
141680304,6,22,4,32
141680305,14,29,14,57
141680306,3,19,4,26
141680307,10,31,11,52
141680308,5,3,11,19
141680309,2,35,14,51
141680310,19,15,19,53
141680311,135,137,39,311
141680312,54,102,62,218
141680313,92,186,23,301
141750101,2,0,33,35
141750102,2,5,20,27
141750103,3,16,34,53
141750104,3,14,10,27
141750105,1,16,37,54
141750106,3,13,6,22
141750107,1,15,60,76
141750108,13,6,23,42
141750109,7,3,40,50
141750110,9,57,161,227
141750111,32,69,83,184
141750112,38,42,22,102
141750113,92,96,30,218
141750114,100,101,28,229
141750201,3,12,140,155
141750202,21,43,87,151
141750203,7,28,29,64
141750204,1,14,73,88
141750205,2,12,30,44
141750206,9,17,35,61
141750207,9,9,14,32
141750208,4,13,49,66
141750209,15,45,78,138
141750210,1,11,42,54
141750211,12,21,31,64
141750212,38,148,23,209
141750213,56,155,36,247
141750214,78,119,47,244
141750215,49,173,31,253
141750216,79,98,13,190
141750217,115,72,13,200
141750218,87,165,85,337
141750219,0,0,1,1
141820101,16,23,9,48
141820102,27,22,4,53
141820103,12,27,6,45
141820104,24,10,7,41
141820105,29,16,12,57
141820106,30,34,21,85
141820107,37,27,6,70
141820108,31,34,12,77
141820109,28,11,7,46
141820110,24,71,27,122
141820111,89,98,3,190
141820112,94,127,7,228
141820113,116,118,16,250
141820114,56,64,26,146
141820115,74,75,39,188
141820116,96,184,54,334
141820117,48,130,40,218
141820118,147,100,15,262
141820119,168,114,6,288
141820120,116,199,3,318
141820121,124,89,5,218
141820201,14,36,11,61
141820202,20,66,20,106
141820203,41,37,10,88
141820204,16,12,9,37
141820205,14,13,4,31
141820206,148,80,17,245
141820207,142,87,3,232
141820208,89,86,19,194
141820209,87,148,30,265
141820210,112,112,40,264
141820211,92,122,53,267
141820212,36,73,56,165
141820213,166,143,14,323
141820214,88,58,18,164
141820301,27,21,10,58
141820302,5,4,9,18
141820303,39,17,13,69
141820304,20,14,7,41
141820305,15,11,4,30
141820306,27,25,3,55
141820307,197,105,6,308
141820308,117,80,32,229
141820309,99,72,3,174
141820310,139,150,81,370
141820401,19,11,5,35
141820402,43,33,33,109
141820403,37,29,13,79
141820404,17,11,3,31
141820405,15,14,5,34
141820406,40,14,4,58
141820407,32,2,6,40
141820408,35,49,28,112
141820409,111,122,8,241
141820410,142,77,1,220
141820411,173,135,15,323
141820412,60,106,46,212
141820413,112,145,22,279
141820414,108,95,5,208
141820415,197,97,22,316
141820501,13,9,4,26
141820502,15,7,5,27
141820503,3,3,2,8
141820504,10,7,3,20
141820505,33,20,12,65
141820506,12,6,6,24
141820507,3,9,3,15
141820508,16,10,6,32
141820509,102,88,10,200
141820510,108,49,7,164
141820511,171,122,12,305
141820512,116,72,50,238
141820513,98,113,15,226
141820514,133,66,7,206
141820515,125,125,7,257
141820516,83,100,43,226
141820517,97,46,19,162
141820518,225,132,13,370
141820519,85,61,5,151
141820520,126,84,8,218
141820521,98,93,27,218
141820601,13,8,6,27
141820602,20,21,5,46
141820603,16,9,2,27
141820604,7,13,16,36
141820605,15,21,5,41
141820606,2,3,1,6
141820607,190,116,23,329
141820608,114,71,18,203
141820609,191,216,7,414
141820610,121,107,18,246
141820611,155,44,2,201
141820612,139,132,33,304
141820613,158,61,6,225
141820614,97,35,4,136
141820615,204,87,18,309
141820616,126,64,12,202
141820617,144,54,11,209
141820618,89,32,2,123
141820619,56,29,28,113
141820701,12,11,2,25
141820702,32,24,20,76
141820703,22,14,10,46
141820704,11,12,3,26
141820705,20,16,12,48
141820706,19,14,2,35
141820707,61,44,18,123
141820708,13,17,20,50
141820709,22,16,7,45
141820710,14,25,2,41
141820711,61,96,69,226
141820712,74,37,21,132
141820713,76,91,12,179
141820714,119,87,8,214
141820715,204,86,20,310
141820716,151,82,12,245
141820801,71,78,61,210
141820802,166,43,20,229
141820803,109,147,12,268
141820804,89,128,5,222
141820805,198,118,3,319
141820806,155,138,21,314
141820807,168,40,0,208
141820808,131,46,0,177
141820809,223,107,1,331
141820810,209,101,3,313
141820811,156,55,2,213
141820812,87,43,0,130
141820901,202,77,11,290
141820902,128,171,29,328
141820903,89,140,46,275
141820904,96,109,21,226
141820905,116,81,17,214
141820906,181,55,2,238
141820907,142,72,10,224
141820908,174,134,48,356
141820909,96,155,51,302
141820910,206,133,14,353
141820911,222,76,2,300
141821001,130,84,1,215
141821002,185,116,3,304
141821003,68,120,5,193
141821004,123,112,48,283
141821005,49,60,45,154
141821006,76,116,14,206
141821007,214,59,5,278
141821008,86,88,2,176
141821009,123,143,13,279
141821010,63,177,64,304
141821101,116,28,2,146
141821102,194,39,1,234
141821103,113,45,0,158
141821104,199,23,0,222
141821105,124,63,2,189
141821106,128,115,13,256
141821107,79,106,4,189
141821108,100,125,20,245
141821109,121,150,109,380
141821110,192,131,23,346
141821201,132,77,3,212
141821202,94,81,8,183
141821203,182,90,0,272
141821204,117,184,21,322
141821205,110,115,5,230
141821206,178,130,15,323
141821207,138,138,4,280
141821208,139,60,4,203
141821209,91,88,14,193
141821210,98,102,0,200
141821211,127,96,21,244
141821301,185,93,37,315
141821302,177,100,20,297
141821303,148,83,1,232
141821304,192,84,8,284
141821305,126,72,3,201
141821306,183,41,22,246
141821307,144,107,29,280
141821308,8,31,74,113
141821309,82,72,7,161
141821310,107,58,15,180
141821311,106,98,37,241
141821312,127,57,63,247
180070101,29,111,168,308
180070102,30,51,81,162
180070103,122,70,51,243
180070104,127,30,53,210
180070105,111,76,58,245
180070106,164,66,64,294
180070107,160,16,2,178
180070108,207,15,11,233
180070109,126,65,69,260
180070110,98,69,46,213
180070111,87,62,72,221
180070112,150,59,34,243
180070113,257,43,7,307
180070114,86,54,85,225
180070115,24,88,160,272
180070116,90,101,77,268
180070117,146,69,32,247
180070118,148,63,12,223
180070119,59,76,107,242
180070120,122,68,37,227
180070121,165,33,48,246
180070122,73,84,85,242
180070123,130,52,51,233
180070124,256,3,3,262
180070125,260,4,3,267
180070201,5,10,59,74
180070202,6,9,38,53
180070203,10,12,69,91
180070204,3,12,77,92
180070205,1,16,53,70
180070206,9,6,58,73
180070207,4,3,61,68
180070208,7,7,62,76
180070209,1,1,67,69
180070210,2,1,16,19
180070211,2,6,51,59
180070212,5,14,57,76
180070213,137,86,39,262
180070214,184,164,17,365
180070215,198,58,6,262
180070216,18,78,50,146
180070217,9,13,128,150
180070218,82,43,21,146
180070301,60,22,133,215
180070302,1,3,32,36
180070303,3,6,24,33
180070304,3,10,101,114
180070305,37,20,55,112
180070401,0,6,20,26
180070501,1,3,34,38
180070502,1,1,16,18
180070503,4,1,4,9
180070504,3,1,23,27
180070505,3,1,22,26
180070506,1,0,38,39
180070601,30,25,86,141
180070602,10,10,84,104
180070701,3,7,46,56
180070702,5,5,91,101
180070801,0,0,6,6
180070802,0,0,11,11
180140101,30,42,46,118
180140102,60,39,32,131
180140103,43,45,59,147
180140201,2,9,38,49
180140202,4,2,6,12
180140203,0,4,4,8
180140301,2,5,51,58
180140302,4,7,17,28
180140303,4,6,32,42
180140401,2,15,38,55
180140402,2,6,6,14
180140501,0,0,0,0
180140502,0,0,0,0
180210101,333,15,2,350
180210102,219,13,8,240
180210103,312,14,2,328
180210104,263,21,3,287
180210105,225,21,1,247
180210106,278,15,6,299
180210107,192,23,2,217
180210108,174,14,7,195
180210109,235,13,2,250
180210110,187,7,0,194
180210111,199,11,5,215
180210112,129,4,0,133
180210113,377,31,3,411
180210114,288,21,39,348
180210115,368,34,1,403
180210116,216,7,0,223
180210117,363,14,8,385
180210118,297,10,1,308
180210201,314,21,11,346
180210202,205,33,2,240
180210203,258,44,0,302
180210204,200,10,1,211
180210205,242,7,0,249
180210206,263,11,0,274
180210207,265,37,8,310
180210208,274,54,10,338
180210209,226,37,7,270
180210210,259,23,0,282
180210211,244,7,0,251
180210212,215,13,1,229
180210213,153,39,8,200
180210214,360,49,6,415
180210215,226,45,11,282
180210216,258,16,1,275
180210217,288,44,0,332
180210218,129,20,0,149
180210301,95,111,45,251
180210302,166,65,7,238
180210303,213,103,105,421
180210304,197,152,87,436
180210305,107,155,109,371
180210306,104,80,60,244
180210307,41,66,116,223
180210308,88,92,91,271
180210309,66,133,88,287
180210310,103,102,64,269
180210311,175,39,8,222
180210312,136,46,11,193
180210313,92,52,27,171
180210314,66,140,80,286
180210315,136,173,25,334
180210316,171,67,33,271
180210317,188,116,84,388
180210318,150,33,18,201
180210319,207,26,7,240
180210320,204,59,24,287
180210321,159,46,7,212
180210401,176,104,125,405
180210402,212,4,0,216
180210403,256,147,75,478
180210404,185,78,74,337
180210405,96,75,66,237
180210406,36,151,177,364
180210407,67,128,147,342
180210408,117,73,48,238
180210409,124,88,81,293
180210410,158,81,45,284
180210411,265,126,57,448
180210412,98,75,23,196
180210413,194,42,8,244
180210414,244,54,9,307
180210415,111,106,16,233
180210416,198,35,10,243
180210417,170,57,12,239
180210418,146,47,24,217
180210419,89,52,4,145
180210420,117,25,15,157
180210421,192,68,80,340
180210422,142,48,13,203
180210501,195,39,3,237
180210502,173,15,4,192
180210503,286,63,6,355
180210504,208,60,13,281
180210505,116,37,8,161
180210506,167,71,26,264
180210507,186,92,18,296
180210508,121,29,12,162
180210509,161,57,16,234
180210510,180,39,4,223
180210511,177,41,15,233
180210512,326,70,5,401
180210513,207,59,16,282
180210514,121,59,23,203
180210515,102,57,7,166
180210516,62,65,14,141
180210601,133,50,9,192
180210602,129,45,14,188
180210603,152,76,15,243
180210604,203,111,29,343
180210605,218,69,18,305
180210606,298,153,67,518
180210607,235,12,8,255
180210608,206,8,19,233
180210609,287,13,20,320
180210610,238,14,0,252
180210611,181,9,1,191
180210612,221,62,20,303
180210613,174,98,41,313
180210614,184,84,35,303
180210615,88,91,36,215
180210616,166,66,26,258
180210701,38,96,153,287
180210702,72,85,42,199
180210703,125,173,44,342
180210704,313,13,1,327
180210705,272,8,1,281
180210706,178,20,0,198
180210707,342,47,16,405
180210708,196,125,168,489
180210709,198,62,25,285
180210710,75,179,71,325
180210711,28,184,191,403
180210712,270,5,5,280
180210713,246,13,32,291
180210714,189,60,4,253
180210715,22,158,73,253
180210716,131,58,27,216
180210801,130,36,9,175
180210802,155,57,28,240
180210803,194,48,18,260
180210804,166,13,3,182
180210805,194,25,27,246
180210806,210,35,13,258
180210807,180,22,4,206
180210808,150,17,5,172
180210809,235,98,14,347
180210810,230,78,18,326
180210811,235,133,35,403
180210812,66,66,18,150
180210813,63,62,56,181
180210901,144,18,1,163
180210902,143,36,2,181
180210903,192,41,31,264
180210904,208,14,9,231
180210905,148,56,19,223
180210906,282,87,16,385
180210907,309,63,30,402
180210908,338,37,5,380
180210909,271,27,3,301
180210910,254,22,7,283
180210911,136,15,2,153
180210912,268,55,15,338
180210913,184,26,3,213
180210914,195,47,6,248
180210915,192,27,10,229
180211001,61,111,53,225
180211002,154,87,38,279
180211003,72,137,82,291
180211004,75,146,84,305
180211005,50,76,103,229
180211006,122,272,36,430
180211007,170,102,39,311
180211101,49,51,191,291
180211102,3,3,17,23
180211103,49,30,65,144
180211104,22,23,56,101
180211105,25,44,71,140
180211106,46,121,121,288
180211107,66,137,80,283
180211108,33,73,96,202
180211109,28,70,154,252
180211110,64,37,113,214
180211201,7,2,17,26
180211202,5,3,36,44
180211203,0,8,26,34
180211204,3,4,39,46
180211205,34,48,91,173
180211206,36,28,77,141
180211207,5,11,123,139
180211208,80,112,110,302
180211209,49,177,140,366
180211210,123,58,138,319
180211211,77,177,6,260
180211212,58,84,181,323
180211213,9,12,77,98
180211301,68,122,109,299
180211302,27,41,101,169
180211303,7,7,34,48
180211304,3,5,8,16
180211305,36,39,40,115
180211306,60,49,74,183
180211307,35,84,93,212
180211401,0,0,5,5
180211402,0,1,9,10
180211501,186,55,2,243
180211502,197,13,1,211
180211503,107,5,0,112
180211504,127,0,0,127
180211505,126,150,0,276
180211506,137,51,5,193
180211507,131,56,9,196
180211508,64,138,3,205
180211509,161,22,0,183
180211510,166,4,0,170
180211511,341,10,1,352
180211512,223,10,3,236
180211513,203,18,1,222
180211514,221,11,0,232
180211515,187,9,0,196
180211516,301,81,11,393
180211601,51,72,32,155
180211602,54,99,40,193
180211603,194,108,28,330
180211604,252,119,28,399
180211605,129,23,3,155
180211606,184,7,0,191
180211607,158,59,3,220
180211608,202,22,2,226
180211609,179,86,11,276
180211610,90,57,29,176
180211611,171,66,29,266
180211612,119,54,26,199
180211613,71,94,52,217
180211614,132,88,41,261
180211615,130,121,62,313
180211616,147,103,74,324
180211701,149,85,39,273
180211702,171,83,21,275
180211703,99,154,79,332
180211704,167,89,32,288
180211705,177,31,0,208
180211706,243,103,24,370
180211707,211,26,7,244
180211708,162,66,12,240
180211709,175,46,23,244
180211710,290,3,4,297
180211711,252,23,1,276
180211712,198,5,1,204
180211713,206,31,8,245
180211714,205,5,0,210
180211715,191,42,11,244
180211716,171,32,0,203
180211717,200,10,2,212
180211718,325,27,15,367
180211801,297,85,28,410
180211802,262,8,2,272
180211803,299,65,3,367
180211804,129,200,122,451
180211805,104,90,17,211
180211806,59,119,36,214
180211807,201,119,49,369
180211808,349,5,1,355
180211809,260,101,131,492
180211810,157,100,1,258
180211811,188,100,38,326
180211812,262,116,37,415
180211813,272,101,28,401
180211901,183,28,1,212
180211902,186,52,9,247
180211903,201,27,1,229
180211904,146,22,30,198
180211905,109,113,23,245
180211906,100,83,38,221
180211907,114,71,4,189
180211908,217,97,14,328
180211909,222,28,7,257
180211910,101,1,24,126
180211911,200,46,7,253
180211912,290,93,17,400
180211913,128,36,15,179
180211914,64,141,3,208
180211915,155,83,23,261
180211916,151,62,8,221
180211917,105,58,10,173
180211918,141,79,42,262
180212001,160,96,31,287
180212002,168,149,60,377
180212003,280,105,41,426
180212004,106,118,35,259
180212005,93,120,8,221
180212006,241,63,9,313
180212007,256,34,4,294
180212008,215,51,3,269
180212009,143,75,28,246
180212010,123,124,37,284
180212011,185,104,58,347
180212012,146,115,12,273
180212013,182,107,27,316
180212101,187,80,27,294
180212102,168,33,11,212
180212103,163,117,28,308
180212104,248,57,8,313
180212105,138,10,0,148
180212106,160,196,7,363
180212107,169,93,68,330
180212108,119,129,96,344
180212109,143,56,42,241
180212110,192,98,44,334
180212111,216,85,23,324
180212112,87,158,83,328
180212201,83,39,43,165
180212202,88,95,58,241
180212203,122,97,132,351
180212204,20,127,296,443
180212205,11,115,163,289
180212206,21,132,125,278
180212207,73,134,265,472
180212208,37,110,97,244
180212209,158,148,61,367
180212210,162,97,42,301
180212211,205,134,9,348
180212212,209,214,39,462
180212301,74,180,172,426
180212302,216,98,53,367
180212303,157,164,67,388
180212304,163,117,34,314
180212305,321,34,8,363
180212306,152,79,39,270
180212307,129,152,37,318
180212308,242,31,19,292
180212309,222,83,1,306
180212310,220,101,20,341
180212311,256,60,58,374
180212312,129,166,92,387
180212313,388,3,8,399
180212314,24,35,55,114
180280101,113,60,222,395
180280102,19,45,118,182
180280103,113,90,90,293
180280201,0,0,21,21
180280202,1,5,20,26
180280301,58,82,370,510
180280302,3,3,9,15
180280303,10,11,63,84
180280304,2,0,3,5
180280305,0,2,16,18
180280306,2,1,33,36
180280307,1,1,37,39
180280308,3,17,150,170
180280309,4,60,288,352
180280310,91,78,96,265
180280311,90,79,142,311
180280312,105,134,278,517
180280401,75,77,78,230
180280402,1,1,19,21
180280403,2,1,42,45
180280404,2,1,3,6
180280405,15,18,100,133
180280406,11,47,84,142
180280407,11,31,81,123
180280408,7,24,44,75
180280409,8,22,63,93
180280410,0,7,29,36
180280411,9,22,32,63
180280412,19,41,99,159
180280413,7,31,88,126
180280501,2,1,16,19
180280502,6,2,14,22
180280503,15,2,0,17
180280601,5,7,13,25
180280602,1,2,1,4
180280603,1,0,21,22
180280604,3,10,70,83
180280605,0,0,12,12
180280606,3,1,16,20
180280701,5,5,54,64
180280702,46,74,26,146
180280703,1,2,20,23
180280704,0,3,13,16
180280705,2,2,17,21
180280706,11,2,10,23
180280707,0,2,14,16
180350101,138,72,69,279
180350102,36,55,100,191
180350103,89,109,134,332
180350104,210,44,26,280
180350105,283,15,4,302
180350106,143,10,0,153
180350107,159,17,7,183
180350108,153,7,2,162
180350109,142,40,36,218
180350110,77,74,50,201
180350111,75,105,88,268
180350112,80,64,65,209
180350113,160,29,29,218
180350114,4,1,1,6
180350115,58,63,97,218
180350116,33,69,90,192
180350201,13,11,10,34
180350301,13,8,29,50
180350302,3,7,23,33
180350303,8,2,31,41
180350401,9,6,1,16
180350402,8,11,14,33
180350501,22,18,70,110
180350502,21,21,36,78
180350503,2,7,3,12
180350601,11,5,12,28
180350602,5,11,9,25
180350603,8,30,73,111
180350701,6,14,21,41
180350702,5,8,6,19
180350801,5,6,10,21
180350802,14,14,44,72
180350901,4,4,10,18
180350902,2,8,20,30
180351001,4,6,6,16
180351002,3,0,3,6
180351101,24,38,79,141
180351102,6,10,20,36
180351201,5,7,32,44
180351202,2,4,9,15
180351203,6,5,12,23
180351301,8,15,47,70
180351302,2,2,20,24
180351303,6,9,59,74
180351401,5,8,133,146
180351402,1,0,38,39
180351501,100,84,118,302
180351502,18,25,235,278
180351503,1,2,26,29
180351504,0,1,28,29
180351505,7,9,7,23
180351506,4,0,104,108
180351507,2,1,6,9
180351508,1,3,22,26
180351509,3,0,24,27
180351510,80,70,67,217
180351511,81,41,72,194
180351601,2,7,11,20
180351602,1,1,15,17
180351701,2,2,8,12
180351702,1,2,8,11
180351801,300,47,3,350
180351802,329,15,8,352
180351803,156,23,1,180
180351804,78,60,66,204
180351805,245,19,20,284
180351806,164,6,1,171
180351807,285,7,7,299
180351808,241,43,50,334
180351809,178,61,30,269
180351810,128,69,95,292
180351811,88,51,34,173
180351901,12,39,63,114
180351902,70,70,77,217
180351903,128,126,84,338
180351904,169,97,60,326
180351905,154,80,55,289
180351906,170,21,1,192
180351907,148,6,18,172
180351908,87,24,16,127
180351909,140,42,14,196
180351910,107,56,47,210
180351911,167,5,0,172
180351912,214,30,17,261
180351913,127,75,57,259
180420101,123,77,35,235
180420102,172,104,46,322
180420103,94,61,44,199
180420104,157,99,102,358
180420105,79,59,55,193
180420106,22,87,113,222
180420107,139,77,67,283
180420108,168,74,40,282
180420109,78,64,88,230
180420201,0,0,8,8
180420202,3,16,48,67
180420203,1,4,3,8
180420204,7,7,22,36
180420301,6,14,86,106
180420302,1,3,20,24
180420303,0,7,20,27
180420304,18,31,80,129
180420305,7,8,38,53
180420306,0,4,50,54
180420307,16,35,98,149
180420308,0,0,16,16
180420401,0,1,42,43
180420402,1,1,12,14
180420403,2,5,39,46
180420404,0,1,20,21
180420405,1,1,22,24
180420501,7,11,68,86
180420502,13,13,41,67
180420503,0,5,63,68
180420504,1,17,128,146
180420505,6,9,19,34
180420506,21,48,121,190
180420507,26,37,89,152
180420601,0,0,2,2
180420602,0,0,11,11
180420603,0,0,0,0
180490101,50,56,125,231
180490102,44,34,163,241
180490103,177,60,152,389
180490104,209,57,93,359
180490105,119,41,25,185
180490106,132,32,3,167
180490107,225,28,10,263
180490108,180,17,2,199
180490109,190,57,55,302
180490110,250,44,16,310
180490111,121,41,15,177
180490112,122,51,22,195
180490113,159,46,162,367
180490114,48,62,91,201
180490115,88,39,63,190
180490116,260,41,74,375
180490117,130,47,118,295
180490118,65,56,44,165
180490201,1,4,25,30
180490202,10,18,100,128
180490203,2,4,52,58
180490204,0,3,18,21
180490205,2,1,13,16
180490206,1,1,7,9
180490207,81,61,73,215
180490301,24,42,214,280
180490302,2,0,4,6
180490303,1,5,19,25
180490304,3,6,26,35
180490305,2,5,28,35
180490306,18,28,133,179
180490307,17,27,46,90
180490308,69,100,85,254
180490401,1,7,62,70
180490402,2,8,60,70
180490403,0,0,25,25
180490404,0,0,34,34
180490405,0,1,31,32
180490501,4,1,61,66
180490502,0,0,16,16
180490503,0,0,4,4
180490601,3,7,6,16
180490602,1,1,9,11
180490603,0,1,15,16
180490701,146,88,318,552
180490702,6,2,102,110
180490703,17,15,113,145
180490704,15,13,184,212
180490705,0,0,16,16
180490801,2,6,35,43
180490802,4,7,50,61
180490901,0,0,9,9
180490902,2,0,43,45
180490903,0,1,15,16
180490904,1,2,16,19
180491001,9,5,102,116
180491002,6,6,31,43
180491003,1,3,10,14
180491101,0,0,17,17
180560101,89,61,85,235
180560102,118,55,42,215
180560103,80,111,122,313
180560104,178,94,39,311
180560105,115,28,18,161
180560106,122,28,5,155
180560107,125,20,9,154
180560108,71,31,38,140
180560109,117,24,14,155
180560110,24,25,46,95
180560201,12,18,53,83
180560202,2,3,29,34
180560301,9,13,48,70
180560302,1,9,8,18
180560303,2,1,12,15
180560401,8,12,19,39
180560402,3,3,9,15
180560403,1,5,6,12
180560404,2,2,2,6
180560501,1,0,8,9
180560502,0,2,7,9
180560503,0,2,15,17
180560504,2,1,1,4
180560601,0,0,5,5
180560602,0,1,1,2
180560603,0,0,3,3
180560604,2,4,4,10
180560605,0,1,1,2
180630101,247,111,60,418
180630102,191,74,88,353
180630103,43,94,89,226
180630104,80,85,87,252
180630201,90,53,41,184
180630202,186,96,50,332
180630203,3,10,17,30
180630204,29,23,77,129
180630205,64,73,57,194
180630206,41,115,70,226
180630301,1,11,125,137
180630302,2,0,18,20
180630303,1,4,59,64
180630304,1,0,30,31
180630401,28,47,46,121
180630402,2,2,28,32
180630403,0,1,5,6
180630404,3,5,13,21
180630405,0,2,1,3
180630406,3,9,25,37
180630407,0,1,5,6
180630408,0,3,5,8
180630501,2,3,31,36
180630502,3,3,37,43
180630503,1,0,53,54
180630504,1,0,15,16
180630601,1,2,23,26
180630602,0,0,27,27
180630603,0,0,8,8
180630701,7,21,106,134
180630702,2,3,25,30
180630703,0,4,48,52
180630704,3,8,84,95
180630705,1,5,73,79
180630706,1,8,29,38
180630801,3,6,18,27
180630802,0,12,63,75
180630803,3,6,44,53
180630804,1,19,90,110
180630805,3,5,63,71
180630806,41,60,28,129
180630901,0,0,1,1
180700101,184,26,39,249
180700102,243,3,2,248
180700103,237,32,8,277
180700104,133,33,39,205
180700105,141,53,31,225
180700106,216,37,14,267
180700107,245,10,4,259
180700108,181,25,14,220
180700109,138,52,22,212
180700110,128,51,51,230
180700111,197,65,51,313
180700112,101,51,65,217
180700113,63,60,83,206
180700114,190,30,21,241
180700115,143,62,73,278
180700116,67,58,67,192
180700117,77,69,75,221
180700118,2,12,72,86
180700201,55,6,108,169
180700202,20,23,119,162
180700203,35,28,79,142
180700204,34,18,39,91
180700205,1,12,16,29
180700206,3,2,26,31
180700207,0,2,25,27
180700208,2,0,3,5
180700209,5,13,33,51
180700210,0,0,3,3
180700301,7,15,163,185
180700302,1,5,101,107
180700303,4,3,33,40
180700401,0,0,28,28
180700402,0,0,40,40
180700403,0,0,22,22
180700404,1,0,23,24
180700501,7,7,46,60
180700502,0,6,31,37
180700503,0,1,9,10
180700601,0,0,25,25
180700602,1,3,8,12
180700603,0,0,31,31
180700701,0,3,27,30
180700702,0,3,4,7
180700703,2,2,9,13
180700801,4,2,50,56
180700802,1,2,43,46
180700803,3,3,51,57
180700804,1,10,65,76
180700901,1,2,47,50
180700902,2,5,51,58
180701001,3,2,24,29
180701002,4,1,48,53
180701003,3,4,103,110
180701004,2,1,37,40
180701005,3,2,106,111
180701101,1,0,82,83
180701102,2,3,98,103
180701201,13,37,134,184
180701202,3,1,63,67
180701203,3,1,46,50
180701204,2,1,92,95
180701301,6,8,89,103
180701302,0,1,31,32
180701303,6,12,146,164
180701304,0,5,12,17
180701401,2,5,98,105
180701402,2,0,90,92
180701403,1,1,119,121
180701404,6,2,63,71
180701501,5,10,47,62
180701502,6,16,45,67
180701503,3,1,107,111
180701504,0,0,13,13
180701505,3,1,28,32
180701506,172,145,9,326
180701507,244,11,21,276
180701508,300,51,4,355
180701509,248,76,19,343
180701601,12,21,44,77
180701602,15,3,22,40
180701603,7,11,39,57
180701604,7,7,45,59
180701605,32,8,21,61
180701606,8,6,56,70
180701607,15,17,53,85
180701701,7,6,49,62
180701702,2,5,9,16
180701703,14,15,33,62
180701704,1,1,20,22
180701801,9,4,52,65
180701802,7,9,57,73
180701803,17,19,45,81
180701901,0,0,5,5
180701902,2,4,136,142
180701903,0,0,6,6
180701904,0,0,13,13
180701905,0,0,14,14
180701906,0,0,0,0
180701907,1,0,3,4
180701908,0,0,3,3
180701909,0,0,25,25
180702001,157,3,1,161
180702002,188,12,4,204
180702003,165,12,2,179
180702004,319,3,0,322
180702005,230,32,16,278
180702006,182,74,29,285
180702007,178,37,28,243
180702008,238,72,32,342
180702009,233,16,14,263
180702010,137,28,45,210
180702011,192,12,6,210
180702012,223,9,0,232
180702013,181,39,24,244
180702014,160,24,8,192
180702015,180,10,0,190
180702016,190,4,0,194
180702101,141,35,6,182
180702102,10,3,6,19
180702103,280,63,24,367
180702104,89,104,121,314
180702105,147,106,49,302
180702106,132,49,48,229
180702107,24,15,47,86
180702108,8,38,131,177
180702109,116,76,100,292
180702110,83,57,80,220
180702111,77,53,88,218
180702112,50,92,112,254
180702113,40,80,228,348
180702114,82,83,42,207
180702115,89,190,48,327
180702116,169,67,68,304
180702117,16,63,149,228
180702201,105,113,138,356
180702202,41,80,216,337
180702203,129,74,45,248
180702204,136,108,120,364
180702205,26,62,59,147
180702206,121,109,101,331
180702207,172,29,20,221
180702208,51,68,116,235
180702209,191,8,3,202
180702210,170,167,65,402
180702211,0,0,21,21
180702212,339,4,28,371
180702213,274,42,1,317
180702214,98,110,39,247
180702215,88,142,116,346
180702216,38,142,97,277
180702217,175,22,39,236
180702218,77,118,111,306
180770101,51,68,77,196
180770102,88,53,14,155
180770103,131,107,69,307
180770104,130,109,55,294
180770105,82,70,49,201
180770106,65,79,66,210
180770201,39,25,104,168
180770202,11,24,47,82
180770203,7,16,45,68
180770204,18,29,44,91
180770205,28,19,14,61
180770206,1,3,9,13
180770207,0,2,12,14
180770208,48,87,11,146
180770301,17,53,94,164
180770302,1,13,42,56
180770401,2,8,13,23
180770402,1,17,57,75
180770501,1,5,17,23
180770502,6,5,21,32
180770503,1,2,2,5
180770601,0,0,0,0
180770602,0,0,1,1
180770603,0,0,0,0
180840101,43,109,183,335
180840102,86,86,40,212
180840103,85,85,52,222
180840104,82,37,57,176
180840105,111,71,40,222
180840106,106,93,44,243
180840107,77,159,74,310
180840108,93,142,37,272
180840109,164,48,13,225
180840110,158,43,11,212
180840111,164,57,14,235
180840112,220,48,29,297
180840113,203,0,0,203
180840114,11,276,4,291
180840115,44,254,0,298
180840116,8,303,0,311
180840117,102,16,7,125
180840118,193,115,113,421
180840201,38,83,161,282
180840202,7,2,5,14
180840203,11,13,44,68
180840204,10,47,59,116
180840205,10,39,179,228
180840206,2,0,5,7
180840301,0,5,65,70
180840302,1,1,10,12
180840303,0,0,6,6
180840304,1,0,9,10
180840305,1,0,5,6
180840306,7,1,26,34
180840401,0,0,3,3
180840402,3,0,1,4
180840403,18,2,4,24
180840404,3,3,2,8
180840501,6,10,12,28
180840502,3,3,27,33
180840503,0,6,19,25
180840601,3,4,12,19
180840602,7,4,4,15
180840603,4,12,3,19
180840701,2,5,19,26
180840702,0,0,10,10
180840703,3,3,4,10
180840801,1,0,5,6
180840802,4,5,8,17
180840901,2,6,15,23
180840902,6,7,10,23
180840903,4,6,22,32
180841001,51,56,64,171
180841002,53,47,93,193
180841003,51,34,85,170
180841004,30,17,33,80
180841005,6,5,27,38
180841006,1,0,12,13
180841007,3,12,60,75
180841008,4,4,9,17
180841009,4,1,3,8
180841101,140,73,43,256
180841102,30,13,19,62
180841103,6,1,21,28
180841104,18,11,52,81
180841105,17,5,114,136
180841106,3,0,15,18
180841107,8,2,4,14
180841108,1,1,31,33
180841109,126,107,73,306
180841201,15,72,138,225
180841202,2,2,41,45
180841203,1,0,121,122
180841204,0,0,37,37
180841205,0,0,2,2
180841206,0,0,0,0
180841207,0,0,0,0
180910101,163,124,16,303
180910102,165,26,28,219
180910103,137,18,11,166
180910104,33,78,115,226
180910105,41,85,170,296
180910106,203,47,48,298
180910107,109,75,88,272
180910108,142,52,49,243
180910109,129,42,36,207
180910110,62,110,277,449
180910201,62,45,85,192
180910202,13,11,77,101
180910203,18,19,193,230
180910204,4,8,121,133
180910205,0,1,16,17
180910206,7,8,115,130
180910207,27,72,67,166
180910208,78,25,89,192
180910209,71,45,141,257
180910210,11,24,100,135
180910211,7,12,101,120
180910212,1,0,58,59
180910301,31,30,87,148
180910302,7,15,71,93
180910303,6,11,87,104
180910304,2,1,28,31
180910305,0,6,57,63
180910401,17,65,50,132
180910402,7,13,63,83
180910403,2,6,59,67
180910404,1,5,57,63
180910405,5,5,104,114
180910406,3,8,22,33
180910407,0,0,22,22
180910501,0,0,15,15
180910502,0,2,17,19
180910503,2,7,63,72
180910504,0,3,34,37
180910505,2,3,6,11
180910506,0,1,13,14
180910601,1,3,6,10
180910602,0,1,6,7
180910603,1,6,5,12
180910701,72,47,61,180
180910702,0,1,48,49
180910703,2,9,92,103
180910704,2,7,118,127
180910705,1,2,35,38
180910706,45,70,133,248
180910801,3,14,19,36
180910802,11,34,152,197
180910803,15,22,213,250
180910804,9,11,135,155
180910805,4,2,41,47
180910806,9,5,99,113
180910901,0,0,3,3
180910902,0,0,1,1
180910903,0,0,0,0
180980101,60,102,70,232
180980102,167,62,26,255
180980103,24,120,220,364
180980104,123,71,10,204
180980105,75,62,26,163
180980106,85,85,73,243
180980107,27,85,120,232
180980201,6,17,77,100
180980202,2,3,55,60
180980203,3,31,147,181
180980301,2,10,59,71
180980302,1,17,103,121
180980303,4,6,37,47
180980304,2,6,63,71
180980401,0,2,4,6
180980402,3,3,19,25
180980403,2,2,48,52
180980501,1,7,11,19
180980502,1,0,17,18
180980503,0,1,17,18
181050101,40,115,89,244
181050102,87,98,62,247
181050103,56,110,123,289
181050104,139,97,61,297
181050105,34,87,64,185
181050106,127,139,86,352
181050107,113,146,164,423
181050108,33,55,35,123
181050109,193,44,38,275
181050110,263,26,1,290
181050111,125,21,4,150
181050112,112,101,35,248
181050113,142,126,77,345
181050114,272,36,41,349
181050115,179,9,2,190
181050201,5,5,4,14
181050202,16,17,41,74
181050203,12,12,20,44
181050204,194,125,4,323
181050301,1,3,0,4
181050302,26,13,10,49
181050401,7,4,4,15
181050402,1,5,0,6
181050501,1,9,2,12
181050502,4,6,11,21
181050503,3,4,5,12
181050601,1,0,26,27
181050602,3,2,14,19
181050603,4,6,4,14
181050701,2,5,2,9
181050702,5,1,1,7
181050801,1,7,13,21
181050802,5,5,11,21
181050803,16,9,6,31
181050804,3,0,0,3
181050805,142,41,5,188
181050806,3,3,0,6
181050901,92,94,59,245
181050902,3,3,6,12
181050903,6,3,10,19
181050904,102,95,61,258
181051001,0,0,3,3
181051002,0,2,1,3
181051003,18,24,40,82
181051101,119,167,98,384
181051102,3,6,6,15
181051103,4,6,7,17
181051104,3,6,1,10
181051201,0,4,26,30
181051202,0,8,41,49
181051203,3,6,18,27
181051204,5,23,54,82
181051301,7,13,57,77
181051302,2,6,16,24
181051303,0,3,1,4
181051304,3,5,40,48
181051305,1,3,21,25
181051306,0,0,2,2
181051401,2,3,0,5
181051402,3,2,1,6
181051403,3,3,1,7
181051404,2,0,0,2
181051501,4,5,0,9
181051502,0,0,1,1
181051503,1,2,0,3
181051601,5,13,65,83
181051602,1,1,20,22
181051603,1,1,18,20
181051604,1,5,12,18
181051605,4,4,15,23
181051701,4,1,0,5
181051702,1,2,2,5
181051801,2,2,29,33
181051802,4,2,3,9
181051901,3,3,6,12
181051902,5,2,14,21
181052001,0,1,1,2
181052002,2,0,2,4
181052003,0,2,3,5
181052101,166,10,0,176
181052102,330,81,21,432
181052103,81,131,51,263
181052104,92,89,42,223
181052105,229,29,2,260
181052106,244,33,10,287
181052107,128,140,99,367
181052108,233,30,3,266
181052109,96,58,52,206
181052110,58,77,45,180
181052111,87,131,85,303
181052112,235,140,66,441
181052113,107,129,115,351
181052114,173,65,7,245
181120101,213,31,25,269
181120102,45,30,2,77
181120103,43,17,1,61
181120104,320,4,0,324
181120105,163,35,10,208
181120106,268,51,3,322
181120107,127,84,63,274
181120108,136,92,98,326
181120109,127,58,17,202
181120110,110,39,17,166
181120111,168,7,1,176
181120112,116,50,37,203
181120113,145,12,0,157
181120114,229,84,25,338
181120201,4,7,13,24
181120202,14,10,45,69
181120203,21,9,18,48
181120204,6,8,16,30
181120205,21,8,3,32
181120206,26,5,7,38
181120207,13,4,6,23
181120208,0,0,14,14
181120209,8,3,15,26
181120210,9,8,26,43
181120211,0,0,4,4
181120212,21,38,59,118
181120301,11,4,2,17
181120302,0,3,4,7
181120303,10,3,5,18
181120304,4,0,0,4
181120401,4,14,26,44
181120402,9,2,8,19
181120403,5,16,25,46
181120404,17,56,82,155
181120405,19,8,8,35
181120406,2,1,5,8
181120407,11,4,6,21
181120408,0,4,2,6
181120409,10,3,4,17
181120410,1,9,12,22
181120411,2,1,7,10
181120501,1,1,0,2
181120502,13,10,5,28
181120503,4,10,6,20
181120504,1,4,0,5
181120601,16,7,4,27
181120602,11,15,15,41
181120603,3,3,1,7
181120604,5,8,1,14
181120701,84,120,104,308
181120702,36,22,38,96
181120703,9,7,2,18
181120704,34,9,3,46
181120705,17,6,1,24
181120706,6,1,3,10
181120707,4,3,5,12
181120708,3,2,6,11
181120709,0,0,0,0
181120710,22,9,3,34
181120801,30,16,7,53
181120802,40,7,3,50
181120803,42,20,10,72
181120804,30,16,29,75
181120805,9,4,2,15
181120806,234,36,23,293
181120807,242,40,6,288
181120808,174,156,141,471
181120809,51,77,115,243
181120810,256,105,21,382
181120901,119,38,43,200
181120902,147,60,28,235
181120903,180,19,10,209
181120904,164,18,4,186
181120905,209,18,2,229
181120906,177,9,0,186
181120907,237,41,5,283
181120908,192,77,29,298
181120909,174,48,14,236
181120910,155,70,19,244
181120911,222,42,10,274
181120912,170,30,5,205
181120913,134,210,130,474
181120914,54,97,63,214
181190101,48,42,142,232
181190102,218,11,11,240
181190103,208,101,17,326
181190104,387,72,27,486
181190105,293,4,10,307
181190106,144,2,2,148
181190107,174,13,3,190
181190108,192,36,28,256
181190109,119,155,120,394
181190110,66,64,31,161
181190111,81,57,67,205
181190112,56,14,3,73
181190113,41,38,44,123
181190114,160,24,2,186
181190115,146,126,98,370
181190116,101,107,48,256
181190117,49,48,87,184
181190201,3,3,4,10
181190202,4,7,3,14
181190301,23,35,31,89
181190302,25,16,59,100
181190303,1,3,3,7
181190401,26,73,50,149
181190402,5,3,8,16
181190403,5,5,9,19
181190404,5,1,21,27
181190501,0,0,4,4
181190502,3,11,6,20
181190601,23,54,123,200
181190602,3,3,6,12
181190701,5,5,5,15
181190702,5,5,30,40
181190703,2,1,6,9
181190801,3,0,4,7
181190802,8,2,13,23
181190901,25,48,60,133
181190902,1,1,5,7
181190903,3,1,6,10
181190904,1,0,2,3
181190905,6,2,5,13
181191001,2,1,36,39
181191002,3,3,22,28
181191003,8,3,8,19
181191101,1,2,9,12
181191102,2,6,3,11
181191103,2,4,8,14
181191201,6,8,3,17
181191202,2,2,7,11
181191203,1,5,7,13
181191301,0,0,1,1
181191401,2,7,112,121
181191402,114,7,83,204
181191403,109,169,68,346
181191404,10,13,98,121
181191405,293,91,3,387
181191406,41,86,83,210
181191407,150,138,31,319
181191501,77,76,63,216
181191502,51,60,46,157
181191503,232,71,25,328
181191504,187,52,28,267
181191505,265,24,13,302
181191506,149,12,0,161
181191507,132,48,11,191
181191508,81,85,93,259
181191509,60,80,49,189
181191510,197,22,2,221
181191511,258,17,0,275
181191512,186,16,3,205
181191513,187,26,4,217
181191514,29,34,6,69
181191515,164,87,38,289
181191516,138,19,2,159
181191517,90,11,10,111
181191518,136,26,1,163
181191519,213,48,90,351
181191520,280,61,17,358
181191521,163,42,43,248
181191522,70,78,49,197
181191523,172,7,4,183
181260101,76,81,137,294
181260102,135,75,84,294
181260103,146,56,38,240
181260104,153,97,86,336
181260105,139,119,107,365
181260106,196,109,71,376
181260107,195,102,81,378
181260108,158,64,146,368
181260109,69,96,98,263
181260201,4,2,44,50
181260202,34,60,215,309
181260203,1,1,5,7
181260301,5,12,118,135
181260302,5,7,23,35
181260401,0,2,38,40
181260402,0,2,29,31
181260501,16,32,251,299
181260502,6,13,84,103
181260601,3,7,100,110
181260602,0,3,15,18
181260603,0,1,6,7
181260701,130,33,185,348
181260702,0,1,62,63
181260703,5,20,106,131
181260801,9,12,38,59
181260802,1,9,24,34
181260901,89,88,103,280
181260902,171,98,87,356
181260903,14,13,54,81
181260904,7,11,42,60
181330101,97,62,46,205
181330102,52,37,41,130
181330103,57,58,24,139
181330104,4,12,8,24
181330201,22,12,6,40
181330202,39,14,5,58
181330203,12,10,44,66
181330204,21,28,73,122
181330205,11,15,38,64
181330206,106,33,17,156
181330207,90,55,17,162
181330208,131,44,11,186
181330209,50,20,14,84
181330210,36,41,4,81
181330211,20,9,3,32
181330212,27,21,58,106
181330213,37,38,15,90
181330214,136,118,93,347
181330215,11,16,43,70
181330216,3,2,13,18
181330301,69,108,72,249
181330302,25,29,85,139
181330303,5,6,15,26
181330304,4,4,13,21
181330305,1,1,0,2
181330401,16,43,118,177
181330402,8,8,17,33
181330403,7,5,64,76
181330501,104,91,51,246
181330502,95,76,73,244
181330503,3,21,26,50
181330504,12,12,42,66
181330505,8,7,31,46
181330506,4,11,57,72
181330507,42,13,6,61
181330601,0,0,1,1
181330602,0,0,0,0
181330603,0,1,0,1
181400101,18,50,193,261
181400102,55,51,97,203
181400103,53,96,98,247
181400104,165,51,24,240
181400105,104,105,50,259
181400106,297,21,9,327
181400107,50,128,78,256
181400108,111,77,59,247
181400109,33,80,154,267
181400110,88,105,101,294
181400201,0,4,75,79
181400202,0,8,81,89
181400203,77,126,219,422
181400204,1,3,36,40
181400205,0,0,5,5
181400206,148,3,27,178
181400301,0,0,28,28
181400302,0,1,36,37
181400303,0,1,16,17
181400401,0,2,11,13
181400402,0,1,18,19
181400403,0,0,15,15
181400404,0,0,22,22
181400405,0,0,54,54
181400501,0,0,26,26
181400502,0,1,14,15
181400503,0,1,11,12
181400504,0,0,17,17
181400601,1,2,55,58
181400602,0,0,70,70
181400603,0,0,2,2
181400604,0,0,7,7
181400701,0,0,41,41
181400702,1,2,18,21
181400703,2,5,53,60
181400704,0,3,9,12
181400801,0,0,10,10
181400802,1,2,28,31
181400803,1,3,67,71
181400804,0,0,22,22
181400805,0,1,35,36
181400806,0,0,17,17
181400807,0,0,6,6
181400808,0,0,1,1
181400809,0,0,11,11
181400901,0,0,9,9
181400902,0,1,39,40
181400903,0,0,39,39
181470101,160,67,52,279
181470102,172,78,35,285
181470103,107,62,85,254
181470104,156,52,17,225
181470105,211,38,8,257
181470106,115,128,89,332
181470107,109,58,57,224
181470201,21,23,6,50
181470202,6,16,34,56
181470203,5,6,23,34
181470204,0,1,19,20
181470205,48,49,69,166
181470206,101,67,58,226
181470207,90,59,36,185
181470301,1,3,9,13
181470302,3,4,11,18
181470303,0,4,7,11
181470304,3,3,12,18
181470401,4,6,10,20
181470402,1,3,9,13
181470403,7,3,1,11
181470501,0,2,8,10
181470502,0,2,23,25
181470503,1,4,1,6
181470601,2,2,0,4
181470602,1,2,8,11
181470603,1,2,6,9
181470604,1,0,1,2
181470701,0,8,10,18
181470702,0,4,1,5
181470703,0,3,1,4
181470801,28,44,96,168
181470802,18,50,96,164
181470803,0,2,15,17
181470804,6,2,8,16
181470901,1,0,7,8
181470902,3,2,22,27
181470903,4,7,15,26
181471001,2,7,5,14
181471002,2,1,9,12
181471003,1,9,4,14
181471004,1,1,2,4
181471101,0,1,6,7
181471102,2,3,3,8
181471103,1,0,0,1
181471201,17,34,53,104
181471202,2,9,9,20
181471203,0,6,3,9
181471204,28,42,45,115
181540101,77,85,245,407
181540102,102,159,86,347
181540103,71,43,115,229
181540201,0,2,52,54
181540202,9,46,249,304
181540203,0,10,207,217
181540204,0,2,4,6
181540301,2,0,0,2
181540302,1,1,1,3
181540401,1,6,56,63
181540402,0,3,34,37
181540501,0,1,1,2
181540502,0,1,3,4
181540601,1,2,28,31
181540602,2,1,8,11
181540603,0,0,18,18
181540701,35,73,124,232
181540702,4,13,109,126
181540703,34,28,61,123
181540704,53,83,96,232
181540801,1,3,8,12
181540802,6,2,5,13
181540901,0,0,0,0
181610101,69,45,81,195
181610102,22,67,136,225
181610103,101,65,33,199
181610104,153,42,33,228
181610105,66,86,131,283
181610106,177,91,72,340
181610107,35,43,129,207
181610108,69,68,16,153
181610201,10,16,68,94
181610202,1,14,101,116
181610203,5,9,58,72
181610204,9,19,31,59
181610205,3,2,21,26
181610206,18,34,52,104
181610301,5,9,78,92
181610302,0,0,2,2
181610303,0,4,27,31
181610304,0,0,2,2
181610401,25,62,66,153
181610402,4,24,50,78
181610403,2,3,7,12
181610404,3,11,39,53
181610405,49,104,73,226
181610501,5,3,20,28
181610502,0,6,20,26
181610503,1,8,23,32
181610504,133,69,89,291
181610505,77,98,133,308
181610601,65,90,133,288
181610602,0,10,63,73
181610603,8,12,69,89
181610604,1,1,10,12
181610605,12,26,92,130
181610606,0,7,48,55
181610607,57,83,91,231
181680101,6,9,41,56
181680102,164,49,32,245
181680103,212,33,16,261
181680104,222,49,15,286
181680105,174,32,14,220
181680106,117,95,69,281
181680107,73,111,110,294
181680108,122,93,71,286
181680109,97,76,113,286
181680110,206,16,27,249
181680201,17,16,58,91
181680202,19,6,35,60
181680301,9,6,15,30
181680302,7,5,15,27
181680303,2,4,9,15
181680401,1,1,8,10
181680402,1,2,12,15
181680403,3,5,5,13
181680501,0,6,30,36
181680502,0,3,6,9
181680601,2,1,4,7
181680602,6,2,3,11
181680603,2,3,66,71
181680604,3,4,16,23
181680701,62,60,132,254
181680702,109,153,153,415
181680703,145,137,138,420
181680704,104,88,59,251
181680705,82,137,342,561
181680706,64,104,184,352
181680707,43,78,80,201
181680708,0,1,0,1
181680709,0,0,0,0
181680710,2,2,5,9
181680711,13,56,52,121
181680712,97,121,151,369
181680713,194,63,12,269
181680714,122,33,25,180
181680715,177,44,15,236
181680716,167,57,25,249
181680717,195,11,0,206
181680718,331,46,5,382
181680719,277,12,14,303
181680720,104,84,69,257
181680721,112,84,41,237
181680722,170,139,113,422
181680723,133,67,24,224
181680724,152,44,21,217
181680725,253,102,67,422
181680726,1,1,1,3
181680727,76,33,114,223
181680801,2,9,43,54
181680802,2,6,7,15
181680803,2,0,0,2
181680804,0,6,9,15
181680901,0,2,5,7
181680902,1,1,0,2
181680903,1,2,5,8
181680904,1,1,3,5
181681001,0,1,1,2
181681002,13,8,36,57
181681003,6,3,18,27
181681101,3,0,2,5
181681102,2,0,3,5
181681103,13,21,44,78
181681201,16,4,68,88
181681202,0,1,4,5
181681203,2,10,2,14
181681204,1,2,1,4
181681301,1,6,3,10
181681302,3,1,35,39
181681303,36,41,65,142
181681304,2,1,6,9
181681305,8,14,48,70
181681306,27,27,102,156
181681307,295,154,0,449
181681401,58,54,89,201
181681402,7,14,37,58
181681403,5,2,15,22
181681404,21,8,29,58
181681501,4,16,33,53
181681502,1,4,1,6
181681601,28,39,109,176
181681602,8,2,99,109
181681603,6,2,8,16
181681604,4,2,2,8
181681701,134,83,115,332
181681702,231,33,3,267
181681703,252,33,18,303
181681704,159,35,25,219
181681705,138,31,41,210
181681706,222,31,2,255
181681707,204,60,36,300
181681708,200,97,71,368
181681709,123,83,69,275
181681710,87,118,127,332
181681711,102,30,41,173
181681712,234,35,5,274
181681713,261,8,0,269
181681714,195,58,1,254
181750101,27,72,112,211
181750102,58,70,62,190
181750103,186,27,11,224
181750104,84,101,100,285
181750105,79,108,137,324
181750106,130,86,72,288
181750107,206,64,70,340
181750108,16,32,25,73
181750201,2,3,7,12
181750202,2,2,14,18
181750203,0,1,12,13
181750204,5,4,21,30
181750301,0,1,9,10
181750302,3,7,16,26
181750303,2,1,21,24
181750401,3,4,19,26
181750402,0,1,39,40
181750403,2,2,52,56
181750501,4,16,78,98
181750502,2,1,3,6
181750503,1,4,13,18
181750601,1,5,47,53
181750602,2,5,33,40
181750603,1,2,5,8
181750604,2,3,4,9
181750605,1,6,14,21
181750701,1,0,2,3
181750702,3,1,4,8
181750801,1,5,3,9
181750802,1,4,2,7
220070101,94,83,154,331
220070102,121,75,207,403
220070103,93,60,112,265
220070104,29,42,131,202
220070201,2,1,21,24
220070202,2,0,35,37
220070203,5,2,41,48
220070204,2,6,86,94
220070205,0,0,32,32
220070206,3,9,62,74
220070207,0,1,79,80
220070208,15,59,182,256
220070209,2,13,107,122
220070301,2,0,30,32
220070302,7,0,61,68
220070303,0,0,29,29
220070304,0,0,98,98
220070401,0,0,42,42
220070402,0,2,27,29
220070403,2,1,25,28
220070404,2,1,17,20
220070501,3,5,92,100
220070502,16,12,160,188
220070503,65,21,73,159
220070504,9,5,44,58
220070505,3,9,46,58
220070506,8,18,235,261
220070507,48,23,109,180
220070508,40,28,272,340
220070509,14,44,264,322
220070601,4,0,49,53
220070602,6,4,66,76
220070603,6,10,70,86
220070604,3,7,42,52
220070701,5,0,271,276
220070702,28,20,277,325
220070703,35,7,91,133
220070704,119,33,61,213
220070705,128,32,211,371
220070706,50,21,189,260
220070707,8,7,204,219
220070708,80,21,266,367
220070801,6,7,76,89
220070802,0,1,50,51
220070803,1,8,46,55
220070804,6,2,27,35
220070805,1,0,14,15
220070806,0,0,32,32
220070807,7,2,218,227
220070901,62,33,176,271
220070902,39,10,176,225
220070903,10,7,67,84
220070904,39,10,141,190
220070905,37,10,263,310
220140101,0,0,6,6
220140102,5,19,48,72
220140103,57,39,67,163
220140201,0,0,5,5
220140202,2,4,12,18
220140203,1,7,16,24
220140301,0,1,8,9
220140302,1,1,2,4
220140303,0,0,8,8
220140304,0,3,1,4
220140305,6,2,30,38
220140306,7,4,13,24
220140307,66,96,102,264
220140308,119,58,76,253
220140401,104,77,117,298
220140402,11,114,46,171
220140403,1,19,36,56
220140404,4,4,58,66
220140405,36,64,165,265
220140406,20,16,57,93
220140407,10,13,46,69
220140408,221,21,12,254
220140409,12,61,93,166
220140410,125,64,92,281
220140411,173,4,11,188
220140412,6,60,251,317
220140501,136,69,70,275
220140502,158,81,123,362
220140503,163,57,68,288
220140504,71,72,158,301
220140505,26,41,91,158
220140601,166,57,84,307
220140602,123,68,25,216
220140603,153,57,25,235
220140604,76,106,195,377
220140605,62,51,50,163
220140701,3,4,24,31
220140702,6,2,97,105
220140703,0,1,50,51
220140704,71,121,59,251
220140705,85,94,36,215
220140801,5,3,59,67
220140802,0,3,49,52
220140803,1,7,69,77
220140804,1,3,17,21
220140805,16,13,62,91
220140901,3,1,12,16
220140902,0,2,22,24
220210101,2,0,31,33
220210102,8,2,33,43
220210201,4,1,40,45
220210202,5,1,28,34
220210301,0,2,16,18
220210302,6,3,43,52
220210303,9,7,17,33
220210401,7,4,51,62
220210402,2,2,6,10
220210403,16,21,115,152
220210501,2,0,45,47
220210502,4,3,106,113
220210503,39,11,116,166
220210504,193,9,0,202
220210505,2,44,179,225
220210506,37,26,190,253
220210507,108,67,134,309
220210508,176,76,91,343
220210601,4,2,144,150
220210602,2,3,42,47
220210603,1,6,82,89
220210604,1,4,117,122
220210605,12,47,184,243
220210606,8,14,115,137
220210607,0,2,257,259
220210608,3,10,257,270
220210701,106,40,128,274
220210702,88,60,4,152
220210703,38,85,16,139
220210704,165,122,153,440
220210705,128,40,48,216
220210706,52,91,27,170
220210707,45,121,9,175
220210708,215,54,56,325
220210709,259,31,18,308
220210710,60,12,28,100
220210711,134,46,30,210
220210712,124,21,7,152
220210713,273,42,14,329
220210714,138,61,29,228
220210715,137,15,7,159
220210716,154,13,6,173
220210717,126,19,3,148
220210718,61,134,21,216
220210719,255,103,25,383
220210720,134,30,14,178
220210721,64,56,117,237
220210722,108,1,2,111
220210723,148,7,9,164
220210801,95,84,179,358
220210802,10,22,229,261
220210803,8,45,238,291
220210804,106,69,92,267
220210805,103,21,7,131
220210806,87,79,103,269
220210807,180,34,10,224
220210808,65,68,177,310
220210809,71,52,117,240
220210810,103,49,45,197
220210811,4,18,206,228
220210812,36,57,112,205
220210813,17,72,148,237
220210814,12,59,208,279
220210815,4,19,177,200
220210816,16,29,154,199
220210901,4,0,15,19
220210902,1,0,32,33
220210903,12,3,31,46
220211001,7,1,30,38
220211002,3,5,39,47
220211003,8,4,22,34
220211101,6,3,39,48
220211102,0,2,16,18
220211103,3,1,34,38
220211201,4,0,35,39
220211202,1,1,62,64
220211301,3,2,25,30
220211302,2,3,40,45
220211401,12,1,19,32
220211402,13,3,18,34
220211501,174,20,11,205
220211502,116,45,17,178
220211503,144,15,3,162
220211504,184,59,39,282
220211505,78,46,142,266
220211506,49,46,616,711
220211507,103,45,64,212
220211508,125,96,172,393
220211509,69,88,110,267
220211510,231,24,32,287
220211511,324,7,17,348
220211512,95,5,146,246
220211513,113,14,2,129
220211601,28,39,178,245
220211602,131,65,70,266
220211603,128,26,4,158
220211604,84,62,46,192
220211605,21,44,243,308
220211606,84,31,55,170
220211607,169,29,9,207
220211608,109,64,83,256
220211609,23,24,141,188
220211610,43,54,177,274
220211611,115,68,104,287
220211612,88,60,32,180
220211613,215,25,16,256
220211614,38,30,178,246
220211615,11,18,210,239
220211616,158,29,15,202
220211617,10,23,149,182
220211618,31,20,271,322
220211701,102,33,3,138
220211702,130,20,4,154
220211703,96,76,57,229
220211704,108,27,3,138
220211705,103,37,26,166
220211706,159,78,36,273
220211707,125,59,75,259
220211708,74,34,64,172
220211709,69,80,186,335
220211710,131,107,64,302
220211711,134,36,25,195
220211712,43,54,177,274
220211713,35,52,166,253
220211714,13,130,184,327
220211715,96,36,44,176
220211716,81,38,103,222
220211717,24,37,115,176
220211718,28,67,145,240
220280101,60,12,193,265
220280102,147,46,236,429
220280103,179,20,52,251
220280104,215,14,62,291
220280105,280,19,76,375
220280106,128,28,130,286
220280107,215,7,39,261
220280108,105,22,91,218
220280109,52,23,201,276
220280110,124,20,136,280
220280111,133,19,27,179
220280112,158,35,55,248
220280113,142,21,142,305
220280114,258,34,34,326
220280115,125,21,168,314
220280116,38,46,234,318
220280117,209,32,117,358
220280118,66,28,196,290
220280201,4,2,156,162
220280202,7,0,55,62
220280203,6,4,157,167
220280301,11,7,81,99
220280302,1,1,139,141
220280303,2,2,40,44
220280304,13,7,34,54
220280305,12,3,52,67
220280306,183,0,20,203
220280307,257,2,18,277
220280308,139,13,74,226
220280309,128,6,202,336
220280310,4,12,294,310
220280311,77,15,221,313
220280401,8,7,26,41
220280402,3,3,22,28
220280403,9,7,25,41
220280501,2,4,99,105
220280502,3,0,15,18
220280503,0,0,39,39
220360101,3,2,254,259
220360102,94,23,173,290
220360103,47,12,54,113
220360104,70,14,94,178
220360105,130,42,141,313
220360106,154,45,175,374
220360107,122,31,77,230
220360108,120,45,85,250
220360109,88,22,63,173
220360110,66,18,201,285
220360111,92,34,89,215
220360112,74,18,189,281
220360113,31,72,177,280
220360114,66,5,151,222
220360201,8,4,45,57
220360202,6,0,71,77
220360203,3,0,66,69
220360204,0,0,26,26
220360301,0,0,2,2
220360302,4,3,147,154
220360303,3,0,27,30
220360304,0,0,143,143
220360305,12,9,42,63
220360401,4,1,16,21
220360402,0,2,14,16
220360403,21,6,51,78
220360404,2,1,14,17
220360405,25,15,73,113
220360406,5,0,18,23
220360501,1,3,11,15
220360502,13,3,17,33
220360601,6,3,21,30
220360602,2,1,22,25
220360603,20,11,76,107
220360604,3,5,26,34
220360701,5,5,19,29
220360702,4,2,19,25
220360801,1,1,14,16
220360802,2,0,2,4
220360803,2,1,3,6
220360804,3,0,4,7
220360805,2,0,0,2
220360901,177,42,161,380
220360902,11,59,73,143
220360903,2,0,2,4
220360904,4,1,20,25
220360905,0,0,23,23
220360906,45,21,120,186
220360907,124,84,115,323
220390101,10,9,88,107
220390102,3,0,47,50
220390103,0,3,11,14
220390104,2,1,11,14
220390105,45,1,91,137
220390106,58,29,183,270
220390107,141,10,71,222
220390108,25,29,79,133
220390109,96,27,166,289
220390110,136,19,60,215
220390111,103,13,98,214
220390201,8,1,22,31
220390202,8,2,24,34
220390203,8,4,20,32
220390204,3,1,46,50
220390301,4,2,20,26
220390302,0,0,9,9
220390303,4,2,37,43
220390304,4,2,28,34
220390305,7,6,81,94
220430101,92,41,118,251
220430102,116,28,60,204
220430103,73,6,219,298
220430104,16,6,200,222
220430105,47,18,171,236
220430106,70,25,162,257
220430201,11,7,121,139
220430202,2,6,73,81
220430203,3,6,89,98
220430204,4,1,40,45
220430205,57,5,286,348
220430301,0,0,12,12
220430302,5,2,137,144
220430303,10,5,99,114
220430304,0,2,168,170
220430305,11,33,177,221
220430401,0,0,18,18
220430402,5,2,70,77
220430403,1,0,34,35
220430501,4,2,25,31
220430502,6,2,50,58
220430503,0,1,17,18
220490101,92,23,122,237
220490102,37,20,204,261
220490103,48,23,226,297
220490104,70,28,154,252
220490201,4,4,14,22
220490202,4,2,18,24
220490203,0,0,4,4
220490301,4,6,30,40
220490302,1,3,40,44
220490303,5,5,33,43
220490304,111,48,279,438
220490305,1,1,16,18
220490306,0,0,25,25
220490307,13,39,114,166
220490308,2,5,119,126
220490309,105,73,90,268
220490310,2,3,167,172
220490311,91,52,258,401
220490401,3,0,26,29
220490402,3,0,13,16
220490403,2,5,41,48
220560101,197,100,90,387
220560102,121,168,145,434
220560201,73,64,186,323
220560202,2,4,20,26
220560203,2,3,32,37
220560204,0,0,2,2
220560301,0,2,46,48
220560302,1,1,47,49
220560303,7,8,73,88
220560304,5,4,43,52
220560305,84,79,71,234
220560306,114,72,60,246
220560307,2,6,11,19
220560308,1,1,8,10
220560309,53,80,92,225
220560310,137,95,50,282
220560311,126,101,84,311
220560312,3,7,80,90
220560313,102,129,145,376
220560314,145,77,84,306
220560401,1,0,13,14
220560402,2,4,11,17
220630101,89,45,112,246
220630102,140,48,102,290
220630103,93,27,66,186
220630104,159,31,48,238
220630105,118,49,56,223
220630106,78,50,95,223
220630107,142,75,59,276
220630108,128,47,104,279
220630109,115,40,52,207
220630202,5,4,339,348
220630203,15,9,255,279
220630204,1,3,121,125
220630205,0,0,19,19
220630206,1,6,77,84
220630207,0,1,55,56
220630208,6,28,192,226
220630209,0,0,83,83
220630210,25,41,199,265
220630211,0,0,64,64
220630212,4,2,181,187
220630213,0,0,71,71
220630214,79,77,199,355
220630215,107,41,108,256
220630216,37,23,15,75
220630301,8,9,187,204
220630302,7,0,184,191
220630303,2,1,88,91
220630304,2,0,199,201
220630305,1,2,183,186
220630306,0,0,275,275
220630307,9,0,143,152
220630308,4,5,101,110
220630309,40,30,330,400
220630310,24,10,396,430
220630311,80,49,228,357
220630401,6,17,156,179
220630402,0,0,46,46
220630403,4,3,73,80
220630404,36,73,221,330
220630501,2,0,67,69
220630502,0,0,20,20
220630503,0,0,90,90
220630504,0,1,100,101
220630505,0,2,182,184
220630506,24,16,127,167
220630507,6,9,132,147
220630508,49,28,304,381
220630509,66,50,211,327
220630601,0,9,7,16
220630602,1,0,252,253
220630603,0,0,218,218
220630604,0,0,3,3
220630605,32,20,265,317
220630701,7,17,120,144
220630702,0,3,303,306
220630703,1,6,124,131
220630704,0,0,11,11
220630705,105,100,224,429
220630801,93,50,227,370
220630814,111,26,81,218
220630816,115,38,164,317
220630817,140,41,149,330
220630818,42,53,46,141
220630824,4,11,192,207
220630825,55,33,80,168
220630826,86,10,25,121
220630827,26,29,91,146
220630915,19,17,296,332
220630919,13,23,306,342
220630920,17,29,282,328
220630921,66,39,261,366
220630922,102,32,28,162
220630923,12,65,176,253
220630928,38,39,99,176
220630929,35,15,139,189
220630930,13,47,135,195
220630931,82,70,126,278
220630932,14,48,157,219
220700101,90,57,139,286
220700102,99,53,103,255
220700103,87,30,236,353
220700104,80,42,224,346
220700105,76,38,132,246
220700201,3,0,45,48
220700202,91,12,240,343
220700203,1,1,24,26
220700204,3,6,16,25
220700205,37,4,100,141
220700206,11,48,319,378
220700301,22,8,260,290
220700302,30,4,26,60
220700303,7,7,32,46
220700304,0,4,50,54
220700305,1,3,43,47
220700306,3,8,54,65
220700307,34,10,284,328
220700308,21,7,217,245
220700309,35,23,150,208
220700310,2,2,122,126
220700311,3,5,183,191
220700401,12,9,197,218
220700402,4,4,53,61
220700403,12,10,51,73
220700404,8,3,21,32
220700405,3,1,63,67
220700406,18,9,322,349
220700501,13,4,50,67
220700502,4,2,24,30
220700503,2,2,10,14
220700504,1,0,8,9
220700601,6,8,47,61
220700602,4,2,34,40
220700603,10,17,46,73
220770101,148,60,58,266
220770102,67,63,28,158
220770103,176,133,85,394
220770104,118,65,67,250
220770105,191,40,8,239
220770106,75,78,55,208
220770107,164,71,46,281
220770201,15,28,31,74
220770202,32,46,130,208
220770203,5,10,27,42
220770204,8,5,10,23
220770205,3,8,21,32
220770206,29,41,42,112
220770207,10,17,9,36
220770208,21,37,17,75
220770301,16,25,28,69
220770302,157,27,56,240
220770303,17,30,117,164
220770304,12,21,84,117
220770305,1,1,30,32
220770306,1,3,7,11
220770307,2,0,23,25
220770308,5,1,4,10
220770401,0,3,3,6
220770402,2,3,10,15
220770403,0,0,14,14
220840101,151,109,223,483
220840102,33,72,135,240
220840103,114,49,111,274
220840104,102,38,131,271
220840105,10,21,365,396
220840201,0,0,19,19
220840202,0,1,108,109
220840203,3,4,244,251
220840204,4,5,150,159
220840205,5,8,561,574
220840206,4,17,102,123
220840207,0,0,85,85
220840208,116,49,59,224
220840209,52,72,256,380
220840301,0,1,17,18
220840302,0,0,26,26
220840303,2,0,30,32
220840401,3,6,98,107
220840402,6,9,77,92
220840403,3,2,42,47
220840404,0,2,37,39
220840501,114,62,87,263
220840502,84,64,123,271
220840503,57,62,152,271
220840504,38,64,170,272
220840601,95,75,126,296
220840602,0,2,27,29
220840603,4,1,46,51
220840604,3,22,94,119
220840605,45,80,79,204
220840606,1,2,15,18
220840607,1,0,6,7
220840701,7,8,126,141
220840702,0,5,8,13
220840703,1,2,19,22
220840704,0,1,17,18
220840705,3,6,18,27
220840706,4,1,32,37
220840707,0,2,62,64
220840801,4,3,131,138
220840802,1,4,67,72
220840803,3,2,104,109
220840804,1,13,197,211
220840805,0,8,128,136
220840901,0,0,15,15
220840902,0,0,13,13
220840903,4,5,70,79
220840904,1,6,32,39
220841001,7,11,69,87
220841002,63,45,168,276
220841003,1,1,11,13
220841004,49,37,55,141
220841005,83,115,90,288
220841006,24,10,100,134
220841101,77,97,189,363
220841102,142,24,8,174
220841103,59,42,28,129
220841104,45,59,86,190
220841105,143,53,60,256
220841106,90,98,70,258
220841107,167,35,28,230
220841108,138,75,30,243
220841109,78,35,40,153
220841110,350,24,11,385
220841111,35,77,122,234
220841112,63,115,60,238
220841201,195,82,137,414
220841202,168,62,80,310
220841203,39,41,125,205
220841204,69,80,108,257
220841205,184,39,10,233
220841206,135,43,11,189
220841207,139,97,58,294
220841208,54,78,59,191
220841209,92,49,65,206
220841210,4,14,237,255
220841211,92,155,107,354
220841212,7,45,161,213
220841213,79,106,72,257
220841214,16,56,177,249
220841215,173,14,75,262
220841216,12,147,223,382
220841217,18,64,100,182
220910101,174,49,106,329
220910102,127,44,72,243
220910103,90,44,234,368
220910104,151,27,83,261
220910105,53,26,137,216
220910201,0,0,47,47
220910202,1,3,74,78
220910203,2,3,68,73
220910204,5,1,83,89
220910301,0,9,105,114
220910302,3,4,124,131
220910303,4,7,166,177
220910304,2,4,54,60
220910401,7,4,85,96
220910402,3,1,122,126
220910403,9,5,116,130
220910404,14,13,34,61
220910501,27,129,260,416
220910502,58,29,162,249
220910503,5,5,94,104
220910504,2,2,104,108
220910505,2,0,56,58
220910506,4,2,94,100
220910507,159,9,79,247
220910508,115,71,239,425
220910509,35,93,195,323
220910510,12,74,175,261
220910511,82,8,124,214
220910512,62,46,158,266
220910513,74,63,135,272
220910601,0,0,44,44
220910602,7,8,104,119
220910701,5,3,36,44
220910702,1,2,41,44
220910703,8,2,99,109
220910704,9,6,86,101
220980101,223,11,29,263
220980102,6,9,146,161
220980103,290,64,126,480
220980104,144,89,29,262
220980105,88,61,136,285
220980106,137,54,76,267
220980107,230,22,28,280
220980108,156,41,35,232
220980109,206,20,14,240
220980110,115,93,70,278
220980111,158,83,116,357
220980112,122,25,11,158
220980113,100,10,3,113
220980114,118,13,1,132
220980115,139,14,3,156
220980116,137,17,4,158
220980117,143,33,25,201
220980118,89,13,78,180
220980119,193,20,76,289
220980120,205,54,8,267
220980121,50,99,156,305
220980122,129,31,78,238
220980123,177,19,65,261
220980201,18,2,26,46
220980202,0,0,70,70
220980203,1,0,9,10
220980204,2,0,23,25
220980205,12,2,30,44
220980206,13,3,28,44
220980207,9,2,66,77
220980208,17,2,25,44
220980209,10,6,53,69
220980210,9,2,13,24
220980211,4,3,73,80
220980212,8,2,33,43
220980213,1,0,29,30
220980214,1,6,191,198
220980301,26,7,126,159
220980302,47,27,187,261
220980303,81,29,162,272
220980304,90,15,94,199
220980305,92,60,105,257
220980306,18,12,179,209
220980307,43,51,115,209
220980401,59,12,103,174
220980402,8,6,22,36
220980403,6,2,27,35
220980404,3,3,19,25
220980405,1,0,27,28
220980406,6,4,217,227
220980407,34,9,68,111
220980408,56,33,207,296
220980501,3,0,72,75
220980502,3,0,39,42
220980503,1,1,36,38
220980601,16,21,75,112
220980602,0,0,26,26
220980603,8,2,56,66
220980604,0,1,10,11
220980605,7,6,27,40
220980701,85,93,241,419
220980702,76,56,245,377
220980703,61,29,91,181
220980704,110,40,45,195
220980705,127,16,17,160
220980706,119,54,102,275
220980707,174,72,192,438
220980708,50,52,292,394
220980709,219,59,66,344
220980710,179,23,58,260
220980711,50,8,21,79
220980712,42,33,85,160
220980713,39,21,88,148
220980714,32,31,146,209
220980715,51,65,247,363
220980716,2,0,25,27
220980717,79,49,170,298
220980718,205,51,171,427
220980719,3,2,93,98
220980720,9,37,215,261
221050101,35,17,124,176
221050102,51,26,115,192
221050103,103,9,71,183
221050104,114,13,35,162
221050105,108,5,49,162
221050106,159,18,78,255
221050107,130,42,145,317
221050108,128,39,181,348
221050109,158,41,103,302
221050110,140,21,36,197
221050111,111,32,62,205
221050112,190,10,41,241
221050113,57,41,72,170
221050114,16,17,191,224
221050115,15,3,141,159
221050201,10,7,84,101
221050202,1,1,72,74
221050203,7,6,137,150
221050204,1,1,43,45
221050205,3,3,107,113
221050301,131,57,326,514
221050302,1,1,20,22
221050303,8,10,308,326
221050304,10,6,88,104
221050305,2,1,65,68
221050306,11,3,118,132
221050307,9,2,56,67
221050308,3,3,30,36
221050309,3,1,59,63
221050310,17,5,72,94
221050311,304,29,76,409
221050312,168,24,201,393
221050313,6,2,8,16
221050314,16,24,265,305
221050315,29,51,170,250
221050316,125,48,144,317
221050317,10,8,249,267
221050401,2,0,16,18
221050402,4,6,16,26
221050403,5,1,63,69
221050404,0,1,95,96
221050405,1,1,46,48
221120101,133,78,131,342
221120102,154,31,81,266
221120103,114,65,226,405
221120104,145,61,152,358
221120105,114,75,214,403
221120106,61,51,361,473
221120201,0,0,0,0
221120202,6,3,39,48
221120203,1,1,17,19
221120301,88,51,89,228
221120302,170,202,53,425
221120303,6,1,27,34
221120304,1,0,23,24
221120305,6,0,24,30
221120306,73,41,69,183
221120401,117,27,51,195
221120402,44,52,74,170
221120403,3,0,103,106
221120404,9,21,109,139
221120405,1,1,29,31
221120406,1,1,38,40
221120407,130,50,121,301
221120408,5,4,40,49
221120501,4,1,13,18
221120502,6,2,18,26
221120503,3,3,12,18
221120504,1,1,29,31
221120505,10,5,16,31
221120601,3,1,11,15
221120602,2,3,26,31
221120603,1,1,36,38
221120701,2,4,35,41
221120702,4,3,26,33
221120801,4,0,49,53
221120802,11,2,54,67
221120803,3,3,70,76
221120901,7,1,27,35
221120902,1,0,25,26
221120903,7,5,27,39
221121001,1,1,82,84
221121002,8,2,45,55
221121003,1,0,15,16
221190101,141,42,40,223
221190102,88,72,145,305
221190103,113,66,135,314
221190104,161,120,99,380
221190105,71,73,74,218
221190106,97,160,83,340
221190107,57,119,109,285
221190108,100,90,81,271
221190201,8,13,96,117
221190202,18,39,119,176
221190203,6,6,92,104
221190204,4,6,77,87
221190205,6,8,144,158
221190206,1,4,52,57
221190207,0,2,20,22
221190208,2,0,39,41
221190301,0,0,47,47
221190302,0,0,13,13
221190303,2,0,24,26
221260101,89,130,60,279
221260102,107,71,21,199
221260103,100,38,19,157
221260104,70,71,73,214
221260105,75,65,35,175
221260201,0,6,17,23
221260202,15,11,81,107
221260203,4,9,32,45
221260204,5,9,29,43
221260301,37,69,137,243
221260302,2,5,41,48
221260303,34,11,48,93
221260304,87,45,35,167
221260305,105,84,36,225
221260306,11,6,8,25
221260307,0,0,16,16
221260308,0,0,19,19
221260309,11,0,0,11
221260310,0,2,15,17
221260311,5,7,44,56
221260312,21,43,138,202
221260313,96,55,25,176
221260314,242,29,26,297
221260315,7,2,3,12
221330101,69,39,89,197
221330102,129,77,70,276
221330103,172,78,62,312
221330104,151,86,80,317
221330105,128,30,6,164
221330106,207,60,61,328
221330107,119,34,13,166
221330108,14,49,381,444
221330109,84,68,205,357
221330110,57,42,77,176
221330111,156,39,62,257
221330112,72,58,69,199
221330113,68,25,84,177
221330114,5,30,330,365
221330115,144,77,121,342
221330116,108,36,21,165
221330117,60,32,52,144
221330118,71,60,95,226
221330119,41,58,167,266
221330120,177,36,22,235
221330201,1,1,48,50
221330202,3,5,92,100
221330203,6,3,103,112
221330204,0,1,22,23
221330205,3,3,76,82
221330206,1,6,74,81
221330207,30,11,176,217
221330208,3,3,45,51
221330301,11,5,68,84
221330302,0,3,106,109
221330303,7,5,53,65
221330304,8,6,45,59
221330305,2,5,61,68
221330306,2,3,38,43
221330307,0,3,39,42
221330308,2,1,59,62
221330309,3,3,90,96
221330401,5,2,87,94
221330402,0,3,62,65
221330403,1,1,41,43
221330404,1,0,57,58
221330405,7,0,70,77
221330406,0,0,38,38
221330407,0,0,4,4
221330408,5,8,44,57
221330409,2,1,2,5
221330410,0,1,5,6
221330411,4,6,103,113
221330412,16,152,163,331
221330413,124,146,36,306
221330414,109,64,34,207
221330415,0,5,123,128
221330501,2,0,46,48
221330502,2,2,40,44
221330503,1,9,47,57
221330504,4,0,28,32
221330505,0,1,51,52
221330506,0,1,14,15
221330507,2,2,14,18
221330508,0,1,20,21
221400101,15,23,55,93
221400102,46,235,99,380
221400103,92,47,20,159
221400104,201,75,21,297
221400105,134,60,18,212
221400106,24,113,126,263
221400107,96,73,139,308
221400108,64,25,30,119
221400109,95,122,67,284
221400110,82,68,38,188
221400111,206,102,50,358
221400112,119,69,52,240
221400113,37,64,127,228
221400114,69,6,24,99
221400115,67,55,96,218
221400116,43,95,59,197
221400117,70,92,68,230
221400118,63,73,51,187
221400201,186,38,1,225
221400202,212,39,2,253
221400203,180,78,14,272
221400204,153,107,54,314
221400205,139,64,16,219
221400206,212,97,45,354
221400207,37,105,200,342
221400208,82,134,57,273
221400209,94,63,26,183
221400210,121,158,36,315
221400211,72,146,46,264
221400301,154,45,1,200
221400302,173,15,1,189
221400303,204,20,33,257
221400304,199,52,0,251
221400305,231,36,2,269
221400306,159,39,9,207
221400307,179,12,3,194
221400308,201,25,4,230
221400309,137,71,23,231
221400310,152,35,6,193
221400311,115,105,2,222
221400312,126,128,70,324
221400313,86,155,105,346
221400401,115,11,0,126
221400402,141,28,3,172
221400403,205,15,0,220
221400404,221,42,0,263
221400405,207,39,3,249
221400406,206,14,1,221
221400407,216,36,2,254
221400408,158,30,1,189
221400409,207,45,8,260
221400410,136,59,2,197
221400411,154,65,26,245
221400412,178,87,12,277
221400413,100,20,6,126
221400414,141,72,29,242
221400415,78,27,25,130
221400416,145,42,2,189
221400417,51,13,4,68
221400418,80,23,22,125
221400501,140,57,13,210
221400502,169,20,0,189
221400503,163,49,9,221
221400504,108,37,20,165
221400505,101,118,86,305
221400506,106,65,32,203
221400507,132,63,79,274
221400508,37,96,178,311
221400509,74,72,57,203
221400510,92,83,43,218
221400511,51,70,101,222
221400512,26,61,139,226
221400513,130,61,99,290
221400514,19,52,179,250
221400601,94,138,121,353
221400602,203,30,12,245
221400603,231,35,4,270
221400604,163,60,4,227
221400605,111,107,76,294
221400606,161,113,76,350
221400607,124,52,24,200
221400608,282,56,48,386
221400609,296,67,0,363
221400610,289,18,19,326
221400611,144,66,58,268
221400612,55,41,62,158
221400701,188,56,6,250
221400702,144,119,32,295
221400703,192,58,22,272
221400704,68,67,85,220
221400705,77,87,46,210
221400706,129,115,44,288
221400707,138,45,5,188
221400708,101,101,42,244
221400709,35,53,32,120
221400710,78,106,36,220
221400711,73,101,23,197
221400712,57,110,15,182
221400713,101,55,9,165
221400714,99,113,23,235
221400715,109,50,10,169
221400716,128,92,43,263
221400717,70,52,23,145
221400718,113,105,51,269
221400719,131,51,30,212
221400720,81,81,39,201
221400721,84,89,66,239
221400722,10,0,0,10
221400723,48,110,74,232
221400724,109,89,96,294
221400725,117,66,20,203
221400726,190,33,12,235
221400727,68,121,70,259
221400728,72,76,33,181
221400729,75,52,21,148
221400801,204,45,2,251
221400802,200,38,4,242
221400803,152,63,15,230
221400804,100,20,0,120
221400805,130,46,2,178
221400806,160,37,1,198
221400807,208,40,3,251
221400808,230,49,4,283
221400809,100,43,0,143
221400810,90,109,68,267
221400811,94,74,35,203
221400812,116,35,0,151
221400813,183,43,1,227
221400814,226,59,3,288
221400815,205,58,5,268
221400816,96,20,2,118
221400817,125,53,3,181
221400818,150,16,0,166
221400901,202,20,4,226
221400902,165,175,34,374
221400903,160,120,27,307
221400904,155,84,50,289
221400905,203,32,19,254
221400906,99,251,4,354
221400907,44,102,113,259
221400908,104,86,58,248
221400909,106,76,79,261
221400910,148,196,3,347
221400911,133,113,3,249
221400912,34,136,2,172
221400913,300,41,5,346
221400914,339,52,0,391
221400915,301,39,2,342
221400916,152,71,45,268
221400917,30,72,108,210
221400918,49,169,2,220
221401001,135,79,53,267
221401002,73,39,62,174
221401003,117,103,43,263
221401004,187,100,58,345
221401005,134,87,79,300
221401006,144,104,57,305
221401007,64,100,196,360
221401008,160,58,19,237
221401009,89,142,132,363
221401010,122,74,22,218
221401011,208,32,22,262
221401012,100,70,48,218
221401013,151,74,32,257
221401014,42,81,145,268
221401015,40,75,139,254
221401017,21,80,169,270
221401018,6,62,163,231
221401019,45,94,60,199
221401020,33,164,85,282
221401021,3,30,184,217
221401022,26,77,132,235
221401101,198,41,4,243
221401102,231,47,15,293
221401103,220,35,8,263
221401104,292,72,17,381
221401105,153,29,23,205
221401106,127,49,12,188
221401107,174,37,13,224
221401108,155,41,12,208
221401109,72,29,33,134
221401110,155,34,4,193
221401111,170,66,26,262
221401112,218,54,3,275
221401113,129,38,10,177
221401114,161,43,8,212
221401115,114,39,35,188
221401201,117,56,3,176
221401202,171,15,1,187
221401203,177,35,0,212
221401204,192,36,7,235
221401205,142,54,2,198
221401206,238,14,8,260
221401207,206,29,6,241
221401208,286,34,2,322
221401209,93,45,10,148
221401210,296,68,4,368
221401211,262,64,6,332
221401212,112,57,9,178
221401213,273,88,18,379
221401214,161,30,4,195
221401215,241,115,48,404
221401216,103,19,0,122
221401217,287,58,11,356
221401301,139,47,4,190
221401302,190,65,3,258
221401303,194,33,7,234
221401304,151,47,7,205
221401305,126,83,29,238
221401306,122,63,15,200
221401307,181,56,22,259
221401308,221,98,41,360
221401309,64,34,60,158
221401310,95,50,20,165
221401311,77,75,49,201
221401312,97,42,21,160
221401313,81,92,41,214
221401314,80,66,34,180
221401315,36,11,2,49
221401401,94,34,11,139
221401402,52,143,10,205
221401403,50,195,30,275
221401404,35,215,8,258
221401405,68,119,2,189
221401406,312,40,3,355
221401407,88,64,27,179
221401408,155,43,1,199
221401409,159,27,3,189
221401410,52,116,6,174
221401411,80,68,33,181
221401412,35,60,4,99
221401413,160,5,1,166
221401501,261,35,8,304
221401502,93,4,0,97
221401503,270,26,3,299
221401504,160,85,1,246
221401505,166,5,1,172
221401506,343,8,1,352
221401507,266,7,2,275
221401508,202,28,2,232
221401509,184,2,0,186
221401510,165,163,2,330
221401601,71,84,77,232
221401602,67,33,3,103
221401603,143,40,7,190
221401604,135,93,60,288
221401605,135,87,45,267
221401606,116,79,80,275
221401607,133,56,21,210
221401608,96,37,52,185
221401609,189,82,107,378
221401610,124,69,5,198
221401611,70,37,11,118
221401612,196,14,10,220
221401613,65,40,33,138
221401614,66,35,27,128
221401615,204,5,4,213
221401616,173,68,35,276
221401617,25,65,136,226
221401618,206,72,14,292
221401619,184,48,21,253
221401620,23,62,131,216
221401621,156,31,93,280
221401622,32,9,7,48
221401623,42,18,17,77
221401624,25,22,9,56
221401625,113,30,40,183
221401701,12,22,121,155
221401702,73,84,137,294
221401703,116,137,85,338
221401704,91,109,43,243
221401705,91,54,224,369
221401706,67,120,138,325
221401707,167,27,21,215
221401708,22,60,98,180
221401709,105,50,27,182
221401710,28,53,103,184
221401801,59,84,104,247
221401802,78,135,113,326
221401803,85,57,63,205
221401804,18,110,101,229
221401805,60,86,68,214
221401806,21,147,138,306
221401807,134,106,64,304
221401808,146,88,14,248
221401809,92,87,52,231
221401810,63,93,89,245
221401811,88,67,57,212
221401812,128,41,12,181
221401813,93,103,21,217
221401814,129,72,15,216
221401815,60,76,50,186
221401816,66,174,128,368
221401817,12,42,125,179
221401818,0,0,9,9
221401819,130,65,70,265
221401820,122,96,24,242
221401821,33,87,67,187
221401901,229,76,63,368
221401902,44,16,13,73
221401903,127,46,14,187
221401904,178,89,72,339
221401905,90,44,20,154
221401906,123,49,29,201
221401907,130,107,80,317
221401908,45,64,81,190
221401909,121,69,13,203
221401910,102,49,2,153
221401911,142,47,7,196
221401912,107,73,32,212
221401913,70,68,59,197
221401914,117,38,6,161
221401915,119,46,26,191
221401916,71,67,73,211
221402001,128,57,27,212
221402002,173,76,33,282
221402003,92,81,10,183
221402004,133,106,26,265
221402005,66,117,184,367
221402006,23,114,216,353
221402007,41,94,95,230
221402008,117,62,38,217
221402009,129,90,41,260
221402010,59,99,52,210
221402011,83,73,38,194
221402101,173,102,18,293
221402102,119,101,37,257
221402103,101,85,37,223
221402104,11,36,90,137
221402105,168,111,88,367
221402106,208,175,61,444
221402107,0,8,48,56
221402108,76,124,48,248
221402109,1,2,41,44
221402201,2,0,23,25
221402202,1,2,30,33
221402203,2,0,56,58
221402204,0,3,14,17
221402205,0,1,44,45
221402206,0,0,41,41
221402301,0,5,0,5
221402302,0,0,2,2
221402303,3,4,9,16
221402304,20,34,63,117
221402305,3,1,15,19
221402401,38,73,78,189
221402402,1,0,8,9
221402403,4,4,21,29
221402404,123,71,49,243
221402405,2,3,44,49
221402406,7,24,57,88
221402407,0,0,2,2
221402408,0,0,6,6
221402409,13,13,30,56
221402410,6,3,68,77
221402411,78,52,43,173
221402501,37,219,37,293
221402502,157,112,14,283
221402503,183,71,142,396
221402504,302,38,3,343
221402505,310,101,72,483
221402506,88,44,69,201
221402507,13,23,48,84
221402508,101,165,42,308
221402509,22,106,109,237
221402510,39,73,223,335
221402511,34,151,232,417
221402512,14,38,295,347
221402513,45,39,64,148
221402514,11,22,24,57
221402515,119,4,7,130
221402516,11,116,29,156
221402517,108,5,2,115
221402518,151,26,37,214
221402601,26,53,134,213
221402602,268,2,3,273
221402603,272,14,12,298
221402604,58,80,56,194
221402605,128,75,41,244
221402606,122,74,11,207
221402607,265,30,65,360
221402608,177,102,67,346
221402609,11,40,115,166
221402701,234,54,23,311
221402702,218,99,10,327
221402703,62,136,26,224
221402704,39,167,54,260
221402705,63,142,63,268
221402706,40,115,47,202
221402707,62,196,99,357
221402708,59,146,48,253
221402709,56,117,52,225
221402710,78,90,9,177
221402711,19,95,175,289
221402712,98,126,18,242
221402713,105,80,54,239
221402714,258,98,84,440
221402715,209,35,37,281
221402716,256,86,12,354
221402717,337,8,0,345
221402718,311,16,2,329
221402719,123,112,90,325
221402720,1,21,208,230
221402721,150,21,65,236
221402722,2,24,251,277
221402723,99,16,98,213
221402724,0,12,119,131
221402725,3,9,169,181
221402726,56,45,55,156
221402801,236,35,49,320
221402802,171,78,36,285
221402803,121,63,28,212
221402804,142,84,22,248
221402805,351,27,4,382
221402806,55,21,124,200
221402807,16,97,19,132
221402808,75,266,35,376
221402809,215,21,11,247
221402810,94,152,93,339
221402811,132,70,77,279
221402901,43,54,74,171
221402902,42,32,138,212
221402903,26,72,148,246
221402904,269,1,6,276
221402905,86,37,144,267
221402906,208,37,12,257
221402907,32,25,53,110
221402908,182,45,53,280
221402909,199,94,32,325
221402910,326,48,2,376
221402911,260,39,10,309
221402912,94,64,1,159
221402913,238,3,4,245
221402914,12,44,174,230
221402915,169,59,36,264
221402916,0,22,132,154
221402919,1,14,139,154
221402920,14,48,137,199
221403001,36,102,101,239
221403002,24,70,115,209
221403003,75,126,120,321
221403004,147,63,6,216
221403005,190,119,54,363
221403006,131,18,10,159
221403007,337,21,25,383
221403008,2,23,83,108
221403009,62,75,176,313
221403010,135,2,3,140
221403011,27,95,102,224
221403012,146,16,19,181
221403013,75,16,37,128
221470101,1,1,52,54
221470102,1,0,12,13
221470103,0,1,40,41
221470104,13,6,46,65
221470105,2,4,84,90
221470106,0,1,121,122
221470107,3,1,40,44
221470108,1,1,43,45
221470201,78,65,194,337
221470202,112,33,36,181
221470203,169,81,56,306
221470204,34,40,96,170
221470205,91,39,13,143
221470206,124,63,104,291
221470301,30,26,318,374
221470302,5,3,40,48
221470303,2,4,90,96
221470304,2,1,33,36
221470305,29,47,368,444
221470306,44,51,254,349
221470307,3,4,65,72
221470401,51,38,184,273
221470402,7,21,71,99
221470403,0,0,29,29
221470404,3,1,33,37
221540101,58,71,227,356
221540102,3,24,185,212
221540103,11,4,89,104
221540104,4,23,121,148
221540105,108,86,121,315
221540106,6,31,82,119
221540201,35,66,141,242
221540202,104,67,180,351
221540203,0,1,29,30
221540204,0,6,159,165
221540205,1,2,31,34
221540206,38,65,89,192
221540301,44,72,121,237
221540302,118,101,115,334
221540303,6,7,73,86
221540304,3,1,43,47
221540305,3,9,69,81
221540306,1,2,27,30
221540307,96,114,143,353
221540308,2,2,69,73
221540309,118,37,45,200
221540310,6,4,94,104
221540311,38,86,131,255
221610101,3,2,46,51
221610102,0,2,21,23
221610103,0,0,18,18
221610201,87,128,118,333
221610202,8,1,53,62
221610203,1,4,24,29
221610301,91,143,164,398
221610302,2,11,49,62
221610303,0,7,8,15
221610304,0,4,17,21
221610305,0,2,28,30
221610401,4,1,56,61
221610402,0,0,10,10
221680101,211,97,25,333
221680102,154,81,13,248
221680103,28,94,134,256
221680104,40,88,141,269
221680105,151,84,23,258
221680106,157,95,15,267
221680107,121,104,229,454
221680108,18,51,232,301
221680109,70,78,134,282
221680110,83,110,126,319
221680111,10,43,103,156
221680112,105,77,133,315
221680113,125,105,90,320
221680114,31,143,73,247
221680115,5,69,142,216
221680116,4,15,167,186
221680117,83,34,81,198
221680201,0,0,47,47
221680202,2,1,77,80
221680203,3,1,37,41
221680204,3,4,33,40
221680205,3,1,62,66
221680206,6,3,14,23
221680207,0,4,26,30
221680301,3,4,52,59
221680302,0,0,57,57
221680303,0,0,18,18
221680304,2,4,34,40
221680305,3,3,28,34
221680306,0,1,62,63
221680307,1,0,49,50
221680308,0,1,49,50
221680309,21,31,140,192
221680310,34,82,232,348
221680401,0,0,53,53
221680402,2,3,148,153
221680403,0,13,127,140
221680404,0,0,60,60
221680405,0,1,68,69
221680406,1,3,85,89
221680407,0,0,26,26
221680408,1,3,55,59
221680409,4,20,222,246
260070101,4,1,13,18
260070201,17,12,11,40
260070202,80,25,45,150
260070301,5,4,14,23
260070302,0,1,10,11
260070303,12,8,7,27
260070304,96,20,12,128
260070401,247,26,8,281
260070402,167,43,9,219
260070403,197,53,5,255
260070404,135,99,10,244
260070405,173,96,40,309
260070406,145,42,7,194
260070407,238,184,8,430
260070408,57,46,0,103
260070409,180,49,1,230
260070410,179,26,3,208
260070411,153,5,0,158
260070412,274,51,3,328
260070413,5,3,21,29
260070414,7,2,1,10
260070501,12,17,244,273
260070502,133,91,40,264
260070503,94,83,95,272
260070504,73,69,28,170
260070505,84,59,22,165
260070506,169,53,9,231
260070507,205,35,3,243
260070508,114,88,23,225
260070509,122,73,32,227
260070510,185,82,89,356
260070511,149,63,26,238
260070601,215,98,18,331
260070602,103,110,15,228
260070603,219,48,6,273
260070604,147,211,6,364
260070605,274,91,7,372
260070606,143,33,5,181
260070607,221,50,21,292
260070608,186,77,41,304
260070609,209,96,28,333
260070610,262,52,10,324
260070611,91,13,15,119
260070612,270,87,39,396
260070613,164,17,1,182
260070614,224,67,7,298
260070615,261,63,8,332
260070701,63,9,1,73
260070702,155,54,17,226
260070703,200,37,9,246
260070704,190,101,33,324
260070705,81,89,95,265
260070706,9,42,137,188
260070707,69,78,172,319
260070708,191,83,64,338
260070709,144,106,58,308
260070710,176,63,26,265
260070711,165,59,12,236
260070712,158,75,15,248
260070801,197,55,3,255
260070802,324,103,7,434
260070803,176,57,13,246
260070804,205,89,24,318
260070805,199,74,9,282
260070806,312,109,14,435
260070807,134,53,8,195
260070808,123,71,10,204
260070809,139,56,14,209
260070810,163,44,8,215
260070811,335,76,7,418
260070812,295,27,3,325
260070813,224,32,2,258
260070901,257,69,2,328
260070902,254,59,3,316
260070903,300,129,6,435
260070904,235,57,1,293
260070905,230,79,2,311
260070906,235,40,1,276
260070907,266,44,4,314
260070908,282,33,0,315
260070909,143,12,1,156
260070910,192,20,1,213
260071001,83,5,0,88
260071002,306,32,4,342
260071003,128,3,0,131
260071004,147,30,2,179
260071005,208,37,0,245
260071006,178,40,28,246
260071007,235,39,1,275
260071008,181,26,0,207
260071009,198,23,2,223
260071010,319,25,0,344
260071011,204,28,0,232
260071012,168,14,0,182
260071013,113,26,0,139
260140101,8,12,27,47
260140102,17,3,17,37
260140103,47,13,12,72
260140104,164,39,24,227
260140105,207,53,16,276
260140106,192,30,18,240
260140107,137,34,20,191
260140108,172,30,32,234
260140201,0,1,2,3
260140202,9,1,3,13
260140203,0,4,3,7
260140204,0,0,6,6
260140205,2,0,0,2
260140206,0,0,1,1
260140207,3,5,2,10
260140208,2,1,1,4
260140209,0,1,4,5
260140301,1,3,72,76
260140302,7,2,37,46
260140303,92,34,100,226
260140304,2,0,22,24
260140305,1,5,49,55
260140306,5,4,33,42
260140307,19,2,15,36
260140401,3,2,49,54
260140501,0,1,9,10
260140601,1,3,4,8
260140701,1,0,19,20
260140702,4,3,43,50
260140703,0,0,3,3
260140704,1,1,15,17
260140705,149,31,147,327
260140801,106,21,56,183
260140802,7,2,4,13
260140803,194,31,37,262
260140804,200,22,19,241
260140901,348,98,152,598
260140902,7,7,13,27
260140903,149,21,51,221
260140904,184,40,25,249
260140905,202,18,12,232
260140906,155,35,49,239
260141001,27,6,31,64
260141002,16,4,19,39
260141003,58,22,16,96
260141004,172,28,32,232
260141101,5,3,9,17
260141102,206,83,151,440
260141103,207,39,23,269
260141104,96,28,53,177
260210101,5,5,21,31
260210102,21,0,0,21
260210103,11,6,10,27
260210104,2,11,0,13
260210201,13,1,1,15
260210202,14,8,20,42
260210203,5,5,3,13
260210204,315,43,7,365
260210301,18,4,6,28
260210302,4,2,3,9
260210401,1,1,0,2
260210402,53,7,3,63
260210403,70,9,2,81
260210404,251,23,3,277
260210405,238,27,3,268
260210406,274,37,1,312
260210407,234,90,3,327
260210408,175,26,11,212
260210409,209,17,2,228
260210410,216,23,0,239
260210411,178,14,1,193
260210412,167,16,2,185
260210413,207,18,1,226
260210414,191,11,0,202
260210501,2,4,4,10
260210502,166,40,17,223
260210503,85,26,0,111
260210504,2,0,0,2
260210505,212,58,19,289
260210506,249,26,5,280
260210507,206,15,7,228
260210508,113,7,7,127
260210509,185,18,2,205
260210510,165,54,21,240
260210511,214,20,34,268
260210512,241,45,22,308
260210513,304,97,6,407
260210514,301,39,59,399
260210515,310,56,24,390
260210516,224,3,1,228
260210517,200,30,1,231
260210518,197,29,61,287
260210601,100,5,0,105
260210602,74,26,89,189
260210603,56,14,1,71
260210604,240,30,2,272
260210605,281,62,10,353
260210606,221,40,13,274
260210607,284,43,2,329
260210608,322,90,24,436
260210609,298,20,3,321
260210610,310,40,5,355
260210611,257,64,16,337
260210612,207,35,26,268
260210613,141,38,15,194
260210614,214,27,13,254
260210615,226,18,1,245
260210701,11,4,5,20
260210702,127,50,59,236
260210703,67,8,3,78
260210704,327,75,23,425
260210705,80,14,11,105
260210706,182,22,11,215
260210707,187,32,9,228
260210708,154,27,28,209
260210709,236,34,20,290
260210710,177,37,50,264
260210711,117,30,15,162
260210712,213,28,16,257
260210801,29,1,0,30
260210802,316,49,43,408
260210803,37,4,3,44
260210804,114,19,1,134
260210805,176,17,4,197
260210806,156,47,0,203
260210807,299,53,7,359
260210808,232,27,5,264
260210809,124,19,1,144
260210810,246,37,11,294
260210811,28,4,0,32
260210812,212,41,32,285
260210813,91,22,0,113
260210814,312,46,11,369
260210815,297,60,8,365
260210901,161,43,39,243
260210902,160,45,1,206
260210903,189,22,1,212
260210904,104,20,1,125
260210905,143,40,0,183
260210906,144,7,0,151
260210907,156,25,7,188
260210908,206,36,5,247
260210909,158,56,3,217
260210910,114,28,3,145
260210911,217,56,12,285
260210912,113,33,2,148
260210913,102,14,4,120
260210914,155,24,3,182
260211001,311,22,0,333
260211002,153,86,23,262
260211003,276,28,18,322
260211004,176,38,13,227
260211005,100,37,2,139
260211006,124,27,4,155
260211007,136,25,3,164
260211008,167,26,2,195
260211009,112,52,0,164
260211010,156,33,13,202
260211011,99,5,0,104
260211012,411,61,0,472
260211013,244,51,10,305
260211101,86,24,29,139
260211102,152,43,53,248
260211103,96,22,17,135
260211104,250,55,24,329
260211105,134,17,7,158
260211106,135,31,31,197
260211107,157,64,87,308
260211108,250,65,22,337
260211109,222,34,32,288
260211110,224,62,20,306
260211111,199,56,17,272
260211112,162,15,3,180
260211113,221,26,8,255
260211114,159,54,16,229
260211115,134,40,2,176
260211116,168,47,28,243
260211117,154,44,10,208
260211201,129,44,82,255
260211202,116,58,27,201
260211203,137,58,88,283
260211204,260,64,33,357
260211205,101,25,21,147
260211206,187,63,26,276
260211207,214,48,22,284
260211208,202,45,21,268
260211209,176,53,12,241
260211210,94,28,14,136
260211301,200,64,55,319
260211302,213,61,54,328
260211303,134,51,45,230
260211304,192,25,1,218
260211305,217,72,21,310
260211306,172,45,13,230
260211307,124,26,18,168
260211308,140,66,10,216
260211309,183,44,28,255
260211310,181,43,10,234
260211311,116,33,12,161
260211312,299,73,20,392
260211401,321,43,2,366
260211402,246,34,0,280
260211403,200,25,1,226
260211404,287,40,4,331
260211405,184,43,6,233
260211406,270,30,6,306
260211407,344,55,16,415
260211408,206,31,0,237
260211409,187,33,3,223
260211410,160,11,1,172
260211411,200,41,1,242
260211412,268,21,3,292
260211413,207,60,38,305
260211501,145,38,27,210
260211502,212,55,17,284
260211503,299,19,2,320
260211504,228,42,2,272
260211505,149,28,0,177
260211506,206,43,7,256
260211507,182,20,3,205
260211508,203,15,6,224
260211509,163,50,1,214
260211510,243,37,3,283
260211511,182,52,16,250
260211601,126,48,155,329
260211602,65,19,23,107
260211603,107,38,30,175
260211604,110,35,21,166
260211605,182,57,30,269
260211606,100,55,48,203
260211607,163,69,26,258
260211608,126,48,83,257
260211609,202,55,44,301
260211610,253,61,46,360
260211611,204,27,16,247
260211612,116,19,70,205
260211613,294,66,14,374
260211614,111,42,30,183
260211615,154,27,26,207
260211701,44,14,18,76
260211702,124,91,80,295
260211703,82,32,43,157
260211704,102,45,97,244
260211705,198,37,11,246
260211706,114,36,126,276
260211707,111,22,70,203
260211708,209,38,39,286
260211709,259,28,45,332
260211710,143,40,69,252
260211711,114,36,223,373
260211712,148,42,53,243
260211713,77,22,53,152
260211714,297,11,2,310
260211801,104,45,33,182
260211802,68,43,100,211
260211803,214,25,17,256
260211804,247,18,3,268
260211805,181,27,10,218
260211806,126,22,7,155
260211807,108,22,38,168
260211808,179,60,6,245
260211809,280,67,6,353
260211810,166,61,1,228
260211811,215,73,0,288
260211812,176,35,8,219
260211813,167,45,9,221
260211901,156,26,7,189
260211902,227,50,4,281
260211903,244,37,73,354
260211904,134,21,26,181
260211905,169,73,9,251
260211906,117,99,6,222
260211907,115,110,6,231
260211908,38,62,142,242
260211909,74,63,81,218
260211910,141,82,11,234
260211911,123,105,17,245
260211912,209,46,28,283
260211913,77,50,107,234
260211914,57,43,55,155
260211915,94,36,132,262
260211916,143,37,29,209
260280101,13,6,5,24
260280102,2,0,0,2
260280201,16,1,13,30
260280301,4,5,4,13
260280302,18,0,1,19
260280303,266,73,33,372
260350101,25,6,3,34
260350102,7,1,8,16
260350201,23,16,41,80
260350202,3,6,12,21
260350301,84,25,16,125
260350302,69,17,102,188
260350303,150,27,32,209
260350304,171,35,30,236
260350305,168,46,24,238
260350306,154,33,18,205
260350307,239,24,7,270
260350308,108,9,2,119
260350309,243,44,10,297
260350310,124,11,4,139
260350311,282,37,29,348
260350312,99,47,89,235
260350313,103,37,76,216
260350401,2,1,1,4
260350402,8,2,9,19
260350403,5,5,11,21
260350404,410,44,46,500
260350405,0,0,8,8
260350501,2,1,2,5
260350502,25,4,11,40
260350503,10,3,7,20
260350504,12,9,11,32
260350505,28,5,42,75
260350506,19,3,12,34
260350507,61,25,58,144
260350508,35,6,18,59
260350509,209,15,37,261
260350510,312,53,38,403
260350511,115,15,30,160
260350512,88,27,40,155
260350513,148,58,71,277
260350514,168,43,54,265
260350515,240,54,24,318
260350601,188,71,57,316
260350602,130,41,67,238
260350603,119,58,68,245
260350604,109,28,54,191
260350605,175,29,11,215
260350606,131,42,3,176
260350607,133,34,12,179
260350608,182,20,11,213
260350609,146,22,2,170
260350610,186,18,10,214
260350611,204,37,12,253
260350612,184,28,19,231
260350613,178,20,6,204
260350614,173,22,16,211
260350615,230,38,11,279
260350701,215,36,20,271
260350702,118,48,113,279
260350703,145,103,101,349
260350704,174,37,35,246
260350705,313,15,14,342
260350706,201,25,8,234
260350707,276,43,31,350
260350708,312,7,3,322
260350709,274,28,8,310
260350710,282,44,5,331
260350711,132,20,12,164
260350712,342,10,3,355
260350713,129,26,14,169
260420101,4,2,8,14
260420102,4,2,20,26
260420103,0,1,8,9
260420201,2,9,21,32
260420301,35,18,4,57
260420302,1,4,4,9
260420401,0,0,1,1
260420402,3,0,2,5
260420403,73,26,10,109
260420404,20,10,2,32
260420405,16,13,8,37
260420406,17,11,17,45
260420407,31,15,10,56
260420408,39,3,11,53
260420409,83,20,26,129
260420410,189,24,7,220
260420411,70,20,61,151
260420412,20,10,34,64
260420413,262,114,112,488
260420414,288,63,28,379
260420415,254,62,50,366
260420416,231,54,7,292
260420417,213,74,40,327
260420418,308,60,10,378
260490101,1,4,34,39
260490102,4,2,19,25
260490103,6,3,31,40
260490104,3,6,20,29
260490105,20,11,37,68
260490106,116,29,31,176
260490201,2,0,3,5
260490202,0,2,11,13
260490203,6,5,15,26
260560101,4,0,16,20
260560102,5,2,11,18
260560103,3,2,7,12
260560104,20,17,62,99
260560105,1,0,19,20
260560106,0,0,22,22
260560107,29,9,17,55
260560108,101,21,32,154
260560201,0,3,14,17
260560202,2,4,43,49
260560203,2,0,3,5
260560204,4,4,3,11
260560205,7,4,3,14
260560206,253,52,68,373
260560301,57,7,24,88
260630101,0,5,3,8
260630102,1,6,6,13
260630103,9,3,9,21
260630201,7,3,6,16
260630202,4,5,9,18
260630203,66,47,37,150
260630301,6,2,9,17
260630401,4,3,10,17
260700101,12,5,7,24
260700102,5,6,14,25
260700103,1,0,14,15
260700104,54,15,36,105
260700105,5,7,17,29
260700106,0,2,16,18
260700107,0,2,8,10
260700108,160,141,64,365
260700201,3,6,9,18
260700202,10,3,11,24
260770101,0,3,0,3
260770102,4,2,7,13
260770103,4,1,5,10
260770104,5,2,8,15
260770201,13,3,6,22
260770202,0,1,1,2
260770203,28,9,8,45
260770204,25,12,19,56
260770301,94,19,0,113
260770302,180,40,4,224
260770303,146,16,0,162
260770304,184,20,1,205
260770305,279,8,1,288
260770306,168,29,2,199
260770307,152,20,0,172
260770308,89,14,3,106
260770309,62,13,0,75
260770310,119,12,0,131
260770311,96,10,1,107
260770312,89,14,1,104
260770313,99,17,1,117
260770314,88,19,0,107
260770315,126,18,1,145
260770316,38,35,14,87
260770401,54,25,31,110
260770402,8,9,43,60
260770403,62,18,81,161
260770404,118,36,56,210
260770405,36,8,39,83
260770501,1,1,0,2
260770502,165,75,29,269
260770503,150,31,8,189
260770504,205,8,1,214
260770505,167,65,10,242
260770506,170,59,15,244
260770507,199,24,2,225
260770508,141,24,3,168
260770509,187,9,2,198
260770510,288,22,2,312
260770511,167,37,3,207
260770512,115,51,7,173
260770513,129,38,5,172
260770514,157,68,1,226
260770515,157,66,1,224
260770516,190,15,2,207
260770517,147,31,2,180
260770518,138,53,39,230
260770519,104,40,15,159
260770520,73,23,18,114
260770601,157,44,1,202
260770602,175,71,2,248
260770603,209,57,5,271
260770604,130,46,3,179
260770605,183,95,32,310
260770606,207,88,9,304
260770607,115,32,12,159
260770608,217,77,17,311
260770609,219,43,12,274
260770610,112,44,9,165
260770611,170,68,14,252
260770612,131,45,13,189
260770701,365,95,4,464
260770702,292,2,0,294
260770703,232,154,4,390
260770704,420,2,32,454
260770705,113,99,65,277
260770706,94,56,57,207
260770707,117,88,72,277
260770708,83,67,59,209
260770709,225,77,68,370
260770710,130,111,51,292
260770711,95,55,20,170
260770712,189,83,37,309
260770713,151,99,35,285
260770714,101,87,18,206
260770715,115,53,20,188
260770801,119,62,128,309
260770802,288,11,4,303
260770803,76,272,4,352
260770804,65,189,1,255
260770805,47,186,14,247
260770806,189,162,32,383
260770807,83,53,11,147
260770808,135,100,20,255
260770809,107,90,37,234
260770810,146,81,8,235
260770811,113,44,1,158
260770812,155,60,6,221
260770813,211,71,25,307
260770814,103,78,30,211
260770815,202,89,34,325
260770901,291,24,68,383
260770902,130,67,120,317
260770903,163,92,164,419
260770904,115,122,35,272
260770905,148,171,25,344
260770906,139,152,45,336
260770907,88,95,38,221
260770908,134,65,27,226
260770909,121,67,33,221
260770910,149,115,66,330
260770911,134,105,90,329
260770912,176,102,142,420
260771001,186,37,15,238
260771002,180,50,13,243
260771003,97,39,20,156
260771004,158,70,5,233
260771005,234,35,5,274
260771006,86,53,1,140
260771007,149,38,0,187
260771008,117,69,0,186
260771009,166,29,9,204
260771010,185,23,0,208
260771011,128,24,1,153
260771012,141,14,2,157
260771013,248,58,4,310
260771014,225,89,6,320
260771015,275,27,4,306
260771016,398,63,14,475
260771017,249,99,11,359
260771018,131,40,45,216
260771101,145,8,1,154
260771102,389,14,9,412
260771103,152,59,101,312
260771104,71,77,58,206
260771105,120,107,58,285
260771106,263,9,1,273
260771107,132,136,43,311
260771108,157,52,1,210
260771109,186,3,0,189
260771110,153,3,0,156
260771111,117,21,0,138
260771112,189,59,6,254
260771113,258,61,7,326
260771114,159,20,6,185
260771201,411,31,2,444
260771202,219,47,14,280
260771203,300,71,7,378
260771204,212,51,13,276
260771205,268,53,4,325
260771206,276,37,3,316
260771207,289,61,1,351
260771208,230,84,1,315
260771209,148,44,3,195
260771210,259,45,10,314
260771211,327,49,2,378
260771212,231,99,6,336
260771213,192,83,1,276
260771214,285,56,33,374
260771215,286,37,30,353
260771301,235,91,5,331
260771302,390,47,2,439
260771303,302,48,6,356
260771304,259,122,5,386
260771305,328,55,1,384
260771306,348,57,3,408
260771307,199,151,1,351
260771308,303,47,1,351
260771309,409,37,1,447
260771310,158,74,3,235
260771311,266,24,0,290
260771312,237,27,2,266
260771313,168,39,2,209
260771314,105,22,2,129
260840101,1,2,3,6
260840102,11,9,13,33
260840103,9,13,20,42
260840104,1,0,3,4
260840105,1,0,4,5
260840106,21,14,5,40
260840107,145,37,35,217
260840108,165,75,28,268
260840201,7,6,7,20
260840202,46,8,7,61
260840301,1,1,5,7
260840302,4,0,3,7
260840303,7,2,2,11
260840304,3,3,15,21
260840305,342,52,53,447
260840306,195,50,20,265
260840307,81,17,2,100
260840401,13,4,3,20
260840402,8,7,8,23
260840403,43,12,7,62
260840501,4,1,5,10
260840502,11,1,6,18
260840503,4,3,12,19
260840504,8,5,11,24
260840505,38,10,17,65
260840506,35,14,4,53
260910101,6,6,13,25
260910102,19,8,7,34
260910201,7,7,13,27
260910301,2,2,3,7
260910302,3,1,3,7
260910303,6,4,5,15
260910304,14,6,2,22
260910305,0,0,4,4
260910306,0,0,3,3
260910401,153,39,10,202
260910402,140,12,0,152
260910403,92,13,7,112
260910404,167,49,62,278
260910405,269,28,18,315
260910406,106,18,25,149
260910407,120,21,18,159
260910408,147,22,7,176
260910409,242,39,6,287
260910410,228,30,9,267
260910411,122,28,13,163
260910412,171,27,10,208
260910413,191,17,15,223
260910414,185,26,13,224
260980101,2,1,12,15
260980102,10,0,17,27
260980103,131,60,31,222
260980104,153,75,41,269
260980201,1,5,9,15
260980202,5,6,13,24
260980203,7,5,7,19
260980204,0,0,0,0
260980205,321,77,24,422
260980206,194,71,38,303
260980301,0,0,0,0
260980302,1,0,0,1
260980303,2,0,2,4
260980304,2,3,8,13
260980305,20,4,23,47
260980306,240,33,63,336
261050101,9,6,11,26
261050102,0,4,9,13
261050103,19,10,20,49
261050104,7,4,14,25
261050105,114,48,29,191
261050201,3,1,23,27
261050202,1,1,8,10
261050203,1,2,5,8
261050204,10,9,19,38
261050205,108,59,37,204
300080101,90,24,13,127
300080102,148,18,13,179
300080103,141,26,4,171
300080104,128,26,15,169
300080105,122,21,17,160
300080106,176,12,2,190
300080107,109,3,3,115
300080108,152,16,3,171
300080109,186,18,1,205
300080110,205,11,3,219
300080111,237,38,14,289
300080112,194,17,2,213
300080113,148,30,3,181
300080114,178,12,4,194
300080201,134,11,0,145
300080202,105,10,0,115
300080203,129,5,1,135
300080204,184,10,0,194
300080205,193,11,1,205
300080206,239,18,6,263
300080207,224,49,15,288
300080208,233,43,40,316
300080209,153,9,0,162
300080210,148,21,2,171
300080211,151,17,1,169
300080212,66,3,3,72
300080213,51,3,1,55
300080214,99,6,1,106
300080215,113,40,22,175
300080216,81,39,35,155
300080301,43,1,6,50
300080302,59,9,8,76
300080303,69,14,8,91
300080304,63,15,9,87
300080305,152,27,13,192
300080306,105,66,89,260
300080307,137,24,13,174
300080308,159,19,6,184
300080309,60,12,2,74
300080310,158,37,13,208
300080311,158,38,40,236
300080312,155,23,15,193
300080313,25,60,97,182
300080314,78,12,12,102
300080315,76,17,20,113
300080316,18,3,7,28
300080317,43,4,13,60
300080318,45,4,6,55
300080319,28,9,16,53
300080401,104,33,22,159
300080402,262,64,28,354
300080403,247,47,24,318
300080404,207,73,22,302
300080405,252,53,20,325
300080406,298,46,28,372
300080407,130,18,8,156
300080408,226,10,6,242
300080409,257,12,2,271
300080410,282,33,10,325
300080411,197,36,24,257
300080412,292,88,24,404
300080413,148,13,6,167
300080501,29,4,6,39
300080502,45,12,8,65
300080503,28,17,29,74
300080504,69,29,41,139
300080505,23,20,9,52
300080506,128,70,142,340
300080507,194,69,62,325
300080508,231,70,39,340
300080509,117,26,28,171
300080510,110,17,9,136
300080511,50,9,10,69
300080601,255,25,5,285
300080602,290,42,14,346
300080603,161,22,0,183
300080604,257,36,1,294
300080605,316,26,15,357
300080606,299,21,2,322
300080607,268,23,3,294
300080608,326,30,6,362
300080609,164,9,3,176
300080610,190,15,11,216
300080611,290,34,2,326
300080612,215,30,14,259
300080701,5,1,1,7
300080702,17,4,9,30
300080703,51,14,17,82
300080704,8,2,0,10
300080705,48,7,2,57
300080706,13,1,2,16
300080707,26,9,1,36
300080708,13,3,4,20
300080709,15,4,4,23
300080710,20,1,1,22
300080711,52,4,9,65
300080801,14,1,2,17
300080802,9,2,1,12
300080803,6,1,3,10
300080804,21,13,2,36
300080805,12,6,4,22
300080806,13,2,1,16
300080807,38,13,37,88
300080808,29,10,8,47
300080809,14,0,1,15
300080810,35,6,4,45
300080811,23,9,5,37
300080901,14,2,6,22
300080902,14,3,4,21
300080903,10,9,1,20
300080904,6,2,0,8
300080905,24,2,3,29
300080906,28,16,11,55
300080907,9,1,4,14
300080908,1,1,3,5
300080909,23,4,3,30
300080910,190,23,9,222
300081001,17,7,3,27
300081002,12,8,3,23
300081003,118,34,19,171
300081004,12,5,0,17
300081005,13,13,8,34
300081006,10,4,2,16
300081007,90,20,23,133
300081008,11,7,4,22
300081009,0,2,8,10
300081101,7,7,20,34
300081102,4,10,9,23
300081103,8,13,3,24
300081104,6,6,3,15
300081105,17,5,17,39
300081106,2,2,0,4
300081107,16,3,3,22
300081108,112,62,24,198
300081109,66,24,19,109
300081110,191,83,48,322
300081111,46,44,42,132
300081201,0,0,1,1
300150101,200,107,71,378
300150102,271,45,5,321
300150103,137,212,117,466
300150104,159,169,72,400
300150105,190,52,50,292
300150106,98,136,134,368
300150107,172,107,43,322
300150108,118,126,19,263
300150109,182,80,16,278
300150110,48,63,56,167
300150111,131,124,196,451
300150112,69,152,116,337
300150113,192,71,147,410
300150201,163,70,152,385
300150202,172,72,14,258
300150203,118,101,44,263
300150204,77,151,63,291
300150205,164,237,38,439
300150206,210,83,20,313
300150207,131,35,10,176
300150208,201,79,52,332
300150209,269,73,32,374
300150210,182,130,68,380
300150211,166,109,17,292
300150212,191,126,51,368
300150213,279,79,27,385
300150214,138,64,11,213
300150301,243,35,0,278
300150302,293,46,5,344
300150303,325,67,0,392
300150304,243,97,1,341
300150305,127,89,143,359
300150306,32,10,7,49
300150307,89,14,1,104
300150308,316,42,20,378
300150309,147,75,66,288
300150310,131,49,26,206
300150401,166,61,26,253
300150402,164,10,1,175
300150403,265,48,8,321
300150404,259,29,9,297
300150405,217,47,35,299
300150406,289,58,12,359
300150407,231,70,10,311
300150408,198,57,50,305
300150409,176,37,19,232
300150410,126,65,22,213
300150411,299,71,17,387
300150412,173,125,77,375
300150413,341,43,23,407
300150414,249,9,1,259
300150415,105,7,1,113
300150416,354,34,14,402
300150501,159,24,0,183
300150502,341,35,2,378
300150503,175,23,8,206
300150504,156,27,7,190
300150505,44,62,75,181
300150506,194,56,1,251
300150507,124,69,54,247
300150508,139,60,32,231
300150509,123,63,77,263
300150510,146,28,4,178
300150511,145,11,0,156
300150512,141,7,5,153
300150513,148,7,1,156
300150514,144,0,0,144
300150515,178,9,1,188
300150516,170,8,0,178
300150517,198,8,1,207
300150518,135,9,0,144
300150519,170,13,6,189
300150520,169,24,14,207
300150521,75,23,6,104
300150522,163,80,113,356
300150601,108,121,98,327
300150602,62,110,27,199
300150603,259,105,46,410
300150604,248,106,28,382
300150605,108,15,8,131
300150606,172,43,26,241
300150607,268,30,5,303
300150608,218,23,1,242
300150609,231,13,0,244
300150610,213,8,1,222
300150611,139,2,24,165
300150612,182,10,0,192
300150613,255,41,16,312
300150614,307,90,20,417
300150615,197,19,6,222
300150616,205,37,25,267
300150617,223,26,3,252
300150618,106,10,0,116
300150619,171,28,2,201
300150620,101,7,2,110
300150621,132,1,0,133
300150701,164,56,20,240
300150702,137,16,4,157
300150703,182,5,0,187
300150704,143,7,1,151
300150705,144,0,0,144
300150706,76,42,0,118
300150707,152,9,1,162
300150708,143,9,1,153
300150709,140,21,3,164
300150710,94,70,63,227
300150711,155,36,17,208
300150712,58,72,94,224
300150713,149,33,3,185
300150714,153,12,2,167
300150715,124,38,6,168
300150716,100,103,57,260
300150717,1,2,12,15
300150718,209,127,59,395
300150719,112,123,133,368
300150720,10,24,93,127
300150801,143,15,0,158
300150802,134,4,0,138
300150803,113,19,0,132
300150804,130,9,1,140
300150805,171,4,0,175
300150806,156,27,5,188
300150807,241,79,5,325
300150808,196,9,2,207
300150809,172,1,0,173
300150810,203,7,0,210
300150811,199,12,3,214
300150812,185,9,1,195
300150813,2,3,0,5
300150814,243,29,68,340
300150815,58,17,13,88
300150901,20,30,29,79
300150902,40,21,29,90
300150903,12,8,3,23
300150904,121,81,46,248
300150905,133,117,57,307
300150906,97,68,112,277
300150907,155,45,96,296
300150908,72,100,129,301
300150909,124,13,4,141
300150910,66,27,26,119
300150911,10,4,0,14
300151001,51,24,103,178
300151002,167,132,101,400
300151003,100,54,25,179
300151004,233,118,72,423
300151005,150,102,116,368
300151006,150,43,85,278
300151007,168,51,84,303
300151008,76,119,115,310
300151009,150,90,164,404
300151010,185,78,28,291
300151011,89,143,160,392
300151012,113,108,186,407
300151013,26,55,209,290
300151101,122,57,51,230
300151102,2,4,5,11
300151103,165,43,7,215
300151104,99,54,24,177
300151105,105,92,126,323
300151106,105,76,14,195
300151107,46,30,124,200
300151108,142,75,15,232
300151109,15,17,21,53
300151110,110,74,50,234
300151111,87,44,34,165
300151201,11,15,14,40
300151202,12,5,12,29
300151203,23,4,4,31
300151204,15,16,10,41
300151205,9,2,1,12
300151206,14,6,9,29
300151207,9,5,2,16
300151208,13,26,25,64
300151209,9,4,9,22
300151210,26,15,7,48
300151211,14,23,20,57
300151212,87,121,55,263
300151213,166,105,25,296
300151214,169,110,8,287
300151301,56,39,12,107
300151302,9,9,2,20
300151303,11,3,3,17
300151304,132,124,39,295
300151305,40,36,58,134
300151306,19,11,12,42
300151307,28,12,8,48
300151308,15,13,6,34
300151309,6,2,6,14
300151310,63,87,64,214
300151311,113,101,28,242
300151312,72,67,38,177
300151401,3,2,5,10
300151402,4,4,1,9
300151403,24,11,23,58
300151404,11,14,31,56
300151405,11,4,7,22
300151406,12,6,12,30
300151407,8,10,14,32
300151408,10,33,33,76
300151501,12,14,31,57
300151502,23,13,18,54
300151503,3,1,2,6
300151504,25,25,10,60
300151505,24,25,8,57
300151506,26,19,22,67
300151507,19,14,18,51
300151508,17,11,14,42
300151509,18,4,12,34
300151510,18,37,34,89
300151511,40,77,109,226
300151512,43,31,4,78
300151513,49,30,6,85
300151514,17,51,31,99
300151515,40,38,18,96
300151601,5,4,2,11
300151602,8,21,22,51
300151603,10,6,8,24
300151604,9,4,1,14
300151605,11,11,2,24
300151606,47,49,33,129
300151607,26,36,65,127
300210101,214,31,9,254
300210102,215,38,26,279
300210103,27,6,7,40
300210104,246,41,17,304
300210105,171,17,7,195
300210106,223,21,7,251
300210107,191,47,37,275
300210108,146,116,80,342
300210109,157,16,5,178
300210110,142,7,0,149
300210111,151,19,0,170
300210112,150,27,22,199
300210201,143,50,10,203
300210202,126,4,0,130
300210203,196,33,22,251
300210204,16,10,2,28
300210205,65,35,20,120
300210206,39,29,21,89
300210207,95,58,23,176
300210208,143,17,7,167
300210209,87,33,11,131
300210210,242,44,5,291
300210211,167,67,7,241
300210212,112,133,103,348
300210301,2,10,23,35
300210302,61,28,24,113
300210303,127,23,13,163
300210304,95,25,21,141
300210305,100,29,8,137
300210306,25,5,8,38
300210307,37,6,10,53
300210308,53,24,13,90
300210309,31,95,23,149
300210310,25,10,52,87
300210311,44,2,12,58
300210312,31,2,8,41
300210401,97,24,23,144
300210402,10,1,4,15
300210403,50,9,17,76
300210404,40,4,6,50
300210405,128,31,2,161
300210406,85,21,6,112
300210407,3,2,4,9
300210408,1,13,6,20
300210409,47,6,5,58
300210410,74,13,9,96
300210501,15,34,21,70
300210502,12,36,26,74
300210503,12,3,16,31
300210504,43,5,10,58
300210505,230,28,8,266
300210506,204,28,5,237
300210507,142,45,12,199
300210508,18,3,6,27
300210509,1,2,3,6
300210510,30,3,10,43
300210511,34,5,5,44
300210512,138,8,16,162
300210601,30,4,26,60
300210602,47,7,3,57
300210603,33,3,3,39
300210604,104,34,23,161
300210605,35,1,2,38
300210606,20,1,0,21
300210701,6,0,4,10
300210702,11,4,0,15
300210703,2,0,0,2
300210704,30,2,1,33
300210705,9,5,2,16
300210706,146,21,2,169
300210707,116,19,3,138
300210708,148,36,15,199
300210709,177,60,1,238
300210710,239,27,0,266
300210711,24,0,0,24
300210712,174,11,1,186
300210713,123,6,0,129
300210714,227,18,0,245
300210715,206,21,1,228
300210716,145,52,2,199
300210801,14,0,0,14
300210802,22,4,3,29
300210803,21,3,4,28
300210804,75,22,10,107
300210805,14,1,2,17
300210806,21,0,6,27
300210807,30,3,1,34
300210808,5,1,8,14
300210809,13,3,16,32
300210901,49,12,7,68
300210902,68,28,3,99
300210903,178,38,9,225
300210904,119,18,0,137
300210905,290,88,16,394
300210906,67,27,1,95
300210907,169,49,9,227
300210908,168,16,3,187
300210909,169,24,6,199
300210910,150,25,5,180
300210911,143,56,8,207
300211001,21,7,0,28
300211002,136,16,0,152
300211003,62,13,5,80
300211004,137,34,10,181
300211005,81,18,7,106
300211006,141,40,11,192
300211007,188,34,7,229
300211101,14,8,14,36
300211102,19,3,10,32
300211103,19,2,4,25
300211104,13,1,5,19
300211105,12,2,2,16
300211201,3,0,2,5
300211202,1,0,3,4
300211203,10,6,7,23
300211204,28,7,7,42
300211205,11,2,8,21
300211206,18,2,11,31
300211207,8,5,6,19
300211208,9,4,19,32
300211209,3,0,20,23
300211210,50,45,100,195
300211211,4,2,6,12
300211212,15,7,16,38
300211301,0,3,29,32
300211302,0,1,11,12
300280101,77,2,1,80
300280102,249,59,8,316
300280103,195,8,1,204
300280104,162,6,1,169
300280105,233,64,6,303
300280106,246,32,4,282
300280107,171,60,4,235
300280108,191,4,0,195
300280109,150,9,0,159
300280110,199,87,20,306
300280111,114,35,0,149
300280112,132,54,2,188
300280113,10,36,67,113
300280114,16,14,18,48
300280201,40,9,5,54
300280202,25,2,13,40
300280203,169,8,60,237
300280204,236,77,20,333
300280205,209,59,25,293
300280206,204,28,26,258
300280301,15,11,17,43
300280302,7,0,0,7
300280303,36,18,23,77
300280304,2,3,2,7
300280305,15,3,4,22
300280306,24,12,15,51
300280307,0,0,3,3
300280308,7,4,1,12
300280401,107,32,8,147
300280402,149,60,24,233
300280403,227,85,10,322
300280404,155,53,12,220
300280405,136,48,18,202
300280406,232,31,10,273
300280407,66,50,70,186
300280408,150,70,30,250
300280409,122,26,2,150
300280410,174,40,41,255
300280411,162,35,13,210
300280412,214,11,2,227
300280413,165,26,6,197
300280414,146,25,17,188
300280415,138,34,9,181
300280416,214,40,21,275
300280417,171,24,16,211
300280418,183,47,23,253
300280419,135,75,45,255
300280501,66,73,91,230
300280502,167,82,18,267
300280503,151,79,31,261
300280504,39,69,88,196
300280505,135,112,55,302
300280506,96,25,5,126
300280507,182,58,16,256
300280508,170,6,1,177
300280509,213,7,1,221
300280510,151,12,3,166
300280511,192,13,8,213
300280512,266,36,11,313
300280513,125,22,8,155
300280514,234,40,8,282
300280515,193,7,0,200
300280516,133,6,1,140
300280517,272,25,11,308
300280518,184,79,21,284
300280519,166,43,32,241
300280601,29,25,24,78
300280602,19,27,18,64
300280603,96,51,28,175
300280604,22,12,8,42
300280605,66,18,13,97
300280606,32,40,35,107
300280607,81,30,7,118
300280608,96,65,33,194
300280609,149,42,10,201
300280610,11,11,3,25
300280611,38,12,9,59
300280701,1,1,0,2
300280702,3,0,0,3
300280703,3,3,7,13
300280704,7,7,16,30
300280705,0,1,2,3
300280706,2,6,4,12
300280707,2,3,3,8
300280708,13,36,36,85
300280709,109,98,51,258
300280710,141,139,52,332
300280711,109,63,44,216
300280712,49,77,71,197
300280801,25,12,3,40
300280802,24,5,5,34
300280803,37,11,12,60
300280804,3,0,0,3
300280805,43,25,6,74
300280806,32,9,9,50
300280807,15,6,3,24
300280808,46,10,10,66
300280809,197,62,32,291
300280810,148,23,9,180
300280811,96,37,10,143
300280812,79,17,19,115
300280901,14,12,30,56
300280902,9,5,2,16
300280903,27,20,19,66
300280904,35,10,8,53
300280905,24,6,1,31
300280906,20,6,5,31
300280907,144,69,11,224
300281001,2,4,3,9
300281002,17,5,1,23
300281003,5,1,1,7
300281004,1,2,3,6
300281005,21,11,3,35
300281006,4,2,0,6
300281007,2,6,1,9
300281008,18,28,38,84
300281101,10,5,1,16
300281102,2,0,0,2
300281103,9,16,7,32
300281104,14,10,7,31
300281105,7,4,1,12
300281106,1,6,3,10
300281107,72,75,26,173
300281108,41,54,48,143
300281201,25,14,10,49
300281202,0,1,1,2
300281203,16,7,6,29
300281204,33,19,10,62
300281205,11,10,7,28
300281206,14,15,7,36
300281207,29,22,8,59
300281208,112,55,34,201
300281209,8,3,3,14
300281210,50,29,8,87
300281211,26,17,8,51
300281212,26,16,20,62
300281213,17,9,10,36
300281214,23,10,13,46
300281215,53,37,25,115
300281301,8,5,3,16
300281302,8,1,3,12
300281303,26,25,8,59
300281304,14,7,5,26
300281305,2,4,2,8
300281306,19,4,2,25
300281307,32,11,13,56
300281308,4,3,3,10
300281309,52,43,10,105
300281310,7,1,4,12
300350101,48,68,79,195
300350102,76,71,58,205
300350103,97,48,8,153
300350104,198,115,62,375
300350105,99,97,96,292
300350106,53,70,118,241
300350107,183,62,18,263
300350108,162,24,3,189
300350109,101,25,7,133
300350110,92,81,40,213
300350111,72,44,22,138
300350112,199,79,9,287
300350113,239,25,9,273
300350114,136,33,16,185
300350115,74,76,43,193
300350116,152,99,56,307
300350117,232,43,32,307
300350118,119,85,29,233
300350119,41,72,104,217
300350201,2,2,25,29
300350202,4,8,31,43
300350203,10,10,35,55
300350204,22,36,109,167
300350205,3,6,26,35
300350206,4,15,53,72
300350301,3,0,1,4
300350302,3,1,1,5
300350303,3,2,4,9
300350304,5,6,1,12
300350305,0,1,4,5
300350401,3,15,7,25
300350402,0,1,7,8
300350403,4,7,25,36
300350404,1,2,1,4
300350405,5,4,12,21
300350406,3,8,4,15
300350407,3,3,20,26
300350408,16,12,6,34
300350409,22,16,7,45
300350410,2,0,6,8
300350411,1,5,6,12
300350412,5,0,1,6
300350413,0,2,1,3
300350414,21,46,30,97
300350501,4,2,20,26
300350502,1,4,11,16
300350503,0,0,4,4
300350504,5,10,18,33
300350505,3,6,4,13
300350506,1,10,3,14
300350507,30,28,7,65
300350601,2,0,3,5
300350602,4,1,2,7
300350603,2,5,12,19
300350604,2,2,5,9
300350605,7,4,13,24
300350606,3,2,11,16
300350701,12,19,22,53
300350702,10,11,9,30
300350703,7,5,7,19
300350704,3,5,13,21
300350705,3,12,9,24
300350706,10,16,11,37
300350801,7,7,10,24
300350802,5,11,13,29
300350803,5,9,14,28
300350804,19,10,12,41
300350805,17,1,9,27
300350901,3,7,14,24
300350902,10,9,15,34
300350903,1,3,6,10
300350904,1,2,2,5
300350905,7,8,14,29
300350906,1,4,4,9
300350907,3,4,1,8
300351001,1,0,0,1
300351002,1,1,2,4
300351003,7,15,6,28
300351004,5,4,4,13
300351005,8,27,50,85
300351006,21,37,31,89
300351007,81,76,36,193
300351101,8,3,7,18
300351102,11,10,15,36
300351103,98,130,121,349
300351104,128,38,26,192
300351105,92,80,30,202
300351106,77,56,1,134
300420101,79,66,75,220
300420102,48,74,128,250
300420103,93,60,52,205
300420104,180,62,29,271
300420105,107,57,31,195
300420106,164,80,13,257
300420107,182,39,27,248
300420108,40,46,96,182
300420109,66,41,22,129
300420110,119,58,33,210
300420111,34,81,118,233
300420112,91,53,36,180
300420201,11,16,27,54
300420202,7,12,48,67
300420203,4,7,33,44
300420204,24,33,76,133
300420205,14,25,41,80
300420206,5,11,56,72
300420301,0,4,20,24
300420302,4,5,54,63
300420303,12,17,42,71
300420304,2,0,5,7
300420305,11,5,22,38
300420401,1,2,12,15
300420402,8,8,9,25
300420403,1,6,6,13
300420404,3,6,38,47
300420405,3,3,2,8
300420406,9,7,9,25
300420501,4,4,9,17
300420502,0,0,12,12
300420503,22,34,46,102
300420504,6,11,24,41
300420601,2,2,1,5
300420602,10,9,6,25
300420603,8,2,23,33
300420604,7,6,5,18
300420605,7,8,1,16
300420701,11,2,7,20
300420702,7,3,2,12
300420703,10,13,18,41
300420704,12,8,63,83
300490101,64,16,9,89
300490102,201,125,32,358
300490103,207,26,13,246
300490104,104,35,7,146
300490105,252,31,5,288
300490106,270,34,13,317
300490107,248,40,6,294
300490108,245,40,8,293
300490109,140,7,0,147
300490110,178,5,0,183
300490111,226,24,1,251
300490112,157,38,1,196
300490113,120,34,0,154
300490114,119,23,1,143
300490201,195,34,7,236
300490202,255,76,7,338
300490203,136,59,9,204
300490204,146,14,6,166
300490205,168,21,6,195
300490206,122,43,13,178
300490207,121,12,3,136
300490208,182,5,0,187
300490209,182,25,12,219
300490210,177,105,38,320
300490211,248,8,1,257
300490212,128,1,0,129
300490213,202,25,1,228
300490214,153,8,1,162
300490215,120,6,1,127
300490216,48,35,21,104
300490217,59,17,6,82
300490218,226,31,6,263
300490219,229,23,1,253
300490220,203,38,34,275
300490221,62,101,41,204
300490222,69,58,36,163
300490301,308,53,16,377
300490302,186,3,1,190
300490303,127,5,1,133
300490304,172,6,0,178
300490305,213,16,0,229
300490306,230,37,13,280
300490307,204,33,16,253
300490308,233,75,18,326
300490309,171,152,33,356
300490310,187,151,37,375
300490311,46,44,44,134
300490312,72,83,87,242
300490401,41,28,61,130
300490402,47,21,31,99
300490403,34,25,27,86
300490404,2,5,10,17
300490405,1,7,9,17
300490406,2,2,3,7
300490407,64,19,21,104
300490408,10,6,23,39
300490409,45,31,50,126
300490410,1,3,0,4
300490411,119,30,13,162
300490412,206,85,58,349
300490413,103,135,74,312
300490414,147,38,36,221
300490415,106,49,37,192
300490416,1,1,1,3
300490417,20,39,23,82
300490501,14,3,6,23
300490502,10,3,1,14
300490503,7,13,16,36
300490504,5,6,4,15
300490505,11,5,6,22
300490506,8,9,2,19
300490507,7,7,13,27
300490508,18,5,11,34
300490509,12,5,18,35
300490510,7,6,24,37
300490511,34,28,51,113
300490512,15,13,20,48
300490513,8,5,3,16
300490601,15,4,8,27
300490602,16,5,0,21
300490603,15,4,2,21
300490604,8,7,0,15
300490605,23,5,3,31
300490606,11,5,6,22
300490607,5,4,1,10
300490608,2,0,1,3
300490609,29,6,2,37
300490610,8,0,4,12
300490611,38,27,47,112
300490701,11,3,3,17
300490702,30,8,3,41
300490703,7,7,5,19
300490704,7,0,0,7
300490705,3,4,4,11
300490706,28,9,2,39
300490707,10,7,2,19
300490708,17,10,5,32
300490709,8,5,1,14
300490710,7,4,0,11
300490711,6,7,2,15
300490712,1,4,7,12
300490801,0,0,6,6
300490802,4,2,20,26
300490803,0,0,24,24
300490804,0,0,27,27
300490805,1,1,26,28
300490806,3,4,36,43
300490807,3,4,3,10
300490901,0,0,13,13
300490902,1,1,35,37
300491001,1,0,0,1
300491002,7,3,0,10
300491003,16,3,1,20
300491004,16,0,2,18
300491005,47,25,5,77
300491006,182,11,1,194
300491007,232,52,13,297
300491008,147,33,2,182
300491009,132,8,0,140
300491010,264,51,6,321
300491011,160,102,35,297
300560101,190,59,42,291
300560102,174,54,19,247
300560103,230,84,31,345
300560104,201,96,8,305
300560105,256,71,22,349
300560106,255,72,24,351
300560107,252,68,46,366
300560108,283,25,9,317
300560109,151,43,22,216
300560110,270,55,36,361
300560111,267,58,5,330
300560112,134,15,0,149
300560113,174,9,0,183
300560114,211,11,0,222
300560115,320,52,8,380
300560116,243,51,14,308
300560117,251,16,6,273
300560118,101,12,0,113
300560119,168,20,2,190
300560120,213,9,0,222
300560121,161,5,0,166
300560122,215,10,0,225
300560201,249,18,4,271
300560202,175,31,18,224
300560203,163,108,69,340
300560204,76,48,24,148
300560205,164,119,84,367
300560206,181,122,48,351
300560207,168,47,8,223
300560208,168,19,8,195
300560209,164,28,7,199
300560210,163,19,3,185
300560211,138,3,0,141
300560212,175,20,2,197
300560213,179,23,4,206
300560214,203,18,7,228
300560215,184,26,10,220
300560216,185,72,12,269
300560217,139,56,18,213
300560218,168,17,1,186
300560219,144,19,0,163
300560220,239,18,1,258
300560221,165,10,0,175
300560301,69,6,0,75
300560302,100,5,0,105
300560303,232,17,0,249
300560304,166,6,1,173
300560305,115,11,1,127
300560306,161,15,2,178
300560307,179,23,1,203
300560308,221,15,5,241
300560309,156,12,0,168
300560310,207,25,1,233
300560311,169,13,2,184
300560312,176,28,2,206
300560313,179,92,38,309
300560314,193,42,20,255
300560315,96,12,2,110
300560316,144,49,4,197
300560317,230,78,15,323
300560318,140,157,15,312
300560319,88,22,8,118
300560401,191,17,1,209
300560402,163,19,4,186
300560403,99,30,1,130
300560404,139,10,1,150
300560405,255,32,2,289
300560406,178,28,9,215
300560407,207,38,6,251
300560408,229,67,16,312
300560409,239,62,22,323
300560410,327,19,4,350
300560411,138,132,9,279
300560412,117,79,63,259
300560413,119,72,49,240
300560414,178,104,64,346
300560415,158,57,69,284
300560416,122,31,46,199
300560417,187,58,37,282
300560418,171,42,32,245
300560501,97,21,19,137
300560502,136,10,3,149
300560503,101,37,5,143
300560504,179,132,2,313
300560505,130,28,32,190
300560506,115,34,4,153
300560507,186,31,13,230
300560508,138,37,46,221
300560509,120,38,21,179
300560510,159,50,32,241
300560511,206,65,19,290
300560512,110,34,34,178
300560513,207,73,20,300
300560601,15,21,24,60
300560602,70,31,19,120
300560603,18,2,3,23
300560604,27,8,10,45
300560605,175,149,28,352
300560606,198,68,31,297
300560607,68,17,14,99
300560608,307,21,9,337
300560609,14,5,4,23
300560610,91,14,9,114
300560611,28,13,25,66
300560612,5,1,13,19
300560701,269,106,5,380
300560702,206,53,69,328
300560703,52,6,5,63
300560704,23,3,2,28
300560705,35,20,30,85
300560706,147,49,72,268
300560707,25,11,17,53
300560801,11,1,4,16
300560802,8,4,0,12
300560803,1,0,0,1
300560804,20,18,6,44
300560805,10,3,1,14
300560806,3,7,1,11
300560807,4,1,1,6
300560808,17,12,25,54
300560809,17,5,4,26
300560810,15,19,9,43
300560811,103,27,22,152
300560812,39,37,24,100
300560901,12,3,4,19
300560902,32,10,1,43
300560903,6,1,0,7
300560904,9,3,0,12
300560905,7,1,0,8
300560906,13,8,1,22
300560907,30,6,5,41
300560908,38,5,5,48
300560909,33,2,1,36
300560910,11,2,2,15
300560911,73,21,24,118
300560912,5,3,0,8
300560913,7,5,3,15
300560914,6,0,0,6
300560915,129,15,3,147
300560916,197,14,1,212
300561001,15,12,17,44
300561002,5,0,0,5
300561003,28,11,4,43
300561004,47,18,5,70
300561005,25,10,2,37
300561006,2,2,1,5
300561007,10,1,0,11
300561008,20,2,1,23
300561009,50,17,8,75
300561010,12,7,0,19
300561011,25,12,15,52
300561101,4,1,0,5
300561102,9,7,0,16
300561103,11,5,1,17
300561104,9,2,3,14
300561105,12,3,0,15
300561106,13,5,2,20
300561107,9,6,4,19
300561108,2,1,4,7
300561109,10,5,0,15
300561110,6,7,6,19
300561111,65,31,12,108
300561201,19,13,39,71
300561202,22,15,12,49
300561203,7,5,13,25
300561204,18,10,14,42
300561205,36,7,3,46
300561206,41,4,8,53
300561207,28,6,4,38
300561208,29,6,6,41
300561209,12,1,3,16
300561301,6,1,0,7
300561302,23,10,12,45
300561303,7,9,4,20
300561304,10,0,1,11
300561305,10,2,0,12
300561306,21,17,13,51
300561307,7,4,7,18
300561308,8,14,8,30
300561309,1,2,3,6
300561310,12,9,3,24
300561401,29,12,8,49
300561402,5,1,4,10
300561403,7,6,4,17
300561404,4,6,5,15
300561405,4,3,11,18
300561406,131,64,26,221
300561501,108,46,18,172
300561502,87,83,30,200
300561503,135,70,10,215
300561504,154,38,5,197
300561505,135,10,1,146
300561506,194,11,1,206
300561507,257,19,2,278
300561508,151,7,0,158
300561509,228,18,6,252
300561510,86,13,6,105
300561511,205,38,12,255
300561512,224,12,2,238
300561513,239,32,9,280
300561601,27,30,8,65
300561602,36,7,4,47
300561603,1,0,0,1
300561604,86,14,5,105
300561605,11,3,2,16
300561701,12,6,3,21
300561702,42,16,6,64
300561703,98,50,6,154
300561704,236,18,3,257
300561705,194,42,8,244
300561706,85,27,15,127
300561707,148,58,12,218
300561708,122,49,2,173
300561709,151,12,2,165
300561710,123,17,12,152
300561711,140,21,10,171
300561712,107,57,7,171
300561801,11,21,1,33
300561802,7,3,0,10
300561803,1,1,6,8
300561804,15,13,1,29
300561805,20,2,3,25
300561806,10,3,6,19
300561807,8,6,2,16
300561808,39,9,15,63
300561809,36,11,30,77
300561810,108,24,14,146
300561811,138,35,8,181
300561812,101,14,9,124
300561813,60,23,9,92
300561814,52,29,6,87
300561815,12,3,2,17
300630101,8,10,12,30
300630102,6,4,13,23
300630103,50,12,38,100
300630104,19,10,14,43
300630105,10,3,20,33
300630106,2,1,8,11
300630107,20,15,13,48
300630108,20,10,11,41
300630109,2,0,4,6
300630110,156,34,70,260
300630111,158,44,39,241
300630201,14,14,9,37
300630202,1,9,5,15
300630203,23,9,31,63
300630204,163,71,31,265
300630205,229,68,24,321
300630206,190,69,26,285
300630207,112,110,44,266
300630301,14,9,20,43
300630302,4,5,8,17
300630303,4,5,19,28
300630304,39,55,80,174
300630401,0,0,3,3
300630402,0,0,1,1
300630403,1,1,4,6
300630404,2,2,1,5
300630405,5,5,3,13
300630406,5,16,28,49
300630407,2,1,10,13
300630408,5,1,10,16
300630409,0,0,14,14
300630410,0,0,1,1
300630411,0,1,2,3
300630412,68,25,85,178
300630413,46,34,176,256
300630501,6,2,15,23
300630502,17,0,22,39
300630503,1,1,6,8
300630504,10,5,17,32
300630505,36,10,27,73
300630506,0,1,6,7
300630507,5,9,17,31
300630508,30,25,66,121
300630509,24,5,23,52
300630510,1,2,6,9
300630511,3,1,9,13
300630512,11,4,33,48
300630513,2,0,2,4
300630514,0,0,1,1
300700101,82,7,9,98
300700102,152,7,1,160
300700103,115,24,6,145
300700104,67,58,38,163
300700105,70,45,65,180
300700106,74,79,88,241
300700107,156,34,13,203
300700108,183,28,13,224
300700109,202,30,16,248
300700110,116,31,33,180
300700111,110,36,51,197
300700112,146,21,2,169
300700113,174,65,31,270
300700114,152,119,89,360
300700115,213,69,29,311
300700201,124,83,47,254
300700202,94,83,19,196
300700203,70,124,43,237
300700204,43,75,98,216
300700205,27,52,76,155
300700206,75,117,53,245
300700207,55,42,37,134
300700208,31,44,64,139
300700209,44,82,79,205
300700210,34,88,92,214
300700301,1,0,4,5
300700302,23,24,12,59
300700303,119,73,37,229
300700304,129,73,24,226
300700305,19,44,44,107
300700306,15,8,16,39
300700307,12,14,26,52
300700308,181,47,9,237
300700309,99,13,10,122
300700310,199,60,9,268
300700311,91,38,19,148
300700312,14,36,20,70
300700313,9,7,13,29
300700314,3,4,2,9
300700401,8,12,34,54
300700402,10,11,12,33
300700403,3,0,2,5
300700404,2,6,7,15
300700405,5,4,16,25
300700406,19,41,27,87
300700407,6,12,25,43
300700408,13,7,48,68
300700409,10,11,10,31
300700410,1,0,2,3
300700411,10,11,28,49
300700412,5,6,3,14
300700413,9,12,14,35
300700414,11,5,21,37
300700415,10,18,30,58
300700416,5,6,9,20
300700501,12,11,13,36
300700502,5,5,21,31
300700503,10,11,15,36
300700504,2,3,5,10
300700505,27,6,12,45
300700506,23,6,12,41
300700507,14,9,16,39
300700508,1,4,2,7
300700509,2,13,9,24
300700510,17,53,61,131
300700511,53,84,59,196
300700601,2,3,3,8
300700602,4,4,3,11
300700603,2,6,2,10
300700604,8,5,7,20
300700605,0,3,2,5
300700606,2,1,3,6
300700607,16,1,2,19
300700608,7,25,35,67
300700609,4,10,11,25
300700701,6,27,21,54
300700702,2,5,8,15
300700703,5,9,35,49
300700704,7,2,11,20
300700705,11,7,11,29
300700706,9,9,28,46
300700801,3,2,8,13
300700802,1,3,7,11
300700803,8,6,12,26
300700804,3,1,12,16
300700805,9,3,4,16
300700806,8,9,4,21
300700807,7,6,2,15
300700808,2,4,5,11
300700809,6,3,3,12
300700810,53,32,46,131
300700901,12,13,8,33
300700902,1,6,3,10
300700903,35,21,12,68
300700904,7,12,9,28
300700905,5,13,5,23
300700906,1,1,3,5
300700907,31,16,16,63
300700908,14,4,12,30
300700909,11,28,37,76
300701001,0,0,1,1
300701002,3,2,4,9
300701003,16,34,41,91
300701004,32,74,86,192
300701005,23,73,106,202
300701006,92,23,8,123
300701007,103,39,10,152
300701008,151,101,50,302
300701009,94,116,58,268
300701010,157,110,25,292
300701011,108,57,21,186
300701101,129,50,11,190
300701102,84,39,34,157
300701103,103,72,33,208
300701104,119,133,50,302
300701105,42,66,35,143
300701106,177,150,7,334
300701107,115,97,9,221
300701108,149,57,5,211
300701109,84,103,23,210
300701110,162,160,15,337
300701111,57,118,126,301
300701112,4,14,69,87
300701201,9,20,54,83
300701202,8,3,10,21
300701203,6,10,4,20
300701204,13,24,31,68
300701205,14,5,6,25
300701206,5,10,12,27
300701207,17,13,9,39
300701208,19,4,0,23
300701209,15,12,7,34
300701210,10,2,9,21
300701211,0,0,0,0
300701212,56,19,5,80
300701213,174,97,33,304
300701301,42,10,14,66
300701302,41,32,20,93
300701303,14,2,9,25
300701304,13,15,16,44
300701305,5,0,7,12
300701306,7,3,6,16
300701307,11,4,7,22
300701308,26,19,12,57
300701309,58,86,24,168
300701310,67,31,16,114
300701311,85,59,25,169
300701312,53,71,28,152
300701401,6,3,3,12
300701402,2,5,10,17
300701403,7,6,1,14
300701404,6,10,0,16
300701405,84,142,63,289
300701406,128,67,17,212
300701407,84,81,37,202
300701408,67,105,63,235
300701409,118,69,24,211
300701410,154,40,5,199
300701411,281,76,7,364
300701412,161,69,14,244
300701413,143,141,27,311
300701501,0,0,3,3
300770101,39,35,43,117
300770102,219,31,16,266
300770103,132,30,14,176
300770104,120,52,22,194
300770105,99,70,51,220
300770106,144,28,14,186
300770107,171,36,5,212
300770108,150,27,5,182
300770109,171,45,6,222
300770110,249,62,17,328
300770111,107,35,5,147
300770112,27,44,27,98
300770113,231,45,24,300
300770114,264,9,0,273
300770115,216,17,0,233
300770201,183,32,6,221
300770202,253,22,8,283
300770203,82,35,11,128
300770204,167,25,9,201
300770205,205,8,1,214
300770206,124,34,27,185
300770207,183,37,12,232
300770208,190,12,0,202
300770209,111,53,24,188
300770210,149,58,35,242
300770211,178,44,16,238
300770212,55,34,12,101
300770213,172,85,3,260
300770214,103,62,17,182
300770215,141,60,7,208
300770216,141,128,37,306
300770217,27,56,26,109
300770301,12,2,4,18
300770302,36,14,25,75
300770303,10,4,5,19
300770304,42,11,30,83
300770305,54,23,23,100
300770306,16,14,46,76
300770401,6,0,7,13
300770402,13,1,6,20
300770403,18,4,14,36
300770404,12,8,7,27
300770405,21,11,17,49
300770406,8,1,18,27
300770407,9,6,13,28
300770408,2,4,29,35
300770409,6,3,6,15
300770410,8,6,17,31
300770411,11,0,14,25
300770412,4,4,7,15
300770413,0,0,1,1
300770414,15,6,19,40
300770415,8,3,12,23
300770416,9,3,20,32
300770417,11,1,3,15
300770501,10,5,17,32
300770502,3,1,1,5
300770503,9,7,7,23
300770504,9,1,8,18
300770505,18,9,19,46
300770506,17,11,11,39
300770507,7,7,27,41
300770508,10,2,7,19
300770509,4,0,3,7
300770510,14,8,10,32
300770511,4,3,3,10
300770512,2,2,1,5
300770513,14,4,10,28
300770514,8,1,24,33
300770515,6,4,10,20
300770516,23,8,19,50
300770517,12,2,15,29
300770518,4,1,15,20
300770519,0,0,7,7
300770601,32,10,4,46
300770602,9,0,2,11
300770603,21,7,12,40
300770604,3,1,1,5
300770605,30,5,10,45
300770606,8,5,25,38
300770607,12,11,10,33
300770608,5,2,7,14
300770609,5,1,11,17
300770610,14,5,11,30
300770611,9,4,6,19
300770612,39,33,23,95
300770613,4,0,1,5
300770701,40,5,1,46
300770702,17,7,6,30
300770703,8,3,5,16
300770704,15,1,2,18
300770705,18,3,3,24
300770706,153,60,19,232
300770707,178,66,10,254
300770708,4,4,1,9
300770709,16,4,5,25
300770710,12,3,5,20
300770711,3,0,4,7
300770801,59,22,7,88
300770802,101,31,8,140
300770803,109,33,4,146
300770804,133,28,6,167
300770805,22,3,6,31
300770806,31,12,18,61
300770807,3,0,3,6
300770901,9,3,9,21
300770902,8,1,1,10
300770903,18,4,3,25
300770904,19,11,16,46
300770905,4,2,2,8
300770906,48,19,26,93
300770907,7,3,10,20
300770908,5,5,13,23
300771001,12,3,12,27
300771002,17,3,11,31
300771003,3,0,11,14
300771004,2,3,4,9
300771005,4,0,9,13
300771006,2,0,2,4
300771101,19,6,8,33
300771102,15,5,0,20
300771103,21,18,20,59
300771104,16,2,5,23
300771105,8,2,10,20
300771106,6,2,0,8
300771107,2,1,0,3
300771108,10,5,5,20
300771109,18,3,5,26
300771110,18,8,7,33
300771111,3,3,19,25
300771112,20,4,11,35
300771113,23,3,9,35
300771114,13,4,14,31
300771115,10,7,3,20
300771201,175,63,56,294
300771202,87,18,16,121
300771203,181,9,6,196
300771204,169,11,14,194
300771205,157,31,7,195
300771206,110,39,20,169
300771207,177,39,19,235
300771208,23,6,6,35
300771209,17,7,5,29
300771210,4,1,8,13
300771211,7,0,3,10
300771212,1,0,10,11
300771213,0,0,2,2
300840101,100,126,40,266
300840102,108,94,41,243
300840103,69,24,11,104
300840104,65,130,94,289
300840105,88,111,69,268
300840106,67,59,50,176
300840107,53,45,80,178
300840108,98,172,95,365
300840109,32,59,22,113
300840110,102,49,25,176
300840111,105,114,118,337
300840112,92,118,90,300
300840113,99,136,87,322
300840114,153,161,73,387
300840201,84,88,34,206
300840202,150,18,0,168
300840203,218,10,0,228
300840204,157,34,1,192
300840205,292,29,0,321
300840206,146,38,1,185
300840207,145,17,6,168
300840208,126,131,19,276
300840209,167,54,3,224
300840210,109,17,0,126
300840211,133,56,2,191
300840212,229,17,1,247
300840213,237,11,0,248
300840214,127,14,3,144
300840215,219,28,1,248
300840216,157,93,38,288
300840217,193,57,1,251
300840218,186,52,0,238
300840219,172,32,0,204
300840220,175,26,0,201
300840221,175,21,6,202
300840222,147,16,0,163
300840223,151,15,0,166
300840224,143,11,0,154
300840301,223,80,7,310
300840302,95,132,61,288
300840303,172,47,6,225
300840304,152,56,12,220
300840305,150,144,94,388
300840306,212,33,13,258
300840307,184,23,2,209
300840308,210,3,0,213
300840309,220,36,3,259
300840310,209,80,4,293
300840311,220,31,1,252
300840312,173,26,2,201
300840313,125,24,5,154
300840314,263,39,1,303
300840315,123,14,4,141
300840316,136,49,1,186
300840317,185,28,1,214
300840318,342,70,0,412
300840319,94,11,0,105
300840320,158,59,0,217
300840321,162,8,0,170
300840322,105,4,0,109
300840323,158,6,0,164
300840401,85,137,76,298
300840402,43,92,112,247
300840403,95,16,1,112
300840404,278,49,9,336
300840405,169,65,36,270
300840406,116,76,6,198
300840407,96,70,6,172
300840408,112,110,4,226
300840409,184,95,36,315
300840410,113,103,19,235
300840411,225,102,42,369
300840412,209,64,10,283
300840413,129,84,5,218
300840414,195,82,2,279
300840415,208,125,45,378
300840416,203,122,16,341
300840417,239,76,9,324
300840418,154,70,38,262
300840419,79,55,3,137
300840420,124,88,0,212
300840421,198,35,1,234
300840501,273,66,4,343
300840502,131,97,7,235
300840503,112,74,43,229
300840504,192,124,6,322
300840505,287,141,41,469
300840506,128,61,5,194
300840507,149,68,3,220
300840508,139,135,11,285
300840509,136,40,5,181
300840510,140,79,3,222
300840511,90,71,7,168
300840512,212,104,0,316
300840513,207,2,0,209
300840514,277,77,1,355
300840515,172,17,5,194
300840516,213,129,9,351
300840517,160,97,8,265
300840518,148,64,15,227
300840519,135,61,9,205
300840520,136,105,9,250
300840521,141,55,6,202
300840522,258,73,2,333
300840523,199,134,12,345
300840524,215,108,1,324
300840601,273,50,0,323
300840602,93,11,0,104
300840603,149,35,0,184
300840604,243,53,1,297
300840605,152,53,0,205
300840606,142,48,0,190
300840607,145,33,0,178
300840608,231,87,0,318
300840609,98,34,1,133
300840610,64,14,0,78
300840611,93,22,0,115
300840612,144,69,20,233
300840613,132,25,2,159
300840614,139,25,1,165
300840615,204,54,0,258
300840616,237,44,2,283
300840617,237,38,1,276
300840618,186,50,4,240
300840619,221,49,3,273
300840620,286,43,1,330
300840621,200,59,3,262
300840622,164,45,3,212
300840623,163,93,7,263
300840701,160,50,71,281
300840702,203,36,1,240
300840703,101,8,0,109
300840704,69,23,0,92
300840705,123,24,0,147
300840706,192,9,0,201
300840707,117,33,0,150
300840708,230,73,1,304
300840709,256,108,3,367
300840710,248,65,0,313
300840711,294,53,5,352
300840712,257,52,3,312
300840713,78,162,62,302
300840714,194,120,37,351
300840715,209,63,26,298
300840801,142,42,3,187
300840802,189,96,4,289
300840803,129,58,2,189
300840804,183,114,19,316
300840805,208,119,41,368
300840806,118,141,28,287
300840807,245,70,2,317
300840808,139,35,3,177
300840809,147,75,4,226
300840810,164,111,9,284
300840811,227,60,2,289
300840812,152,67,14,233
300840813,4,4,0,8
300840814,209,76,11,296
300840815,183,96,7,286
300840816,60,156,51,267
300840817,108,100,48,256
300840818,254,77,3,334
300840819,233,86,31,350
300840820,247,55,1,303
300840821,288,77,3,368
300840822,236,96,4,336
300840823,122,39,8,169
300840901,212,94,3,309
300840902,214,59,2,275
300840903,93,42,0,135
300840904,197,72,11,280
300840905,125,26,2,153
300840906,189,31,7,227
300840907,278,130,16,424
300840908,101,30,0,131
300840909,136,148,34,318
300840910,164,62,4,230
300840911,211,82,1,294
300840912,199,51,10,260
300840913,240,110,4,354
300840914,206,67,16,289
300840915,76,47,8,131
300840916,147,96,7,250
300840917,190,160,1,351
300841001,208,58,2,268
300841002,107,117,22,246
300841003,169,86,2,257
300841004,108,61,4,173
300841005,123,72,5,200
300841006,122,56,2,180
300841007,194,41,5,240
300841008,189,94,10,293
300841009,211,81,8,300
300841010,143,65,4,212
300841011,179,93,9,281
300841012,121,101,8,230
300841013,136,78,5,219
300841014,265,64,11,340
300841015,238,61,8,307
300841016,101,94,2,197
300841017,224,85,9,318
300841018,158,87,9,254
300841019,97,42,14,153
300841020,187,119,12,318
300841021,168,91,16,275
300841101,73,27,6,106
300841102,147,84,5,236
300841103,162,136,12,310
300841104,160,63,15,238
300841105,33,70,15,118
300841106,98,114,63,275
300841107,183,119,21,323
300841108,148,76,10,234
300841109,57,12,1,70
300841110,342,38,6,386
300841111,129,97,36,262
300841112,135,40,11,186
300841113,46,75,36,157
300841114,123,109,71,303
300841201,53,22,4,79
300841202,159,18,2,179
300841203,27,13,6,46
300841204,36,8,4,48
300841205,141,71,8,220
300841206,51,8,6,65
300841207,187,41,0,228
300841208,22,10,23,55
300841209,29,16,9,54
300841210,51,72,10,133
300841211,114,27,27,168
300841212,3,1,3,7
300841301,164,75,32,271
300841302,66,60,62,188
300841303,18,12,14,44
300841304,102,56,23,181
300841305,22,18,1,41
300841306,56,76,25,157
300841307,14,45,98,157
300841401,155,89,7,251
300841402,219,131,4,354
300841403,182,105,6,293
300841404,125,150,49,324
300841405,93,140,57,290
300841406,231,139,13,383
300841407,209,147,9,365
300841408,157,70,7,234
300841409,163,115,2,280
300841410,170,82,7,259
300841411,164,115,18,297
300841412,207,115,18,340
300841413,105,45,6,156
300841414,184,120,19,323
300841415,95,25,1,121
300841416,149,111,29,289
300841417,128,147,51,326
300841501,195,57,8,260
300841502,102,25,7,134
300841503,262,118,14,394
300841504,208,57,3,268
300841505,62,70,6,138
300841506,205,70,9,284
300841507,169,146,29,344
300841508,274,68,1,343
300841509,141,35,14,190
300841510,155,91,6,252
300841511,122,36,0,158
300841512,267,51,9,327
300841513,3,1,0,4
300841601,129,88,64,281
300841602,163,62,3,228
300841603,207,71,8,286
300841604,176,42,2,220
300841605,156,35,1,192
300841606,224,46,5,275
300841607,199,109,5,313
300841608,211,109,15,335
300841609,193,40,2,235
300841610,203,52,19,274
300841611,238,65,10,313
300841701,4,23,84,111
300841702,88,122,47,257
300841703,96,136,13,245
300841704,142,106,14,262
300841705,142,75,7,224
300841706,86,59,6,151
300841707,196,137,9,342
300841708,160,59,32,251
300841709,199,54,5,258
300841710,225,54,2,281
300841711,129,100,15,244
300841712,164,48,2,214
300841713,163,95,13,271
300841714,105,180,88,373
300841715,74,95,70,239
300841716,63,69,70,202
300841717,47,87,63,197
300841718,71,95,5,171
300841719,66,191,79,336
300841801,11,3,14,28
300841802,71,106,78,255
300841803,50,48,27,125
300841804,39,23,32,94
300841901,18,5,3,26
300841902,6,2,2,10
300841903,2,2,0,4
300841904,0,4,0,4
300841905,47,80,27,154
300841906,65,46,7,118
300841907,28,36,16,80
300841908,4,9,2,15
300841909,46,45,12,103
300841910,74,56,13,143
300841911,89,32,7,128
300841912,40,8,1,49
300842001,6,1,3,10
300842002,49,16,6,71
300842003,33,21,2,56
300842004,11,35,0,46
300842005,16,6,2,24
300842006,13,7,4,24
300842007,16,8,2,26
300842101,114,137,56,307
300842102,56,49,12,117
300842103,97,41,15,153
300842104,69,62,21,152
300842105,39,47,24,110
300842106,156,184,98,438
300842107,130,84,13,227
300842108,153,87,7,247
300842201,53,83,20,156
300842202,48,51,26,125
300842203,14,34,6,54
300842204,19,57,17,93
300842205,20,37,15,72
300842206,133,66,8,207
300842207,19,14,4,37
300842208,10,4,6,20
300842301,5,1,1,7
300842302,24,35,8,67
300842303,4,1,0,5
300842304,11,6,2,19
300842305,144,61,3,208
300842306,203,37,2,242
300842307,123,31,0,154
300842308,252,55,6,313
300842309,212,60,5,277
300842310,194,32,3,229
300842311,38,12,2,52
300842401,38,7,1,46
300842402,16,1,6,23
300842403,39,14,13,66
300842404,26,5,5,36
300842405,41,8,2,51
300842406,21,6,4,31
300842407,56,12,6,74
300842408,5,2,7,14
300842409,182,43,8,233
300842501,2,1,3,6
300842502,2,2,3,7
300842503,8,17,14,39
300842504,13,9,14,36
300842505,5,4,23,32
300842506,152,55,0,207
300842507,78,102,61,241
300842508,193,94,38,325
300842509,136,94,37,267
300842510,170,34,11,215
300842511,175,45,8,228
300842512,71,11,0,82
300842601,1,0,6,7
300842602,2,2,2,6
300842603,3,1,2,6
300842604,2,1,8,11
300842605,11,2,1,14
300842606,3,3,4,10
300842607,10,10,6,26
300842608,9,2,2,13
300842609,20,14,16,50
300842610,13,10,7,30
300842611,14,4,0,18
300842612,6,7,6,19
300842613,30,1,3,34
300842614,5,3,1,9
300842615,41,48,19,108
300842616,55,28,15,98
300842701,8,6,4,18
300842702,10,8,4,22
300842703,165,37,0,202
300842704,200,72,6,278
300842705,191,77,3,271
300842706,38,64,9,111
300842707,190,111,5,306
300842708,136,74,12,222
300842801,33,27,27,87
300842802,2,0,6,8
300842803,15,6,3,24
300842804,4,1,1,6
300842805,13,2,2,17
300842806,11,5,6,22
300842807,4,1,5,10
300842808,7,3,11,21
300842809,3,6,16,25
300842810,2,1,15,18
300842811,0,2,12,14
300842812,2,8,14,24
300842813,9,3,7,19
300842901,3,3,0,6
300842902,3,5,1,9
300842903,5,4,3,12
300842904,5,5,2,12
300842905,5,0,2,7
300842906,6,1,4,11
300842907,2,1,1,4
300842908,0,2,0,2
300842909,5,2,5,12
300842910,94,51,52,197
300843001,8,10,6,24
300843002,15,22,12,49
300843003,11,9,3,23
300843004,6,0,1,7
300843005,45,32,0,77
300843006,118,86,2,206
300843007,149,44,1,194
300843008,86,60,0,146
300843009,90,47,1,138
300843010,79,38,2,119
300843011,104,44,0,148
300843012,227,44,1,272
300843013,177,44,0,221
300843014,33,18,6,57
300843101,17,3,1,21
300843102,13,14,7,34
300843103,5,2,5,12
300843104,4,0,1,5
300843105,5,4,7,16
300843106,7,4,2,13
300843107,16,6,33,55
300843108,12,0,2,14
300843109,12,8,10,30
300843110,16,1,11,28
300843111,6,5,2,13
300843112,26,7,2,35
300843113,16,3,9,28
300843114,6,0,10,16
300843115,39,36,22,97
300843116,85,15,7,107
300843201,14,2,6,22
300843202,42,10,10,62
300843203,30,6,6,42
300843204,18,8,20,46
300843205,74,21,13,108
300843206,48,25,19,92
300843207,35,16,17,68
300843208,14,4,15,33
300843209,90,52,15,157
300843210,16,12,3,31
300843211,32,6,4,42
300843212,69,25,3,97
300843213,67,6,4,77
300843301,3,5,2,10
300843302,14,6,4,24
300843303,10,2,4,16
300843304,7,0,0,7
300843305,40,26,20,86
300843306,183,104,13,300
300843307,183,115,26,324
300843308,292,77,6,375
300843309,75,96,43,214
300843310,33,55,10,98
300843311,67,44,13,124
300843312,162,50,4,216
300843313,132,73,10,215
300843314,227,79,11,317
300843401,3,1,0,4
300843402,9,3,4,16
300843403,3,3,2,8
300843404,3,3,6,12
300843405,2,2,7,11
300843406,0,0,0,0
300843407,14,20,15,49
300843408,29,11,9,49
300843409,3,6,8,17
300843410,9,2,6,17
300843411,6,2,6,14
300843412,23,10,14,47
300843413,12,2,8,22
300843414,23,3,6,32
300843415,47,15,13,75
300843416,53,49,43,145
300843501,7,3,2,12
300843502,3,6,4,13
300843503,10,4,4,18
300843504,5,3,0,8
300843505,8,1,7,16
300843506,65,40,19,124
300843507,62,44,11,117
300843508,69,56,10,135
300843601,12,4,0,16
300843602,13,1,6,20
300843603,11,11,4,26
300843604,11,3,5,19
300843701,116,52,15,183
300843702,82,50,15,147
300843703,67,35,12,114
300843704,290,57,8,355
300843705,149,27,5,181
300843706,161,43,8,212
300843707,157,23,2,182
300843708,102,25,3,130
300843709,134,8,0,142
300843710,124,63,18,205
300843711,156,86,5,247
300843712,58,85,25,168
300843713,101,36,5,142
300843714,171,73,17,261
300843715,19,1,2,22
300843801,2,1,1,4
300843802,9,0,5,14
300843803,5,7,2,14
300843804,6,7,2,15
300843805,26,3,4,33
300843806,5,7,0,12
300843807,17,7,1,25
300843808,11,11,4,26
300843809,10,4,0,14
300843901,23,6,6,35
300843902,12,10,4,26
300843903,35,12,4,51
300843904,27,3,5,35
300843905,6,1,2,9
300843906,6,0,1,7
300843907,11,3,0,14
300843908,24,2,4,30
300843909,20,5,1,26
300844001,41,3,4,48
300844002,8,4,10,22
300844003,20,2,1,23
300844004,39,5,6,50
300844005,20,4,0,24
300844006,10,2,1,13
300844007,21,5,1,27
300844008,31,5,4,40
300844009,31,7,3,41
300844101,6,1,0,7
300844102,6,4,5,15
300844103,14,2,3,19
300844104,14,3,1,18
300844105,185,90,7,282
300844106,165,95,10,270
300844107,2,0,0,2
300844108,219,74,23,316
300844109,154,29,16,199
300844110,108,39,6,153
300844201,6,2,0,8
300844202,37,4,4,45
300844203,10,4,2,16
300844204,23,20,5,48
300844205,9,3,2,14
300844206,5,2,3,10
300844207,14,3,5,22
300844208,13,2,4,19
300844209,27,7,7,41
300844301,252,52,17,321
300844302,165,20,5,190
300844303,202,37,4,243
300844304,162,38,1,201
300844305,220,32,3,255
300844306,234,23,5,262
300844307,239,27,2,268
300844308,168,30,5,203
300844309,310,43,8,361
300844310,114,27,3,144
300844311,140,22,24,186
300844312,178,20,3,201
300844313,164,18,2,184
300844401,254,22,9,285
300844402,78,7,0,85
300844403,288,67,3,358
300844404,233,105,5,343
300844405,126,12,0,138
300844406,152,35,6,193
300844407,252,32,6,290
300844408,239,40,5,284
300844409,86,36,10,132
300844410,194,52,16,262
300844411,163,24,17,204
300844501,27,5,1,33
300844502,23,2,5,30
300844503,24,9,6,39
300844504,38,4,7,49
300844505,39,8,3,50
300844506,27,2,4,33
300844507,122,16,3,141
300844508,119,4,1,124
300844509,39,14,2,55
300844510,108,8,4,120
300844511,21,9,3,33
300844601,0,0,17,17
300880101,223,24,12,259
300880102,236,25,6,267
300880103,261,69,22,352
300880104,201,32,8,241
300880105,203,14,4,221
300880106,207,50,13,270
300880107,138,66,18,222
300880201,17,7,28,52
300880202,9,15,14,38
300880203,17,16,18,51
300880204,116,114,26,256
300880205,149,145,81,375
300880206,164,149,14,327
300880207,270,42,2,314
300880208,176,97,34,307
300880209,92,68,29,189
300880210,37,54,16,107
300880301,71,38,20,129
300880302,3,5,4,12
300880303,3,1,2,6
300880304,53,46,2,101
300880305,75,52,25,152
300880306,112,101,15,228
300880307,125,29,5,159
300880308,93,47,14,154
300880401,3,2,0,5
300880402,5,8,10,23
300880403,4,2,2,8
300880404,6,6,3,15
300880405,8,8,17,33
300880501,8,10,2,20
300880502,1,4,0,5
300880503,5,6,3,14
300880504,7,7,9,23
300880601,1,1,0,2
300880602,6,0,5,11
300880603,2,3,2,7
300880604,7,3,1,11
300880605,0,1,0,1
300880606,5,1,2,8
300880701,22,9,2,33
300880702,12,3,2,17
300880703,5,2,0,7
300880704,14,4,5,23
300880705,2,2,0,4
300880706,10,10,1,21
300880707,22,5,3,30
300910101,51,73,144,268
300910102,158,61,68,287
300910103,272,80,20,372
300910104,227,11,3,241
300910105,179,15,1,195
300910106,176,9,0,185
300910107,145,18,14,177
300910108,137,69,39,245
300910109,198,56,24,278
300910110,113,50,17,180
300910111,181,8,1,190
300910112,118,35,12,165
300910113,85,89,29,203
300910114,14,29,12,55
300910115,89,45,37,171
300910116,250,53,14,317
300910117,151,34,11,196
300910118,81,85,70,236
300910201,0,2,7,9
300910202,2,0,8,10
300910203,23,10,18,51
300910204,0,2,23,25
300910205,21,8,17,46
300910206,4,2,0,6
300910207,26,12,12,50
300910208,52,27,23,102
300910209,3,3,14,20
300910301,6,3,6,15
300910302,49,26,20,95
300910303,10,5,5,20
300910304,27,12,21,60
300910305,6,11,11,28
300910306,10,5,16,31
300910307,21,18,10,49
300910308,6,1,2,9
300910309,15,4,5,24
300910401,0,1,0,1
300910402,9,4,3,16
300910403,12,14,11,37
300910404,15,4,18,37
300910405,9,4,4,17
300910406,6,1,4,11
300910407,4,1,8,13
300910501,111,69,35,215
300910502,216,26,8,250
300910503,165,55,6,226
300910504,144,64,21,229
300910505,130,8,0,138
300910506,229,43,22,294
300910507,201,52,5,258
300910508,63,87,71,221
300910509,28,10,17,55
300910510,18,4,3,25
300910511,5,3,3,11
300910512,5,0,6,11
300910601,9,1,8,18
300910602,7,2,2,11
300910603,6,0,0,6
300910604,6,1,11,18
300910605,7,1,1,9
300910606,102,23,30,155
300910701,6,4,4,14
300910702,54,13,7,74
300910703,11,5,2,18
300910704,4,0,1,5
300910705,2,0,5,7
300910706,0,1,5,6
300910801,4,0,9,13
300910802,9,5,3,17
300910803,8,1,2,11
300910804,3,1,1,5
300910805,4,3,3,10
300910806,4,0,4,8
300910807,6,3,0,9
300910808,44,15,6,65
300910901,6,5,3,14
300910902,2,3,0,5
300910903,19,9,7,35
300910904,5,1,3,9
300910905,2,4,17,23
300910906,1,1,2,4
300911001,107,20,7,134
300911002,136,49,3,188
300911003,86,72,12,170
300911004,145,53,3,201
300911005,50,25,14,89
300911101,6,0,3,9
300911102,2,3,11,16
300911103,4,2,6,12
300911104,3,2,2,7
300911105,24,9,17,50
300911106,15,5,2,22
300980101,133,144,44,321
300980102,193,42,23,258
300980103,143,47,31,221
300980104,202,34,16,252
300980105,211,28,22,261
300980106,230,74,35,339
300980107,144,49,20,213
300980108,165,53,24,242
300980109,241,77,19,337
300980110,269,24,20,313
300980111,163,63,60,286
300980112,283,32,15,330
300980113,341,16,8,365
300980114,192,13,2,207
300980115,234,19,1,254
300980116,284,80,40,404
300980117,234,37,9,280
300980118,213,17,5,235
300980119,139,64,11,214
300980120,119,33,4,156
300980201,226,35,17,278
300980202,209,55,32,296
300980203,240,30,11,281
300980204,203,73,10,286
300980205,288,17,1,306
300980206,120,18,2,140
300980207,181,17,6,204
300980208,211,33,23,267
300980209,183,64,44,291
300980210,193,27,17,237
300980211,170,66,85,321
300980212,197,36,85,318
300980213,180,20,6,206
300980214,229,23,21,273
300980215,206,13,11,230
300980301,146,9,3,158
300980302,193,5,2,200
300980303,324,8,0,332
300980304,301,18,1,320
300980305,257,20,3,280
300980306,192,10,0,202
300980307,221,8,0,229
300980308,189,16,0,205
300980309,183,12,0,195
300980310,180,6,0,186
300980311,45,10,0,55
300980312,161,13,0,174
300980313,131,1,0,132
300980314,178,11,2,191
300980315,132,10,0,142
300980316,248,17,3,268
300980317,128,7,0,135
300980318,203,7,3,213
300980401,157,15,2,174
300980402,192,12,0,204
300980403,229,19,3,251
300980404,162,13,2,177
300980405,147,1,0,148
300980406,173,10,0,183
300980407,132,3,0,135
300980408,170,8,1,179
300980409,175,23,2,200
300980410,145,73,44,262
300980411,210,26,17,253
300980412,189,12,7,208
300980413,254,25,14,293
300980414,178,49,15,242
300980415,163,5,2,170
300980416,207,9,0,216
300980417,212,16,1,229
300980418,152,60,33,245
300980419,102,22,32,156
300980420,138,17,4,159
300980421,164,9,1,174
300980501,33,9,18,60
300980502,82,35,27,144
300980503,17,15,15,47
300980504,46,121,66,233
300980505,9,2,15,26
300980506,149,56,39,244
300980507,81,38,103,222
300980508,146,124,36,306
300980509,131,148,73,352
300980510,209,35,2,246
300980511,262,58,1,321
300980512,211,34,9,254
300980513,167,37,18,222
300980514,47,12,8,67
300980601,6,3,2,11
300980602,38,9,8,55
300980603,48,18,18,84
300980604,28,6,2,36
300980605,132,45,46,223
300980606,159,70,117,346
300980607,114,94,56,264
300980608,286,38,6,330
300980609,111,14,3,128
300980610,157,45,23,225
300980611,209,54,46,309
300980612,20,7,7,34
300980613,24,9,0,33
300980614,35,13,18,66
300980701,332,31,0,363
300980702,76,14,0,90
300980703,220,19,6,245
300980704,151,30,5,186
300980705,46,35,5,86
300980706,155,14,0,169
300980707,225,48,3,276
300980708,177,10,0,187
300980709,177,18,10,205
300980710,179,9,5,193
300980711,152,16,3,171
300980712,127,18,3,148
300980713,145,38,13,196
300980714,101,41,31,173
300980715,120,72,26,218
300980716,52,30,20,102
300980801,6,1,5,12
300980802,4,8,2,14
300980803,2,3,1,6
300980804,9,2,1,12
300980805,13,8,0,21
300980901,2,4,4,10
300980902,7,2,0,9
300980903,74,32,29,135
300980904,0,0,1,1
300980905,4,2,1,7
300980906,31,12,4,47
300980907,79,18,15,112
300980908,39,36,26,101
300980909,16,3,3,22
300980910,20,9,4,33
300980911,8,0,4,12
300980912,59,12,4,75
300980913,45,19,18,82
300980914,17,24,13,54
300980915,14,4,0,18
300980916,10,2,1,13
300980917,17,2,0,19
300981001,186,27,9,222
300981002,180,29,7,216
300981003,28,8,2,38
300981004,16,4,4,24
300981005,36,8,3,47
300981006,10,0,1,11
300981007,6,1,0,7
300981101,76,31,10,117
300981102,49,51,17,117
300981103,67,45,14,126
300981104,43,44,10,97
300981105,9,3,4,16
300981106,8,2,0,10
300981201,5,4,1,10
300981202,3,2,1,6
300981203,7,4,2,13
300981204,4,2,0,6
300981205,4,3,1,8
300981206,4,3,0,7
300981301,8,0,4,12
300981302,1,1,0,2
300981303,4,10,0,14
300981304,2,3,0,5
300981305,11,2,0,13
300981306,16,5,2,23
300981307,36,6,1,43
300981308,15,1,0,16
300981309,89,33,18,140
300981310,118,26,9,153
300981311,104,18,8,130
300981312,44,13,1,58
300981313,13,7,1,21
300981314,16,2,0,18
300981401,22,2,10,34
300981402,24,2,6,32
300981403,24,7,6,37
300981404,6,0,0,6
300981405,183,38,19,240
300981406,18,2,17,37
300981407,10,8,8,26
300981408,12,0,2,14
300981409,233,60,27,320
300981410,78,10,4,92
300981411,79,9,6,94
300981412,12,5,3,20
300981413,28,7,13,48
300981414,40,7,4,51
300981415,18,8,1,27
300981416,20,6,8,34
300981501,26,6,3,35
300981502,61,11,9,81
300981503,119,81,48,248
300981504,80,31,22,133
300981505,28,3,2,33
300981506,10,7,2,19
300981507,26,8,5,39
300981508,29,13,2,44
300981509,51,5,0,56
300981510,97,45,4,146
300981511,161,32,2,195
300981512,100,18,6,124
300981513,98,17,3,118
300981514,6,5,2,13
300981515,10,4,2,16
300981516,23,6,2,31
300981601,4,1,0,5
300981602,9,1,0,10
300981603,34,8,8,50
300981604,17,15,16,48
300981605,73,11,2,86
300981606,39,0,1,40
300981701,18,7,3,28
300981702,57,26,20,103
300981703,50,31,20,101
300981704,53,35,20,108
300981705,17,4,10,31
300981706,10,1,0,11
300981707,5,7,1,13
300981708,12,8,3,23
300981709,14,9,1,24
300981801,0,0,3,3
300981802,0,4,8,12
301050101,109,56,29,194
301050102,62,51,40,153
301050103,100,47,27,174
301050104,108,82,63,253
301050105,84,30,10,124
301050106,70,28,15,113
301050107,146,54,17,217
301050108,184,41,9,234
301050109,93,30,39,162
301050110,211,36,2,249
301050111,127,11,0,138
301050112,143,13,1,157
301050201,85,33,20,138
301050202,97,79,31,207
301050203,93,77,46,216
301050204,137,32,4,173
301050205,149,31,4,184
301050206,134,43,23,200
301050207,68,79,61,208
301050208,80,68,49,197
301050209,196,49,15,260
301050210,213,26,0,239
301050211,147,16,2,165
301050212,154,46,0,200
301050213,126,33,30,189
301050301,115,99,33,247
301050302,26,7,2,35
301050303,218,104,42,364
301050304,112,75,44,231
301050305,157,28,0,185
301050306,224,48,6,278
301050307,168,50,1,219
301050308,187,34,18,239
301050309,119,83,2,204
301050310,161,52,21,234
301050401,108,6,0,114
301050402,117,14,0,131
301050403,158,31,4,193
301050404,154,67,35,256
301050405,111,31,18,160
301050406,214,46,20,280
301050407,102,50,29,181
301050408,62,16,5,83
301050409,66,84,82,232
301050410,131,109,70,310
301050501,34,12,20,66
301050502,11,2,2,15
301050503,20,7,34,61
301050504,18,16,26,60
301050601,24,3,11,38
301050602,17,5,2,24
301050603,5,1,2,8
301050604,11,8,2,21
301050605,28,14,11,53
301050606,64,20,27,111
301050607,9,3,7,19
301050608,10,0,3,13
301050609,25,11,10,46
301050610,55,61,72,188
301050611,9,4,22,35
301050612,25,17,21,63
301050701,13,0,0,13
301050702,20,3,6,29
301050703,20,4,17,41
301050704,16,2,0,18
301050705,10,9,9,28
301050706,10,7,4,21
301050707,16,0,6,22
301050708,5,15,22,42
301050709,9,3,9,21
301050710,6,0,4,10
301050711,49,22,60,131
301050712,34,18,77,129
301050713,7,5,6,18
301050714,4,2,6,12
301050715,27,24,17,68
301050801,1,0,24,25
301050802,0,0,13,13
301050803,0,0,10,10
301050804,0,0,3,3
301050805,0,0,2,2
301050806,0,0,25,25
301050807,0,1,25,26
301050808,0,0,22,22
301050809,1,2,12,15
301050810,2,3,31,36
301050811,1,1,23,25
301050812,12,2,44,58
301130101,58,30,5,93
301130102,0,0,1,1
301130103,226,23,5,254
301130104,116,46,32,194
301130105,254,61,24,339
301130106,115,66,32,213
301130107,104,41,16,161
301130108,163,75,19,257
301130109,293,58,14,365
301130110,163,30,14,207
301130111,183,70,13,266
301130112,232,39,22,293
301130113,132,52,17,201
301130114,178,15,2,195
301130115,214,66,24,304
301130116,100,58,29,187
301130117,87,61,41,189
301130118,176,55,16,247
301130119,180,26,8,214
301130120,97,9,1,107
301130121,150,15,0,165
301130122,225,59,28,312
301130123,242,44,19,305
301130201,236,21,2,259
301130202,103,7,0,110
301130203,172,10,0,182
301130204,155,20,18,193
301130205,223,30,3,256
301130206,111,7,0,118
301130207,123,5,0,128
301130208,193,17,1,211
301130209,204,25,0,229
301130210,182,27,7,216
301130211,143,64,48,255
301130212,124,98,42,264
301130213,35,63,24,122
301130214,185,40,31,256
301130215,67,68,47,182
301130216,66,76,46,188
301130301,2,2,3,7
301130302,26,13,28,67
301130303,36,42,104,182
301130304,36,10,20,66
301130305,51,54,39,144
301130306,27,21,10,58
301130307,187,70,44,301
301130308,72,29,20,121
301130309,74,103,56,233
301130310,86,139,103,328
301130311,40,71,86,197
301130312,4,6,3,13
301130401,5,1,0,6
301130402,1,2,0,3
301130403,6,4,2,12
301130404,113,58,34,205
301130405,196,48,14,258
301130406,114,142,31,287
301130501,7,2,1,10
301130502,0,0,0,0
301130503,5,3,6,14
301130504,51,68,34,153
301130505,87,30,16,133
301130506,103,8,3,114
301130507,54,37,10,101
301130601,2,2,14,18
301130602,5,8,1,14
301130603,8,10,44,62
301130604,4,8,5,17
301130605,4,2,6,12
301130606,26,18,74,118
301130607,5,16,14,35
301130608,25,14,40,79
301130609,11,7,19,37
301130610,13,3,11,27
301130701,10,10,2,22
301130702,15,31,51,97
301130703,9,11,34,54
301130704,6,6,16,28
301130705,11,16,29,56
301130706,23,21,69,113
301130801,3,5,8,16
301130802,0,4,2,6
301130803,4,9,1,14
301130804,10,0,6,16
301130805,11,17,10,38
301130806,11,9,41,61
301130807,4,8,24,36
301130808,12,15,13,40
301130809,10,7,0,17
301130810,3,8,5,16
301130811,2,6,4,12
301130812,3,6,6,15
301130813,6,7,10,23
301130814,6,5,6,17
301130815,12,8,9,29
301130901,2,9,9,20
301130902,12,3,4,19
301130903,12,5,11,28
301130904,10,5,8,23
301130905,12,5,3,20
301130906,17,14,25,56
301130907,10,7,2,19
301130908,5,2,6,13
301131001,12,10,16,38
301131002,9,19,37,65
301131003,8,8,13,29
301131004,4,11,38,53
301131005,18,11,20,49
301131006,6,1,17,24
301131007,6,9,22,37
301131008,9,14,17,40
301131101,6,4,1,11
301131102,3,1,0,4
301131103,15,11,16,42
301131104,14,5,26,45
301131105,10,13,16,39
301131106,20,15,52,87
301131107,3,1,7,11
301131108,13,4,3,20
301131109,10,2,12,24
301131110,9,1,26,36
301131201,8,3,9,20
301131202,7,3,3,13
301131203,30,52,42,124
301131204,36,10,30,76
301131205,4,2,4,10
301131206,12,3,12,27
301131207,8,8,3,19
301131208,7,14,10,31
301131209,15,19,13,47
301131301,1,1,2,4
301131302,17,10,6,33
301131303,5,4,2,11
301131304,6,3,15,24
301131305,1,1,3,5
301131306,3,6,2,11
301131307,1,1,3,5
301131308,56,48,14,118
301131309,34,27,12,73
301131401,12,2,0,14
301131402,24,3,3,30
301131403,2,2,3,7
301131404,2,0,6,8
301131405,20,5,8,33
301131406,14,1,2,17
301131407,3,2,1,6
301131408,4,1,1,6
301131409,2,0,6,8
301131410,3,0,1,4
301131411,55,36,22,113
340070101,0,0,81,81
340070102,4,0,290,294
340070201,9,1,190,200
340070202,0,0,33,33
340070203,0,0,177,177
340070204,13,1,132,146
340070301,0,1,34,35
340070401,0,0,59,59
340070402,2,4,133,139
340070403,0,0,164,164
340070404,60,14,58,132
340070405,10,13,215,238
340070406,35,28,138,201
340070407,14,16,105,135
340070408,6,8,119,133
340070409,15,2,100,117
340070501,2,1,181,184
340070502,0,0,51,51
340070503,0,1,117,118
340070504,1,1,48,50
340070505,17,8,100,125
340070601,0,0,30,30
340070602,2,0,94,96
340070603,0,0,17,17
340070701,0,0,27,27
340070702,2,1,124,127
340070703,0,3,82,85
340070801,0,0,90,90
340140101,77,80,83,240
340140102,93,59,36,188
340140103,27,61,0,88
340140104,127,128,0,255
340140105,184,42,4,230
340140106,163,81,4,248
340140107,135,60,1,196
340140108,268,96,26,390
340140109,109,78,43,230
340140110,99,135,54,288
340140111,137,47,7,191
340140112,182,42,18,242
340140113,221,49,11,281
340140114,222,46,3,271
340140115,155,11,2,168
340140116,202,30,10,242
340140117,146,51,28,225
340140118,123,22,3,148
340140119,145,12,3,160
340140120,286,15,5,306
340140121,142,15,6,163
340140122,97,78,46,221
340140123,217,23,2,242
340140124,190,12,4,206
340140125,128,44,27,199
340140126,75,55,39,169
340140201,64,114,175,353
340140202,101,86,87,274
340140203,261,54,6,321
340140204,159,25,0,184
340140205,110,135,81,326
340140206,40,123,118,281
340140207,22,51,157,230
340140208,183,45,17,245
340140209,218,86,40,344
340140210,185,39,11,235
340140211,184,41,14,239
340140212,172,44,11,227
340140213,175,9,3,187
340140214,290,16,2,308
340140215,225,23,0,248
340140216,205,9,4,218
340140217,180,19,3,202
340140218,170,11,2,183
340140219,71,63,38,172
340140220,207,73,38,318
340140221,29,50,84,163
340140222,56,67,52,175
340140223,41,77,71,189
340140301,211,28,11,250
340140302,275,28,6,309
340140303,239,12,5,256
340140304,235,27,5,267
340140305,171,18,35,224
340140306,195,28,2,225
340140307,183,65,42,290
340140308,136,56,45,237
340140309,35,39,76,150
340140310,131,76,64,271
340140311,91,76,89,256
340140312,54,35,156,245
340140313,87,79,82,248
340140401,100,46,48,194
340140402,141,23,17,181
340140403,238,72,39,349
340140404,237,82,25,344
340140405,151,44,5,200
340140406,251,53,19,323
340140407,154,50,8,212
340140408,232,27,4,263
340140409,227,47,62,336
340140410,192,50,4,246
340140411,157,26,15,198
340140412,126,97,23,246
340140413,88,100,83,271
340140414,77,74,81,232
340140415,86,101,127,314
340140416,91,83,96,270
340140417,86,99,72,257
340140418,107,78,36,221
340140419,108,50,77,235
340140501,0,1,16,17
340140502,10,11,303,324
340140503,2,0,12,14
340140504,13,10,93,116
340140505,12,11,60,83
340140506,8,7,133,148
340140601,0,0,6,6
340140602,5,15,117,137
340140603,10,13,83,106
340140604,0,0,21,21
340140605,6,4,44,54
340140606,4,0,51,55
340140607,3,2,89,94
340140608,1,0,2,3
340140609,0,0,0,0
340140701,2,3,180,185
340140702,39,46,127,212
340140703,57,89,44,190
340140704,51,90,51,192
340140705,58,117,126,301
340140706,56,120,98,274
340140707,47,128,48,223
340140708,38,180,37,255
340140709,59,174,59,292
340140710,172,1,9,182
340140711,59,91,63,213
340140712,1,1,3,5
340140713,154,73,17,244
340140714,197,68,4,269
340140715,135,30,100,265
340140716,3,3,115,121
340140717,2,25,158,185
340140801,2,4,25,31
340140802,0,4,12,16
340140803,3,1,30,34
340140804,14,5,35,54
340140901,5,15,95,115
340140902,2,4,25,31
340141001,10,4,50,64
340141002,0,0,7,7
340141003,0,0,5,5
340141004,41,22,46,109
340141005,52,54,49,155
340141101,11,5,23,39
340141102,0,2,11,13
340141103,4,21,32,57
340141104,34,22,52,108
340141201,1,11,42,54
340141301,15,15,17,47
340141302,0,1,6,7
340141401,0,0,36,36
340141402,3,1,47,51
340141403,9,12,140,161
340141404,5,4,88,97
340141501,124,93,108,325
340141502,153,56,6,215
340141503,183,9,10,202
340141504,276,89,9,374
340141505,187,29,14,230
340141506,235,14,2,251
340141507,199,103,54,356
340141508,181,75,69,325
340141509,97,66,91,254
340141510,80,45,42,167
340141511,58,12,13,83
340141512,191,71,19,281
340141513,174,70,43,287
340141514,214,77,36,327
340141515,161,15,2,178
340141516,130,83,44,257
340141517,250,64,31,345
340141518,226,44,2,272
340141519,144,40,15,199
340141520,133,20,6,159
340141521,130,55,4,189
340141522,198,5,6,209
340141523,128,67,26,221
340141524,76,85,40,201
340141525,225,12,39,276
340141526,169,18,1,188
340141527,177,29,0,206
340141528,94,111,23,228
340141601,20,7,163,190
340141602,32,52,260,344
340141603,157,7,8,172
340141604,186,12,2,200
340141605,108,101,85,294
340141606,61,115,125,301
340141607,79,49,77,205
340141608,192,69,72,333
340141609,145,54,28,227
340141610,141,84,19,244
340141611,185,53,4,242
340141612,203,4,1,208
340141613,120,105,2,227
340141614,169,21,0,190
340141615,172,50,5,227
340141616,265,10,1,276
340141617,166,28,5,199
340141618,97,10,1,108
340141619,194,14,1,209
340141620,101,80,60,241
340141621,130,109,50,289
340141622,71,55,181,307
340141623,134,29,101,264
340141624,198,3,0,201
340141625,101,47,58,206
340141626,91,73,51,215
340141627,18,21,122,161
340141628,97,51,19,167
340141701,34,45,80,159
340141702,37,34,38,109
340141703,82,85,64,231
340141704,54,108,46,208
340141705,100,141,121,362
340141706,47,78,56,181
340141707,5,31,82,118
340141708,126,62,29,217
340141709,169,9,12,190
340141710,190,5,6,201
340141711,196,6,16,218
340141712,2,55,91,148
340141713,0,6,103,109
340141714,247,7,2,256
340141715,182,4,0,186
340141716,8,59,256,323
340141717,11,29,189,229
340141801,2,3,4,9
340141802,0,0,6,6
340141901,8,7,17,32
340141902,1,2,1,4
340142001,0,0,37,37
340142002,4,4,210,218
340142003,3,1,14,18
340142004,2,2,251,255
340142005,0,1,13,14
340142006,26,31,167,224
340142007,1,3,36,40
340142008,0,0,5,5
340142009,0,0,17,17
340142010,0,0,2,2
340142011,0,0,26,26
340142012,3,12,6,21
340142013,19,19,226,264
340142014,13,17,185,215
340142015,14,73,225,312
340142016,21,58,159,238
340142017,1,4,217,222
340142018,7,7,163,177
340142019,0,0,188,188
340142020,4,0,174,178
340142021,0,0,0,0
340142022,0,0,1,1
340142023,8,10,292,310
340142024,3,0,178,181
340142025,42,29,188,259
340142026,22,31,196,249
340142027,8,38,256,302
340142101,19,26,43,88
340142102,100,64,15,179
340142103,151,72,30,253
340142104,162,58,42,262
340142105,70,24,8,102
340142106,65,16,13,94
340142107,175,48,15,238
340142108,142,49,9,200
340142109,169,28,10,207
340142110,151,32,7,190
340142111,90,93,13,196
340142112,99,53,4,156
340142113,81,58,14,153
340142114,132,59,28,219
340142115,69,88,178,335
340142116,171,119,46,336
340142117,152,77,23,252
340142118,87,86,36,209
340142119,120,27,103,250
340142201,162,50,1,213
340142202,212,83,1,296
340142203,122,50,1,173
340142204,180,130,5,315
340142205,224,113,31,368
340142206,86,100,119,305
340142207,57,102,162,321
340142208,49,130,153,332
340142209,47,102,137,286
340142210,47,137,170,354
340142211,16,97,181,294
340142212,33,154,167,354
340142213,107,178,54,339
340142214,65,172,96,333
340142215,50,93,47,190
340142216,48,98,99,245
340142217,52,100,92,244
340142218,83,125,35,243
340142219,44,107,191,342
340142220,34,79,78,191
340142221,9,28,139,176
340142222,0,0,30,30
340210101,2,1,4,7
340210102,6,14,4,24
340210201,4,12,121,137
340210202,2,5,28,35
340210203,0,3,6,9
340210204,1,1,4,6
340210205,3,1,1,5
340210206,4,2,43,49
340210207,2,1,7,10
340210208,5,3,71,79
340210209,8,10,16,34
340210210,6,2,38,46
340210211,68,65,40,173
340210212,38,30,122,190
340210213,50,38,178,266
340210214,83,56,150,289
340210215,47,51,44,142
340210301,7,4,60,71
340210302,22,23,78,123
340210303,5,9,51,65
340210304,63,32,80,175
340210305,36,26,96,158
340210306,10,7,58,75
340210307,19,31,144,194
340210401,1,2,8,11
340210402,11,17,42,70
340210403,8,16,222,246
340210501,0,0,5,5
340210502,22,10,95,127
340210601,2,3,45,50
340210602,19,19,93,131
340210603,40,22,141,203
340210604,68,68,105,241
340210701,2,3,13,18
340210702,0,1,13,14
340210703,3,5,41,49
340210704,0,0,27,27
340210705,0,0,7,7
340210706,126,100,83,309
340210707,60,76,83,219
340210708,48,53,71,172
340210709,2,11,86,99
340280101,0,1,160,161
340280102,30,29,91,150
340280103,49,31,172,252
340280104,49,31,147,227
340280105,92,33,138,263
340280106,89,28,87,204
340280107,20,14,157,191
340280108,44,25,82,151
340280109,12,8,232,252
340280110,2,0,135,137
340280111,0,0,116,116
340280112,38,11,105,154
340280113,37,20,187,244
340280114,17,12,155,184
340280115,6,7,148,161
340280201,0,0,229,229
340280301,0,1,97,98
340280302,0,1,27,28
340350101,8,4,200,212
340350102,0,0,59,59
340350103,52,11,86,149
340350104,0,0,29,29
340350105,0,5,42,47
340350106,0,0,156,156
340350107,0,0,6,6
340350108,1,0,195,196
340350201,3,3,164,170
340350202,0,2,65,67
340350203,0,2,153,155
340350204,1,5,85,91
340350205,0,0,23,23
340350206,1,1,91,93
340350207,1,0,4,5
340350301,1,1,197,199
340350302,0,0,24,24
340350303,1,2,106,109
340350304,0,1,10,11
340350401,3,0,11,14
340350402,5,0,255,260
340350403,3,0,61,64
340350404,6,5,15,26
340350405,32,17,133,182
340350406,5,3,104,112
340350501,54,27,329,410
340350502,3,3,23,29
340350503,0,0,2,2
340350601,9,8,89,106
340350602,7,5,126,138
340350603,3,0,134,137
340350604,4,2,171,177
340350605,35,18,87,140
340350606,37,19,93,149
340350607,23,12,161,196
340350608,35,47,79,161
340350609,2,2,137,141
340350610,5,12,102,119
340350611,145,45,96,286
340350612,50,59,186,295
340350613,69,52,95,216
340350614,42,30,50,122
340350615,19,25,97,141
340350701,2,0,109,111
340350702,5,7,145,157
340350703,3,1,169,173
340350704,57,12,215,284
340350705,24,12,197,233
340350706,3,8,144,155
340350707,38,23,157,218
340350801,36,7,76,119
340350802,51,32,133,216
340350803,42,15,125,182
340350804,11,21,207,239
340350805,13,29,230,272
340350806,37,15,122,174
340350901,44,30,88,162
340350902,122,4,71,197
340350903,88,38,134,260
340350904,92,40,96,228
340350905,80,24,55,159
340350906,44,39,193,276
340350907,24,43,124,191
340350908,73,43,129,245
340350909,37,39,209,285
340350910,9,7,134,150
340350911,10,25,143,178
340351001,17,8,143,168
340351002,131,20,134,285
340351003,68,25,114,207
340351004,95,27,175,297
340351005,69,44,80,193
340351006,33,27,136,196
340351007,70,21,59,150
340351101,0,0,26,26
340351102,0,0,24,24
340351103,4,6,177,187
340351104,33,15,122,170
340351105,43,9,109,161
340351201,118,28,142,288
340351202,130,64,118,312
340351203,186,30,25,241
340351204,119,10,40,169
340351205,103,31,111,245
340351206,118,23,54,195
340351207,25,51,199,275
340351208,46,25,86,157
340351209,20,36,89,145
340351210,13,5,74,92
340351301,0,0,43,43
340351302,0,0,25,25
340351303,0,0,24,24
340351401,0,0,56,56
340351402,0,0,46,46
340351403,0,0,32,32
340351501,1,0,1,2
340351502,2,1,78,81
340351503,0,0,98,98
340351601,1,1,83,85
340351701,0,0,36,36
340351702,0,2,17,19
340351703,0,0,8,8
340351704,1,0,17,18
340351801,3,2,128,133
340351802,0,0,121,121
340351803,0,0,46,46
340351804,0,0,49,49
340351805,32,6,74,112
340351806,69,11,89,169
340351807,33,19,101,153
340351808,21,9,160,190
340351809,1,1,111,113
340351810,13,10,107,130
340351811,18,4,96,118
340351812,6,10,75,91
340351901,1,3,38,42
340351902,3,7,33,43
340351903,2,0,107,109
340351904,8,7,160,175
340351905,21,21,171,213
340351906,17,16,195,228
340351907,6,1,114,121
340351908,42,20,111,173
340351909,2,2,43,47
340352001,2,1,59,62
340352002,2,1,102,105
340352003,0,0,48,48
340352101,0,0,35,35
340352102,0,0,9,9
340352103,0,1,59,60
340420101,3,1,33,37
340420102,3,2,160,165
340420103,4,2,58,64
340420104,7,11,137,155
340420105,2,8,179,189
340420106,2,10,95,107
340420107,4,4,113,121
340420108,46,36,59,141
340420109,42,51,236,329
340420110,27,71,160,258
340420111,110,109,100,319
340420112,5,6,77,88
340420201,3,1,10,14
340420202,0,3,76,79
340420203,0,3,34,37
340420204,13,17,240,270
340420205,73,53,114,240
340420301,3,1,86,90
340420302,2,2,9,13
340420303,14,13,138,165
340420304,3,1,21,25
340420305,40,10,278,328
340420306,70,47,132,249
340420307,9,12,129,150
340420401,4,1,139,144
340420402,1,2,13,16
340420403,0,3,10,13
340420501,3,1,162,166
340420502,1,0,12,13
340420503,0,0,10,10
340420504,81,14,145,240
340420505,27,35,183,245
340420506,66,54,96,216
340490101,16,47,173,236
340490102,97,89,170,356
340490103,67,83,77,227
340490104,100,63,41,204
340490105,47,80,48,175
340490106,128,113,55,296
340490107,140,60,23,223
340490108,112,53,54,219
340490109,208,132,37,377
340490110,137,69,24,230
340490111,131,91,10,232
340490112,116,65,8,189
340490113,112,86,31,229
340490114,103,131,119,353
340490115,43,94,157,294
340490116,104,58,79,241
340490117,131,79,34,244
340490118,90,61,50,201
340490119,78,110,101,289
340490120,56,94,116,266
340490121,11,35,259,305
340490122,111,114,68,293
340490123,71,75,71,217
340490124,30,69,198,297
340490125,40,97,109,246
340490126,41,61,83,185
340490127,5,29,111,145
340490128,102,87,29,218
340490201,3,0,0,3
340490301,1,2,10,13
340490302,10,8,123,141
340490303,0,5,29,34
340490304,0,0,42,42
340490305,0,0,35,35
340490306,0,0,64,64
340490401,0,1,32,33
340490402,0,0,30,30
340490403,3,6,152,161
340490501,0,12,3,15
340490601,12,2,87,101
340490602,7,17,181,205
340490603,17,11,159,187
340490604,6,12,85,103
340490605,1,0,8,9
340490606,0,0,55,55
340490607,3,2,11,16
340490608,2,1,9,12
340490609,4,3,55,62
340490610,53,25,222,300
340490611,73,30,55,158
340490612,139,32,80,251
340490613,76,27,85,188
340490614,74,38,96,208
340490701,15,12,198,225
340490702,6,3,64,73
340490703,66,26,313,405
340490704,9,6,125,140
340490705,2,5,32,39
340490706,6,6,137,149
340490707,2,0,27,29
340490708,46,22,94,162
340490709,5,0,57,62
340490710,24,31,107,162
340490801,19,12,151,182
340490802,8,6,79,93
340490803,14,4,92,110
340490804,48,8,509,565
340490805,21,28,492,541
340490806,104,48,137,289
340490807,25,11,122,158
340490808,49,9,104,162
340490901,4,16,97,117
340490902,9,16,281,306
340490903,31,22,160,213
340490904,2,0,8,10
340491001,1,0,5,6
340491002,0,3,29,32
340491003,10,24,209,243
340491004,57,79,158,294
340491005,294,11,22,327
340491006,224,33,18,275
340491007,227,8,19,254
340491008,209,12,11,232
340491009,237,5,9,251
340491010,287,34,20,341
340491011,39,73,79,191
340491012,45,88,111,244
340491013,34,70,147,251
340491014,20,67,159,246
340491015,34,50,138,222
340491016,185,103,21,309
340491017,32,85,85,202
340491018,10,49,215,274
340491019,14,75,179,268
340491020,34,77,138,249
340491021,41,84,127,252
340491022,78,0,0,78
340491023,0,0,1,1
340491024,1,6,27,34
340491101,54,35,203,292
340491102,19,34,83,136
340491103,122,49,65,236
340491104,53,63,94,210
340491105,80,51,55,186
340491106,51,92,151,294
340491107,88,40,33,161
340491108,80,24,4,108
340491109,145,29,26,200
340560101,26,82,199,307
340560102,8,44,74,126
340560103,112,95,57,264
340560104,167,59,73,299
340560105,50,56,110,216
340560106,55,89,178,322
340560107,158,59,37,254
340560108,141,28,9,178
340560109,137,58,47,242
340560110,69,82,78,229
340560111,240,23,21,284
340560112,76,80,153,309
340560113,67,75,76,218
340560114,3,9,46,58
340560115,2,9,132,143
340560116,112,89,66,267
340560117,102,46,47,195
340560201,0,0,3,3
340560202,6,10,138,154
340560203,0,0,4,4
340560204,0,1,8,9
340560205,0,0,14,14
340560301,1,4,71,76
340560302,0,1,19,20
340560303,11,7,147,165
340560304,0,0,3,3
340560401,1,0,8,9
340560402,10,13,181,204
340560403,1,6,63,70
340560404,1,2,10,13
340560405,2,22,227,251
340560406,88,71,51,210
340560407,48,75,70,193
340560408,94,108,96,298
340560409,67,84,145,296
340560501,1,6,175,182
340560502,9,5,95,109
340560503,6,12,69,87
340560504,54,48,78,180
340560601,2,3,77,82
340560602,11,3,56,70
340560603,0,0,76,76
340560604,2,4,29,35
340560605,1,5,79,85
340560701,5,19,185,209
340560702,1,4,45,50
340560703,4,0,23,27
340560704,6,1,20,27
340560705,80,50,94,224
340560706,65,69,77,211
340560707,113,86,62,261
340560708,104,115,96,315
340560709,84,51,46,181
340560801,1,2,44,47
340560802,1,2,55,58
340560803,0,0,15,15
340560804,6,2,10,18
340560805,0,2,49,51
340560901,1,5,60,66
340560902,1,0,43,44
340560903,5,1,9,15
340561001,2,2,113,117
340561002,0,0,32,32
340561003,2,4,85,91
340561004,0,0,51,51
340561005,1,0,29,30
340561101,60,58,121,239
340561102,62,45,137,244
340561103,113,48,38,199
340561104,27,33,135,195
340561105,99,44,108,251
340561106,101,29,30,160
340561107,104,48,43,195
340561108,129,63,88,280
340561109,12,14,200,226
340561110,20,58,136,214
340561111,92,34,67,193
340561112,156,19,53,228
340561113,86,33,71,190
340561114,36,38,81,155
340561115,104,43,54,201
340561116,20,23,182,225
340561117,10,16,206,232
340561118,68,57,83,208
340561119,31,50,187,268
340561120,106,24,31,161
340561121,18,38,161,217
340561122,5,11,142,158
340561123,6,10,106,122
340561201,0,1,11,12
340561202,10,14,82,106
340561203,3,0,6,9
340561301,2,2,50,54
340561302,3,8,22,33
340561401,1,9,78,88
340561402,4,10,172,186
340561403,0,1,37,38
340561404,1,2,19,22
340561405,0,1,33,34
340561406,2,5,43,50
340561407,0,3,54,57
340561408,5,5,185,195
340561409,48,31,225,304
340561501,6,5,145,156
340561502,3,1,24,28
340561503,0,0,69,69
340561504,0,0,27,27
340561505,0,0,7,7
340561506,9,3,147,159
340561507,69,33,79,181
340561508,60,36,146,242
340561509,57,27,149,233
340561510,23,46,177,246
340561511,38,54,141,233
340561512,38,62,160,260
340561513,40,30,128,198
340561601,5,7,48,60
340561602,0,2,14,16
340561603,0,0,20,20
340561604,3,0,60,63
340561701,0,0,30,30
340561702,2,1,27,30
340561801,1,7,59,67
340561802,3,3,51,57
340561803,0,0,14,14
340630101,6,4,359,369
340630102,6,2,424,432
340630201,0,0,270,270
340630202,0,1,344,345
340630203,2,2,230,234
340630204,8,11,307,326
340630205,7,12,285,304
340630206,27,23,138,188
340630207,7,4,186,197
380070101,48,43,73,164
380070102,0,0,38,38
380070103,0,0,9,9
380070104,0,17,38,55
380070105,25,97,94,216
380070106,46,49,61,156
380070107,53,77,83,213
380070108,14,88,181,283
380070109,21,110,121,252
380070110,10,48,85,143
380070111,12,76,85,173
380070201,0,5,57,62
380070202,0,1,40,41
380070203,1,1,42,44
380070204,87,42,139,268
380070205,23,24,87,134
380070301,1,1,50,52
380070302,0,0,46,46
380070303,6,13,67,86
380070401,0,0,22,22
380070402,2,4,59,65
380070403,5,18,103,126
380070404,1,13,48,62
380070405,0,12,28,40
380070501,0,1,78,79
380070502,1,1,34,36
380070503,0,0,92,92
380070504,3,4,71,78
380140101,0,0,50,50
380140102,0,1,46,47
380140103,6,34,65,105
380140104,2,10,72,84
380140105,10,10,160,180
380140106,1,4,68,73
380140107,7,36,185,228
380140108,2,12,86,100
380140109,5,21,148,174
380140115,0,2,10,12
380140116,9,68,44,121
380140117,19,97,60,176
380140201,5,28,149,182
380140202,12,4,3,19
380140203,7,31,261,299
380140204,20,48,129,197
380140205,93,82,26,201
380140206,0,31,59,90
380140301,2,15,114,131
380140302,12,29,145,186
380140303,5,12,121,138
380140304,40,223,213,476
380140305,10,117,158,285
380140401,47,36,254,337
380140402,14,52,173,239
380140403,12,33,243,288
380140404,13,38,310,361
380140405,24,102,158,284
380140406,70,190,42,302
380140407,90,170,31,291
380140408,42,119,40,201
380140409,30,204,75,309
380140410,12,127,81,220
380140411,40,170,42,252
380140412,6,67,49,122
380140413,20,137,67,224
380140414,49,90,120,259
380140501,80,21,103,204
380140502,3,9,119,131
380140503,100,70,153,323
380140504,5,3,68,76
380140505,7,2,20,29
380140506,10,48,81,139
380140507,61,182,48,291
380140508,98,185,106,389
380140509,42,146,81,269
380140510,126,107,17,250
380140511,106,154,46,306
380140512,81,100,21,202
380140513,58,139,36,233
380140514,36,152,57,245
380140515,12,199,68,279
380140516,78,115,28,221
380140517,70,6,39,115
380140601,93,168,2,263
380140602,58,123,71,252
380140603,56,138,56,250
380140604,71,178,37,286
380140605,51,165,15,231
380140606,52,124,20,196
380140607,51,92,48,191
380140608,41,128,20,189
380140609,247,172,4,423
380140610,155,28,22,205
380140611,22,177,23,222
380140612,72,149,17,238
380140613,33,148,22,203
380140614,33,125,27,185
380140615,42,214,27,283
380140616,75,152,17,244
380140617,13,161,16,190
380140618,14,170,19,203
380140619,10,161,33,204
380140701,64,37,71,172
380140702,2,1,72,75
380140703,17,1,37,55
380140704,0,2,56,58
380140705,2,87,87,176
380140706,118,51,29,198
380140707,161,94,1,256
380140708,68,212,20,300
380140709,66,195,3,264
380140710,62,277,18,357
380140711,47,192,134,373
380140712,10,177,176,363
380140713,70,201,24,295
380140714,89,113,7,209
380140715,154,50,2,206
380140716,78,165,81,324
380140717,16,72,66,154
380140718,6,28,44,78
380210101,0,0,21,21
380210102,2,0,30,32
380210103,22,34,72,128
380210104,0,0,9,9
380210105,12,38,82,132
380210106,33,89,50,172
380210107,53,80,27,160
380210108,67,170,72,309
380210109,41,22,9,72
380210110,19,56,89,164
380210201,0,3,44,47
380210202,1,5,42,48
380210203,0,0,4,4
380210204,0,0,5,5
380210301,0,0,12,12
380210302,0,2,16,18
380210303,0,3,33,36
380210304,2,1,22,25
380210305,11,7,20,38
380210306,1,2,9,12
380210307,9,54,216,279
380210401,0,0,4,4
380210402,6,25,64,95
380210403,2,4,6,12
380210404,7,19,45,71
380210405,7,25,207,239
380210406,56,67,83,206
380210407,11,34,0,45
380210408,9,14,63,86
380210409,122,214,36,372
380210410,37,113,67,217
380210411,110,101,54,265
380210412,97,119,61,277
380210413,19,146,86,251
380210414,70,88,47,205
380210415,58,94,123,275
380210416,9,48,78,135
380210417,70,135,65,270
380210418,27,74,16,117
380210419,31,47,11,89
380210501,197,68,11,276
380210502,129,102,32,263
380210503,202,145,26,373
380210504,127,189,61,377
380210505,64,110,54,228
380210506,109,45,13,167
380210507,76,124,48,248
380210508,19,117,70,206
380210509,15,126,79,220
380210510,41,211,143,395
380210511,63,78,77,218
380210512,116,148,26,290
380210513,70,119,82,271
380210514,92,112,89,293
380210515,18,103,107,228
380210516,162,82,39,283
380210517,205,57,3,265
380210518,73,94,19,186
380210519,23,134,45,202
380210520,246,102,3,351
380210521,125,109,76,310
380210522,43,139,61,243
380210523,14,124,133,271
380210524,211,110,60,381
380210525,89,51,33,173
380210526,4,72,74,150
380210527,150,45,4,199
380210601,68,86,28,182
380210602,23,135,40,198
380210603,18,137,209,364
380210604,47,191,45,283
380210605,111,37,0,148
380210606,35,24,1,60
380210607,199,45,2,246
380210608,20,89,104,213
380210609,140,27,3,170
380210610,182,61,1,244
380210611,18,128,90,236
380210612,76,77,0,153
380210613,139,35,19,193
380210614,7,115,123,245
380210615,144,24,1,169
380210616,164,55,1,220
380210617,17,146,46,209
380210618,5,147,112,264
380210619,10,87,135,232
380210620,37,90,33,160
380210621,32,154,37,223
380210701,151,100,52,303
380210702,92,76,17,185
380210703,19,20,4,43
380210704,6,104,103,213
380210705,148,148,55,351
380210706,140,24,0,164
380210707,249,94,0,343
380210708,132,52,2,186
380210709,138,83,4,225
380210710,129,49,25,203
380210711,69,87,50,206
380210712,192,55,7,254
380210713,141,39,26,206
380210714,147,114,2,263
380210715,277,84,9,370
380210716,250,128,7,385
380210717,184,128,21,333
380210718,114,51,30,195
380210719,102,110,22,234
380210720,103,44,51,198
380210721,161,27,2,190
380210801,92,65,32,189
380210802,122,129,37,288
380210803,65,41,25,131
380210804,100,94,2,196
380210805,87,110,16,213
380210806,119,187,16,322
380210807,99,215,11,325
380210808,153,169,47,369
380210809,115,119,22,256
380210810,85,138,0,223
380210811,73,114,26,213
380210812,111,201,40,352
380210813,99,100,4,203
380210814,59,143,74,276
380210815,36,124,15,175
380210816,79,174,59,312
380210817,71,132,26,229
380210818,61,155,31,247
380210819,41,145,25,211
380210820,14,56,53,123
380210821,93,112,7,212
380210822,57,125,35,217
380210823,60,140,23,223
380210824,31,100,90,221
380210825,118,83,14,215
380210826,107,86,5,198
380210827,96,103,21,220
380210901,222,82,16,320
380210902,100,60,4,164
380210903,93,87,0,180
380210904,37,48,2,87
380210905,120,150,53,323
380210906,122,95,11,228
380210907,118,93,16,227
380210908,99,109,26,234
380210909,90,81,43,214
380210910,99,120,25,244
380210911,158,137,36,331
380210912,111,167,40,318
380210913,300,17,0,317
380210914,142,79,2,223
380210915,144,159,0,303
380210916,59,245,54,358
380210917,81,172,15,268
380210918,197,171,7,375
380210919,39,121,0,160
380210920,103,154,18,275
380210921,153,24,1,178
380210922,76,129,48,253
380210923,36,63,21,120
380211001,111,173,26,310
380211002,70,228,22,320
380211003,76,142,23,241
380211004,55,119,43,217
380211005,131,146,28,305
380211006,96,130,20,246
380211007,55,218,26,299
380211008,128,100,35,263
380211009,149,181,9,339
380211010,156,120,6,282
380211011,127,64,16,207
380211012,78,137,7,222
380211013,120,120,25,265
380211014,102,192,15,309
380211101,145,133,4,282
380211102,90,163,19,272
380211103,67,147,52,266
380211104,76,91,34,201
380211105,74,244,10,328
380211106,212,8,4,224
380211107,237,10,1,248
380211108,170,168,24,362
380211109,10,38,101,149
380211110,109,165,42,316
380211111,74,192,1,267
380211112,114,93,6,213
380211113,92,146,26,264
380211114,90,94,20,204
380211115,65,96,26,187
380211116,123,101,13,237
380211117,63,216,1,280
380211118,9,41,80,130
380211201,60,150,48,258
380211202,119,227,1,347
380211203,40,213,92,345
380211204,27,145,83,255
380211205,18,184,13,215
380211206,76,199,30,305
380211207,112,215,3,330
380211208,44,155,0,199
380211209,68,218,2,288
380211210,85,194,4,283
380211211,65,131,29,225
380211212,89,132,23,244
380211213,49,93,29,171
380211214,204,155,11,370
380211215,107,143,34,284
380211216,47,154,1,202
380211217,116,112,9,237
380211218,14,108,94,216
380211219,155,189,2,346
380211220,7,157,150,314
380211221,81,176,85,342
380211301,20,103,251,374
380211302,0,2,9,11
380211303,11,13,17,41
380211304,75,83,62,220
380211305,157,108,17,282
380211306,162,52,11,225
380211307,117,203,65,385
380211308,173,171,7,351
380211309,78,199,2,279
380211310,8,101,145,254
380211311,43,194,33,270
380211312,71,200,25,296
380211313,148,216,4,368
380211314,6,85,107,198
380211315,159,159,0,318
380211316,55,223,2,280
380211317,58,226,0,284
380211318,28,137,31,196
380211319,116,159,0,275
380211320,102,102,5,209
380211321,32,156,6,194
380211322,53,181,29,263
380211401,106,144,20,270
380211402,63,248,0,311
380211403,50,265,1,316
380211404,61,238,11,310
380211405,6,150,174,330
380211406,7,138,68,213
380211407,36,244,119,399
380211408,31,166,64,261
380211409,31,216,99,346
380211410,8,86,100,194
380211411,1,63,160,224
380211412,41,175,88,304
380211413,20,110,63,193
380211414,37,260,79,376
380211415,30,237,71,338
380211416,32,180,23,235
380211417,43,228,151,422
380211418,7,104,196,307
380211419,24,169,77,270
380211501,184,101,88,373
380211502,4,35,139,178
380211503,39,35,8,82
380211504,54,24,17,95
380211505,69,57,61,187
380211506,49,78,89,216
380211507,141,72,31,244
380211508,93,125,62,280
380211509,2,101,83,186
380211510,79,38,181,298
380211511,141,214,25,380
380211512,254,10,12,276
380211513,139,24,23,186
380211514,280,1,0,281
380211515,207,2,25,234
380211516,71,18,1,90
380211517,137,6,7,150
380211518,391,4,0,395
380211519,173,2,10,185
380211520,0,3,35,38
380280101,0,4,79,83
380280102,0,1,57,58
380280103,0,18,59,77
380280201,0,0,75,75
380280202,0,9,49,58
380280203,0,4,113,117
380280204,0,2,38,40
380280205,0,1,38,39
380280301,2,1,144,147
380280302,0,0,100,100
380280303,6,27,90,123
380280401,0,2,136,138
380280402,0,6,81,87
380280403,27,118,52,197
380280404,102,60,22,184
380280405,33,62,80,175
380280406,39,103,44,186
380280407,43,115,69,227
380280408,30,66,55,151
380280409,45,72,31,148
380280410,11,108,140,259
380280411,52,118,103,273
380280412,17,31,78,126
380280413,94,43,97,234
380280414,48,13,83,144
380280415,38,98,51,187
380280501,0,0,33,33
380280502,0,0,81,81
380280503,104,51,14,169
380280504,0,150,23,173
380280505,0,184,2,186
380280601,0,1,39,40
380280602,6,63,38,107
380350101,17,58,187,262
380350102,2,2,54,58
380350103,0,2,1,3
380350104,1,0,9,10
380350105,30,136,125,291
380350106,32,210,97,339
380350107,9,212,25,246
380350108,27,64,124,215
380350109,10,63,197,270
380350110,3,41,160,204
380350111,4,71,158,233
380350112,51,63,62,176
380350113,68,114,19,201
380350114,2,29,149,180
380350115,6,4,95,105
380350201,0,0,1,1
380350202,0,1,1,2
380350203,0,0,0,0
380350204,108,85,1,194
380350205,54,127,3,184
380350206,0,8,48,56
380350207,0,9,47,56
380350208,0,56,1,57
380350209,0,80,4,84
380350210,65,63,128,256
380350211,47,188,128,363
380350212,41,141,46,228
380350213,33,126,0,159
380350214,50,85,53,188
380350215,34,139,21,194
380350216,120,25,11,156
380350217,42,105,119,266
380350301,1,0,40,41
380350302,13,2,3,18
380350303,2,9,5,16
380350304,0,0,14,14
380350305,0,0,13,13
380350306,64,86,40,190
380350401,4,8,110,122
380350403,0,15,57,72
380350404,7,152,73,232
380350405,0,0,0,0
380350406,0,0,0,0
380350407,6,99,108,213
380350408,38,233,79,350
380350409,63,129,108,300
380350410,50,164,61,275
380350411,71,114,35,220
380350412,30,222,67,319
380350413,39,169,67,275
380350414,6,116,101,223
380350415,109,55,38,202
380350416,4,39,296,339
380350501,112,215,8,335
380350502,77,176,18,271
380350503,57,217,4,278
380350504,151,146,0,297
380350505,188,47,2,237
380350506,88,121,3,212
380350507,150,175,2,327
380350508,60,111,17,188
380350509,74,62,11,147
380350510,96,152,26,274
380350511,175,18,0,193
380350512,46,67,8,121
380350513,71,121,12,204
380350514,106,161,6,273
380350515,56,251,28,335
380350516,225,195,6,426
380350517,67,114,3,184
380350601,37,176,69,282
380350602,36,257,43,336
380350603,37,233,19,289
380350604,33,272,25,330
380350605,57,183,7,247
380350606,64,212,28,304
380350607,52,181,1,234
380350608,50,158,24,232
380350609,6,162,5,173
380350610,21,193,64,278
380350611,123,97,21,241
380350612,46,183,40,269
380350613,43,174,98,315
380350614,19,195,120,334
380350615,14,150,127,291
380350616,57,154,101,312
380350617,13,140,243,396
380350618,25,225,71,321
380350619,84,113,0,197
380420101,1,0,60,61
380420102,0,0,10,10
380420103,0,1,13,14
380420104,7,27,119,153
380420105,45,24,35,104
380420201,15,22,22,59
380420202,6,9,29,44
380420203,2,0,1,3
380420204,6,23,36,65
380420205,40,123,38,201
380420206,17,62,35,114
380420207,53,55,14,122
380420208,136,127,67,330
380420301,8,30,57,95
380420302,1,1,30,32
380420401,44,222,83,349
380420402,105,164,44,313
380420403,97,157,26,280
380420404,64,196,59,319
380420405,45,140,37,222
380420406,58,124,37,219
380420407,106,176,41,323
380420408,41,136,144,321
380420409,201,53,4,258
380420410,218,34,2,254
380420411,289,22,0,311
380420412,69,50,18,137
380420413,99,35,87,221
380420414,48,154,149,351
380420501,16,168,118,302
380420502,35,127,85,247
380420503,54,144,64,262
380420504,81,115,35,231
380420505,42,134,67,243
380420506,68,150,55,273
380420507,72,87,33,192
380420508,30,108,59,197
380420509,122,149,36,307
380420510,92,113,36,241
380420511,81,89,33,203
380420512,109,192,29,330
380420513,36,145,51,232
380420601,84,141,9,234
380420602,107,129,31,267
380420603,75,132,44,251
380420604,200,78,11,289
380420605,136,90,2,228
380420606,125,100,0,225
380420607,156,188,4,348
380420608,168,80,2,250
380420609,175,169,1,345
380420610,130,167,4,301
380420611,152,42,1,195
380420612,95,87,2,184
380420613,163,87,19,269
380490101,1,1,16,18
380490102,0,0,57,57
380490103,0,0,13,13
380490104,0,2,25,27
380490105,0,1,38,39
380490106,7,27,51,85
380490201,0,0,36,36
380490202,0,2,43,45
380490301,0,5,55,60
380490302,0,5,84,89
380490303,0,12,39,51
380560101,1,2,12,15
380560102,45,27,75,147
380560103,7,11,46,64
380560104,53,88,40,181
380560105,42,76,53,171
380560201,29,28,73,130
380560202,8,5,184,197
380560203,13,21,19,53
380560204,8,85,37,130
380560301,0,0,7,7
380560302,0,0,6,6
380560303,1,1,22,24
380560304,1,1,9,11
380630101,0,0,23,23
380630102,1,1,97,99
380630103,6,38,241,285
380630104,23,54,183,260
380630106,0,7,255,262
380630107,3,128,13,144
380630108,5,20,11,36
380630109,39,26,93,158
380630110,61,149,34,244
380630111,20,168,16,204
380630112,13,4,6,23
380630119,29,129,33,191
380630124,0,35,219,254
380630201,3,6,26,35
380630202,3,11,83,97
380630203,3,111,33,147
380630204,4,97,4,105
380630205,0,4,39,43
380630206,50,273,21,344
380630207,90,231,16,337
380630208,50,149,16,215
380630209,1,72,16,89
380630301,7,36,66,109
380630302,3,17,30,50
380630303,1,5,162,168
380630401,142,189,3,334
380630402,100,132,2,234
380630403,109,140,9,258
380630404,41,194,90,325
380630405,44,196,81,321
380630406,21,150,118,289
380630407,54,196,59,309
380630408,53,83,29,165
380630409,63,143,49,255
380630410,59,111,63,233
380630411,52,143,14,209
380630412,44,130,43,217
380630413,33,185,114,332
380630414,16,144,115,275
380630415,55,113,211,379
380630416,121,86,11,218
380630417,133,76,6,215
380630418,18,153,71,242
380630419,45,153,43,241
380630420,22,196,91,309
380630421,140,110,3,253
380630501,22,195,92,309
380630502,23,123,186,332
380630503,27,110,118,255
380630504,183,56,1,240
380630505,178,74,4,256
380630506,89,54,12,155
380630507,152,120,0,272
380630508,64,199,0,263
380630509,13,61,169,243
380630510,28,182,51,261
380630511,16,122,251,389
380630512,163,84,0,247
380630513,79,101,3,183
380630514,93,135,24,252
380630515,63,170,47,280
380630516,73,174,46,293
380630517,111,84,4,199
380630518,107,99,0,206
380630519,137,97,2,236
380630520,14,54,126,194
380630601,3,83,196,282
380630602,1,39,239,279
380630603,0,0,0,0
380630604,0,0,24,24
380630605,0,0,169,169
380630606,0,0,94,94
380630607,1,43,267,311
380630608,0,0,0,0
380630609,38,0,112,150
380630610,1,29,64,94
380630611,4,54,168,226
380630612,1,26,180,207
380630613,99,142,57,298
380630614,109,163,2,274
380630615,129,177,2,308
380630616,77,181,1,259
380630617,28,167,11,206
380630618,28,147,48,223
380700101,18,15,88,121
380700102,0,7,6,13
380700105,28,243,38,309
380700106,27,193,116,336
380700107,1,49,63,113
380700201,0,6,39,45
380700202,5,39,119,163
380700203,6,33,123,162
380700204,39,211,134,384
380700205,8,51,112,171
380700206,3,69,96,168
380700207,5,22,89,116
380700301,2,1,23,26
380700302,0,0,13,13
380700303,0,1,12,13
380700401,2,1,18,21
380700402,0,7,27,34
380700403,47,144,64,255
380700404,51,115,135,301
380700501,20,72,108,200
380700502,5,9,62,76
380700503,1,2,15,18
380700504,1,40,68,109
380700505,0,9,34,43
380700506,55,147,108,310
380700507,18,88,96,202
380700508,98,22,26,146
380700601,2,6,25,33
380700602,0,1,21,22
380770101,0,2,71,73
380770102,0,0,51,51
380770103,2,13,63,78
380770201,0,0,49,49
380770202,0,1,63,64
380770203,0,1,58,59
380770204,2,18,40,60
380770301,0,16,100,116
380770302,0,4,65,69
380770303,3,3,71,77
380770304,4,16,43,63
380840101,2,10,59,71
380840102,1,4,44,49
380840201,8,8,62,78
380840202,7,15,39,61
380840301,0,2,18,20
380840302,5,12,95,112
380840303,23,49,113,185
380840401,0,0,36,36
380840402,0,0,8,8
380840403,0,5,35,40
380840501,2,0,10,12
380840502,1,15,40,56
380940101,0,0,10,10
380940102,1,11,151,163
380940103,2,6,187,195
380940104,9,26,107,142
380940201,0,0,30,30
380940202,0,0,23,23
380940203,0,0,10,10
380940301,0,0,19,19
380940302,0,0,39,39
380940401,1,5,63,69
380940402,3,21,171,195
380940403,0,4,102,106
380940404,32,49,68,149
380940405,31,66,186,283
380940406,32,37,126,195
380940407,41,52,55,148
380940408,1,12,149,162
380940501,4,11,135,150
380940502,1,1,32,34
380940503,13,48,81,142
380940504,19,49,123,191
380940505,37,41,69,147
380940506,5,8,165,178
380940507,3,22,136,161
380940601,0,0,18,18
380940602,0,0,20,20
380940603,0,0,16,16
380980101,0,5,60,65
380980102,0,0,38,38
380980201,0,0,10,10
380980202,0,0,11,11
380980203,0,6,116,122
380980204,13,30,69,112
380980205,0,0,58,58
380980301,0,0,39,39
380980302,0,0,30,30
380980303,0,0,31,31
380980401,0,0,29,29
380980402,1,6,46,53
380980403,3,19,42,64
380980404,22,12,90,124
380980405,88,104,82,274
380980501,0,1,61,62
380980502,0,0,27,27
381050101,0,0,13,13
381050102,0,8,66,74
381050103,1,11,92,104
381050201,0,3,27,30
381050202,3,19,48,70
381050203,0,0,8,8
381050204,7,31,42,80
381050205,19,40,109,168
381050301,1,12,51,64
381050302,0,0,22,22
381050303,0,0,20,20
381050401,1,0,16,17
381050402,0,2,55,57
381120101,1,1,85,87
381120102,81,59,47,187
381120103,92,74,35,201
381120104,76,48,105,229
381120105,114,54,26,194
381120106,52,90,53,195
381120107,136,64,25,225
381120108,72,95,78,245
381120109,75,51,97,223
381120110,38,72,118,228
381120111,53,77,97,227
381120112,31,82,88,201
381120113,19,68,142,229
381120114,116,46,23,185
381120115,87,64,51,202
381120116,103,39,45,187
381120117,11,38,178,227
381120201,1,0,45,46
381120202,28,12,82,122
381120203,0,0,47,47
381120204,0,5,45,50
381120205,118,89,8,215
381120206,4,6,40,50
381120301,0,1,39,40
381120302,1,6,109,116
381120303,0,1,108,109
381120304,0,16,35,51
381120401,0,0,19,19
381120402,4,1,43,48
381120501,1,0,67,68
381120502,4,5,103,112
381120503,0,13,38,51
381120601,0,0,41,41
381120602,0,0,50,50
381120603,0,0,27,27
381120604,1,4,54,59
420070101,160,43,11,214
420070102,101,33,2,136
420070103,7,1,0,8
420070104,11,5,4,20
420070105,5,1,1,7
420070106,8,2,3,13
420070107,7,1,0,8
420070108,15,4,3,22
420070109,14,2,0,16
420070110,164,20,2,186
420070201,98,24,10,132
420070202,136,20,2,158
420070203,7,5,3,15
420070204,29,5,3,37
420070205,2,5,1,8
420070206,6,0,0,6
420070207,156,55,6,217
420070208,147,13,3,163
420070301,67,32,0,99
420070302,18,5,0,23
420070303,5,0,0,5
420070401,209,37,9,255
420070402,232,29,5,266
420070403,142,30,1,173
420070404,155,8,7,170
420070405,160,11,0,171
420070406,209,25,6,240
420070407,15,1,1,17
420070408,7,2,0,9
420070409,229,20,1,250
420070410,2,1,1,4
420070411,5,3,2,10
420070412,0,0,0,0
420070413,166,15,1,182
420070501,86,36,6,128
420070502,5,0,0,5
420070503,2,0,0,2
420070504,2,3,0,5
420070505,12,1,1,14
420070506,2,0,0,2
420070507,3,1,0,4
420070508,90,7,2,99
420140101,7,6,0,13
420140102,8,6,1,15
420140103,20,3,0,23
420140201,136,36,7,179
420140202,5,2,0,7
420140203,24,20,4,48
420140204,0,0,0,0
420140205,16,2,13,31
420140206,4,4,0,8
420140207,1,0,0,1
420140208,0,0,0,0
420140209,4,3,2,9
420140210,144,73,5,222
420140211,111,23,5,139
420210101,30,14,2,46
420210102,4,7,2,13
420210103,9,10,1,20
420210104,4,3,2,9
420210105,86,9,14,109
420210106,20,10,3,33
420210107,11,12,5,28
420210108,11,6,2,19
420210109,6,4,1,11
420210110,25,11,1,37
420210111,255,4,1,260
420210112,265,5,0,270
420210113,228,2,0,230
420210114,135,33,6,174
420210115,0,0,0,0
420210116,0,0,0,0
420210117,52,57,9,118
420210118,130,40,30,200
420210201,66,45,4,115
420210202,8,9,0,17
420210203,2,1,0,3
420210204,4,5,3,12
420210205,11,6,1,18
420210206,13,8,6,27
420210207,3,7,2,12
420210208,9,5,0,14
420210209,132,77,21,230
420210210,116,30,7,153
420210301,210,10,14,234
420210302,196,30,0,226
420210303,183,71,14,268
420210304,153,75,29,257
420210305,104,81,49,234
420210306,179,47,50,276
420210307,219,18,8,245
420210308,80,115,48,243
420210309,149,73,16,238
420210310,231,53,3,287
420210311,289,31,10,330
420210312,347,10,2,359
420210401,199,18,3,220
420210402,150,70,1,221
420210403,173,22,1,196
420210404,218,7,3,228
420210405,125,48,3,176
420210406,182,63,4,249
420210407,265,107,3,375
420210408,215,44,2,261
420210409,12,1,0,13
420210410,77,54,7,138
420210411,131,32,5,168
420210412,172,19,2,193
420210413,238,41,2,281
420210414,267,35,5,307
420210415,162,40,1,203
420210416,145,35,0,180
420210417,197,16,0,213
420210418,152,46,4,202
420210419,159,22,6,187
420210420,200,34,10,244
420210421,129,34,0,163
420210501,209,15,5,229
420210502,211,106,21,338
420210503,234,88,20,342
420210504,168,76,11,255
420210505,191,65,2,258
420210506,278,96,11,385
420210507,269,87,10,366
420210508,2,0,0,2
420210509,118,74,15,207
420210510,143,102,21,266
420210511,136,83,19,238
420210512,143,93,22,258
420210513,118,96,24,238
420210514,112,81,3,196
420210515,271,56,5,332
420210516,318,100,4,422
420210601,116,68,15,199
420210602,93,86,26,205
420210603,213,94,10,317
420210604,301,20,2,323
420210605,128,41,2,171
420210606,131,38,2,171
420210607,186,50,0,236
420210608,119,23,1,143
420210609,147,16,0,163
420210610,2,0,0,2
420210611,171,32,0,203
420210612,183,5,1,189
420210613,258,25,0,283
420210614,227,57,0,284
420210615,164,27,0,191
420210616,139,25,1,165
420210701,133,52,1,186
420210702,120,39,0,159
420210703,212,59,2,273
420210704,237,33,2,272
420210705,260,36,0,296
420210706,190,11,0,201
420210707,195,35,4,234
420210708,218,48,1,267
420210709,161,31,1,193
420210710,158,20,0,178
420210711,98,34,19,151
420210712,182,16,2,200
420210713,199,27,6,232
420210714,215,70,1,286
420210715,246,55,2,303
420210716,116,67,0,183
420210717,156,57,2,215
420210718,179,4,0,183
420210719,173,100,23,296
420210720,127,98,33,258
420210721,112,123,23,258
420210722,136,104,38,278
420210723,105,90,44,239
420210724,138,26,20,184
420210725,104,27,8,139
420210801,131,36,0,167
420210802,174,17,2,193
420210803,157,34,0,191
420210804,188,49,1,238
420210805,213,76,1,290
420210806,209,33,4,246
420210807,195,42,9,246
420210808,247,75,10,332
420210809,146,91,8,245
420210810,137,135,12,284
420210811,132,59,5,196
420210812,129,57,0,186
420210813,169,36,0,205
420210814,185,65,2,252
420210815,146,110,8,264
420210816,152,114,8,274
420210817,156,37,3,196
420210818,64,131,6,201
420210819,36,158,7,201
420210820,174,13,2,189
420210821,280,14,0,294
420210822,182,1,0,183
420210823,124,20,2,146
420210824,176,25,1,202
420210901,98,38,0,136
420210902,271,24,2,297
420210903,294,51,0,345
420210904,280,46,2,328
420210905,201,91,16,308
420210906,64,54,17,135
420210907,252,69,2,323
420210908,290,51,3,344
420210909,150,44,1,195
420210910,127,74,3,204
420210911,183,47,6,236
420210912,278,66,18,362
420210913,243,15,4,262
420210914,62,107,3,172
420210915,116,98,2,216
420210916,202,95,13,310
420210917,140,18,12,170
420211001,147,164,8,319
420211002,101,226,3,330
420211003,182,7,3,192
420211004,285,6,1,292
420211005,273,8,1,282
420211006,259,9,2,270
420280101,100,43,4,147
420280102,4,3,13,20
420280103,31,16,7,54
420280104,15,7,1,23
420280105,90,57,2,149
420280201,274,28,11,313
420280202,78,8,2,88
420280203,152,28,12,192
420280301,198,60,12,270
420280302,179,28,3,210
420280303,289,30,10,329
420280304,178,43,25,246
420280305,155,26,19,200
420280401,22,10,3,35
420280402,21,2,5,28
420350101,43,25,10,78
420350102,0,1,0,1
420350103,4,3,1,8
420350104,7,5,0,12
420350105,6,10,1,17
420350106,2,6,1,9
420350201,76,44,20,140
420350202,52,19,7,78
420350301,3,0,0,3
420350302,9,0,1,10
420350303,5,2,0,7
420350304,4,1,0,5
420350305,3,0,0,3
420350306,129,13,7,149
420350307,7,1,0,8
420350308,15,6,1,22
420350309,101,38,0,139
420350310,243,66,6,315
420350401,147,23,8,178
420350402,69,95,7,171
420350403,228,30,4,262
420350404,179,8,7,194
420350405,204,48,4,256
420350406,164,15,1,180
420350407,189,7,1,197
420350408,130,19,2,151
420350409,117,59,5,181
420350410,134,20,2,156
420350411,94,37,6,137
420350412,184,68,6,258
420350413,173,55,9,237
420350501,65,9,1,75
420350502,14,10,2,26
420350503,11,4,2,17
420350504,11,4,1,16
420350505,57,32,0,89
420350601,175,40,1,216
420350602,128,76,3,207
420350603,8,6,0,14
420350604,15,4,1,20
420350605,16,5,2,23
420350606,6,7,2,15
420350607,7,4,2,13
420350608,45,14,0,59
420350609,169,43,4,216
420350610,101,58,5,164
420350701,71,36,6,113
420350702,2,5,1,8
420350703,7,0,0,7
420350704,15,1,1,17
420350705,8,7,1,16
420420101,0,1,1,2
420420102,1,0,0,1
420420103,1,0,0,1
420420104,0,0,2,2
420420105,0,0,0,0
420420106,0,0,2,2
420420107,0,0,6,6
420420201,85,46,7,138
420420202,22,12,21,55
420420301,72,14,21,107
420420302,2,3,9,14
420420303,0,0,3,3
420420304,0,0,0,0
420420305,0,1,0,1
420420306,1,3,4,8
420420307,0,0,3,3
420420308,2,0,2,4
420490101,97,54,15,166
420490102,209,37,13,259
420490103,31,56,51,138
420490104,5,4,2,11
420490105,11,19,24,54
420490106,19,9,10,38
420490107,85,54,6,145
420490108,23,44,22,89
420560101,188,48,2,238
420560102,23,10,3,36
420560201,19,9,24,52
420560202,8,7,1,16
420560301,92,26,13,131
420560302,29,14,11,54
420560303,184,84,20,288
420560304,77,15,14,106
420560401,83,16,3,102
420560402,19,12,2,33
420560501,252,29,5,286
420560502,277,15,4,296
420560503,168,21,6,195
420560504,150,28,5,183
420560505,15,3,9,27
420560506,73,24,26,123
420560507,18,7,0,25
420560508,7,5,2,14
420560509,12,3,0,15
420560510,15,11,0,26
420560511,197,23,3,223
420560512,94,27,10,131
420560513,114,15,1,130
420560514,159,35,5,199
420560515,202,57,35,294
420560516,234,7,0,241
420560517,91,63,13,167
420560601,206,27,5,238
420560602,10,10,1,21
420630101,63,21,7,91
420630102,52,40,18,110
420630103,21,58,46,125
420630104,0,1,0,1
420630105,0,2,5,7
420630106,18,10,3,31
420630107,6,16,75,97
420700101,167,17,0,184
420700102,4,3,0,7
420700103,65,16,8,89
420700104,136,12,0,148
420700105,168,11,4,183
420700106,150,23,2,175
420700201,317,26,5,348
420700202,26,16,4,46
420700203,0,1,0,1
420700301,8,2,0,10
420700302,20,6,2,28
420700401,150,20,8,178
420700402,28,11,12,51
420700501,307,21,7,335
420700502,269,9,3,281
420700503,209,11,2,222
420700504,31,3,172,206
420700505,123,14,9,146
420700506,36,0,0,36
420700507,219,58,3,280
420700508,192,12,6,210
420770101,97,9,2,108
420770102,0,1,1,2
420770103,3,3,0,6
420770104,3,1,1,5
420770105,6,4,0,10
420770106,2,5,1,8
420770107,16,3,1,20
420770108,19,13,9,41
420770201,167,31,0,198
420770202,135,46,3,184
420770203,118,24,4,146
420770204,12,2,3,17
420770205,6,3,2,11
420770206,12,4,1,17
420770207,14,4,7,25
420770208,7,6,2,15
420770209,2,2,1,5
420770210,139,21,2,162
420770211,128,19,3,150
420770212,78,54,4,136
420770301,212,19,9,240
420770302,143,20,6,169
420770303,8,1,0,9
420770304,17,3,5,25
420770305,12,7,4,23
420770306,73,5,2,80
420770307,97,31,5,133
420770401,245,32,6,283
420770402,178,21,8,207
420770403,5,1,1,7
420770404,8,1,2,11
420770405,3,1,0,4
420770406,8,4,1,13
420770407,2,1,0,3
420770408,4,1,0,5
420770409,174,24,7,205
420770410,165,10,3,178
420840101,49,17,2,68
420840102,23,14,6,43
420840201,7,7,2,16
420840202,10,8,9,27
420840203,10,1,1,12
420840204,0,0,0,0
420840205,1,2,0,3
420840206,5,1,0,6
420840207,4,0,0,4
420910101,16,10,1,27
420910102,3,5,32,40
420910103,4,5,23,32
420910104,7,5,9,21
420910105,48,14,7,69
420980101,58,112,18,188
420980102,54,66,10,130
420980103,123,32,14,169
420980104,116,5,18,139
420980105,118,32,7,157
420980106,115,14,2,131
420980107,128,25,13,166
420980108,117,27,5,149
420980109,166,42,7,215
420980110,89,89,11,189
420980111,139,26,23,188
420980112,10,14,0,24
420980113,8,12,15,35
420980114,8,6,6,20
420980201,133,65,19,217
420980202,15,6,5,26
420980301,125,44,20,189
420980302,35,24,6,65
420980303,143,41,15,199
420980401,51,35,7,93
420980402,54,41,3,98
421050101,90,24,2,116
421050102,2,0,0,2
421050103,27,7,6,40
421050201,5,4,6,15
421050202,18,6,4,28
421050203,30,10,8,48
421050204,8,5,0,13
421050205,3,4,2,9
421050206,131,39,32,202
421050207,131,33,7,171
421050301,246,17,1,264
421050302,104,76,10,190
421050303,188,19,10,217
421050304,206,11,4,221
421050305,203,13,0,216
421050306,141,41,0,182
421050307,142,5,0,147
421050308,202,7,1,210
421050309,178,14,5,197
421050310,212,12,2,226
421050311,176,23,3,202
421050312,206,24,5,235
421050313,182,7,0,189
421050314,147,9,0,156
421050401,309,5,1,315
421050402,298,10,1,309
421050403,126,150,6,282
421050404,244,67,28,339
421050405,215,59,17,291
421050406,341,41,6,388
421050407,30,2,0,32
421050408,211,6,1,218
421050409,219,36,1,256
421050410,174,22,8,204
421050411,192,9,0,201
421050412,155,30,3,188
421050413,182,12,10,204
421050414,217,12,2,231
421050415,161,13,0,174
421050416,142,10,2,154
421050417,161,25,2,188
421050418,157,20,6,183
421050419,119,48,15,182
421050501,97,19,12,128
421050502,7,3,1,11
421050503,35,11,4,50
421050504,10,1,1,12
421050601,75,14,8,97
421050602,21,8,5,34
421050701,201,63,18,282
421050702,162,17,10,189
421050703,248,27,7,282
421050704,216,17,4,237
421050705,285,22,4,311
421050706,257,10,9,276
421050707,81,18,9,108
421050708,178,28,1,207
421050709,225,60,10,295
421050710,200,43,6,249
421050711,220,29,15,264
421050712,212,61,19,292
421050713,165,61,24,250
421050714,155,77,22,254
421050715,171,44,7,222
421050716,173,41,16,230
421050717,258,56,5,319
421050718,172,36,3,211
421050801,415,3,5,423
421050802,164,12,2,178
421050803,207,19,0,226
421050804,356,4,0,360
421050805,298,3,0,301
421050806,236,7,0,243
421050807,343,34,6,383
421050808,180,32,7,219
421050901,139,58,28,225
421050902,73,26,13,112
421050903,97,1,1,99
421050904,186,33,7,226
421050905,240,6,0,246
421050906,227,5,2,234
421051001,279,11,3,293
421051002,239,23,3,265
421051003,289,37,5,331
421051004,137,67,4,208
421051005,246,46,1,293
421051006,163,60,0,223
421051007,134,40,4,178
421051008,159,37,4,200
421051009,105,60,1,166
421051010,219,14,4,237
421051011,217,26,7,250
421051012,254,63,23,340
421120101,49,5,13,67
421120102,22,31,96,149
421120201,2,1,22,25
421120301,133,67,17,217
421120302,141,27,8,176
421120303,236,21,7,264
421120304,51,12,0,63
421120305,216,61,16,293
421120306,214,90,13,317
421120307,88,146,4,238
421120308,222,50,6,278
421120309,167,5,5,177
421120310,43,2,0,45
421120311,2,0,8,10
421120312,133,55,90,278
421120313,2,1,10,13
421120314,0,1,8,9
421120315,8,1,9,18
421120316,1,2,6,9
421120317,1,0,0,1
421120318,0,0,3,3
421120319,0,0,5,5
421120320,0,1,4,5
421120321,0,1,3,4
421120322,0,0,4,4
421190101,166,33,7,206
421190102,0,3,0,3
421190103,5,3,1,9
421190104,13,0,1,14
421190201,134,16,4,154
421190202,60,34,15,109
421190203,261,27,7,295
421190204,224,11,5,240
421190205,20,2,0,22
421190206,12,6,0,18
421190207,4,1,0,5
421190208,6,1,5,12
421190209,6,3,1,10
421190210,10,0,0,10
421190211,167,10,0,177
421190212,255,26,3,284
421190301,165,59,16,240
421190302,212,68,8,288
421190303,10,3,2,15
421190304,1,1,1,3
421190305,9,4,3,16
421190306,14,0,2,16
421190307,17,3,0,20
421190308,16,7,0,23
421190309,1,0,0,1
421190310,3,0,0,3
421190311,200,65,8,273
421190312,197,46,11,254
421190401,212,53,13,278
421190402,14,17,3,34
421190403,21,1,1,23
421190404,10,3,2,15
421190405,10,2,1,13
421260101,161,63,6,230
421260102,183,44,8,235
421260103,192,42,16,250
421260104,8,0,0,8
421260105,4,7,1,12
421260106,3,6,0,9
421260107,7,11,2,20
421260108,24,18,4,46
421260109,7,8,1,16
421260110,8,15,0,23
421260111,156,27,9,192
421260112,46,69,3,118
421260201,143,85,21,249
421260202,125,17,11,153
421260203,103,27,4,134
421260204,3,3,0,6
421260205,87,13,7,107
421260206,4,4,0,8
421260207,63,18,1,82
421260208,122,20,8,150
421260301,4,4,0,8
421260302,7,12,1,20
421260303,4,2,2,8
421260304,2,5,0,7
421260401,104,39,21,164
421260402,6,1,5,12
421260403,4,8,0,12
421260404,7,4,3,14
421260405,17,13,2,32
421260406,13,3,0,16
421260407,98,55,16,169
421260501,112,30,14,156
421260502,58,5,7,70
421260503,25,8,2,35
421260504,8,2,1,11
421260505,3,5,0,8
421260506,55,13,4,72
421260507,2,0,2,4
421260508,2,2,0,4
421260509,157,17,6,180
421260510,183,29,9,221
421260511,131,6,0,137
421330101,74,19,8,101
421330102,7,1,0,8
421330103,11,1,1,13
421330201,183,70,20,273
421330202,136,13,2,151
421330203,200,30,6,236
421330204,157,36,6,199
421330205,194,64,9,267
421330206,13,2,4,19
421330207,288,24,15,327
421330208,0,0,0,0
421330209,0,1,1,2
421330210,1,0,0,1
421330211,104,59,13,176
421330212,86,26,1,113
421330213,102,6,2,110
421330214,131,63,6,200
421330215,172,35,2,209
421330216,154,58,2,214
421330301,77,17,3,97
421330302,11,0,2,13
421330401,53,2,2,57
421330402,11,5,2,18
421330403,8,3,0,11
421330501,136,33,4,173
421330502,173,12,3,188
421330503,179,18,2,199
421330504,118,50,12,180
421330505,116,54,6,176
421330506,7,2,0,9
421330507,13,10,1,24
421330508,240,43,0,283
421330509,91,48,9,148
421330510,142,47,6,195
421330601,123,34,4,161
421330602,194,46,2,242
421330603,2,3,1,6
421330604,46,2,1,49
421330605,4,4,0,8
421330701,191,49,3,243
421330702,175,44,2,221
421330703,9,4,1,14
421330704,31,4,4,39
421330705,9,1,1,11
421330706,3,2,2,7
421330707,3,0,2,5
421400101,6,3,4,13
421400102,16,11,6,33
421400103,5,10,2,17
421400104,1,1,0,2
421400201,109,68,17,194
421400202,76,86,36,198
421400203,77,71,24,172
421400204,165,58,9,232
421400205,117,49,8,174
421400206,171,35,3,209
421400207,127,24,25,176
421400208,127,46,6,179
421400209,118,74,7,199
421400210,163,55,16,234
421400211,218,65,20,303
421400212,134,35,22,191
421400213,39,13,0,52
421400214,30,11,14,55
421400215,113,21,5,139
421400216,137,25,3,165
421400217,130,21,2,153
421400218,117,20,7,144
421400219,115,18,5,138
421400220,34,32,9,75
421400221,14,15,6,35
421400222,98,30,18,146
421400223,38,10,8,56
421400301,1,0,0,1
421400302,29,22,3,54
421400303,4,0,0,4
421470101,119,38,7,164
421470102,2,0,0,2
421470103,0,2,1,3
421470104,3,4,4,11
421470105,7,0,0,7
421470106,3,0,13,16
421470107,9,2,1,12
421470108,12,1,2,15
421470109,160,34,0,194
421470201,156,51,14,221
421470202,159,8,5,172
421470203,5,5,4,14
421470204,1,0,0,1
421470205,7,0,0,7
421470206,6,4,2,12
421470207,5,0,2,7
421470208,5,2,2,9
421470209,9,2,5,16
421470210,23,6,2,31
421470211,6,2,1,9
421470212,5,1,0,6
421470213,1,2,0,3
421470214,167,59,3,229
421470215,249,31,8,288
421470216,187,8,4,199
421470301,114,34,11,159
421470302,7,1,0,8
421540101,52,18,0,70
421540102,29,5,5,39
421540103,22,14,10,46
421540201,114,30,4,148
421540202,46,36,6,88
421540301,186,51,4,241
421540302,35,14,3,52
421540401,23,13,2,38
421540402,14,4,6,24
421540403,26,14,16,56
421540404,18,10,1,29
421540501,83,5,1,89
421540502,210,41,17,268
421540503,214,14,3,231
421540504,138,41,28,207
421540505,228,31,21,280
421540506,191,12,2,205
421540507,206,18,10,234
421540508,205,7,1,213
421540509,207,24,0,231
421540510,175,17,4,196
421540511,171,36,13,220
421540512,212,49,29,290
421540513,228,50,9,287
421540514,137,69,7,213
421540515,148,108,7,263
421540516,225,11,3,239
421540517,238,0,0,238
421540601,87,24,4,115
421540602,11,2,0,13
421540701,22,6,0,28
421540702,31,2,3,36
460070101,101,70,140,311
460070102,139,52,51,242
460070103,147,74,153,374
460070104,58,89,152,299
460070105,215,59,32,306
460070106,13,20,63,96
460070107,84,61,100,245
460070108,114,77,110,301
460070109,69,95,54,218
460070110,38,57,85,180
460070111,114,123,108,345
460070112,241,100,62,403
460070201,138,61,93,292
460070202,3,25,80,108
460070203,3,1,11,15
460070204,24,22,136,182
460140101,18,47,113,178
460140102,0,9,18,27
460140103,104,97,283,484
460140104,74,67,32,173
460140105,69,92,68,229
460140106,110,120,126,356
460140107,118,158,59,335
460140108,65,83,80,228
460140109,38,204,248,490
460140110,106,225,170,501
460140111,221,131,15,367
460140201,0,0,26,26
460140202,8,37,57,102
460140301,0,4,39,43
460140302,4,7,72,83
460140401,112,97,62,271
460140402,142,123,1,266
460140403,140,95,5,240
460140404,185,173,11,369
460140405,92,146,13,251
460140406,128,112,25,265
460140407,123,86,23,232
460140408,173,103,72,348
460140409,170,80,13,263
460140410,132,104,2,238
460140411,219,126,47,392
460140412,129,88,37,254
460140413,232,73,22,327
460140414,155,51,11,217
460140415,109,112,10,231
460140416,173,95,7,275
460140417,141,52,14,207
460140418,113,58,37,208
460140501,140,80,8,228
460140502,127,96,10,233
460140503,156,75,23,254
460140504,205,146,64,415
460140505,135,170,8,313
460140506,94,98,4,196
460140507,233,132,13,378
460140508,194,148,61,403
460140509,228,113,63,404
460140510,234,70,27,331
460140511,104,120,31,255
460140512,70,133,35,238
460140513,78,157,60,295
460140514,135,133,54,322
460140515,107,118,116,341
460140516,91,113,111,315
460140517,181,145,60,386
460140518,171,122,52,345
460140519,151,108,25,284
460140601,185,154,13,352
460140602,180,76,8,264
460140603,139,64,1,204
460140604,157,77,6,240
460140605,204,89,3,296
460140606,178,82,6,266
460140607,240,22,3,265
460140608,142,69,4,215
460140609,144,79,9,232
460140610,237,71,7,315
460140611,186,82,5,273
460140701,49,35,10,94
460140702,141,142,154,437
460140703,127,159,176,462
460140704,173,120,60,353
460140705,151,163,105,419
460140706,68,91,99,258
460140707,129,84,45,258
460140708,134,136,51,321
460140709,172,64,33,269
460140710,221,85,33,339
460140711,151,96,24,271
460140712,56,121,141,318
460140713,96,143,105,344
460140714,132,140,107,379
460140715,127,96,45,268
460140716,169,61,19,249
460140717,67,30,14,111
460140718,99,52,24,175
460140801,174,150,16,340
460140802,195,65,27,287
460140803,252,122,18,392
460140804,276,124,4,404
460140805,153,107,5,265
460140806,269,75,20,364
460140807,199,93,19,311
460140808,127,69,16,212
460140809,209,93,36,338
460140810,256,145,17,418
460140811,260,71,50,381
460140812,184,86,10,280
460140813,206,106,8,320
460140814,291,126,18,435
460140901,83,137,104,324
460140902,178,115,21,314
460140903,121,63,11,195
460140904,185,31,10,226
460140905,138,49,26,213
460140906,125,163,135,423
460140907,294,62,10,366
460140908,281,127,0,408
460140909,197,71,55,323
460140910,443,71,36,550
460140911,2,4,48,54
460140912,192,138,55,385
460140913,173,90,15,278
460140914,297,101,8,406
460140915,226,172,1,399
460140916,213,112,2,327
460140917,263,172,2,437
460140918,285,47,2,334
460140919,78,99,215,392
460140920,216,50,86,352
460140921,28,70,227,325
460140922,164,148,29,341
460141001,164,118,6,288
460141002,49,77,19,145
460141003,113,88,42,243
460141004,88,67,40,195
460141005,176,154,97,427
460141006,189,118,62,369
460141007,203,9,0,212
460141008,242,104,15,361
460141009,139,69,1,209
460141010,116,103,27,246
460141011,86,95,47,228
460141012,275,235,61,571
460141013,120,215,49,384
460141014,160,126,43,329
460141015,130,78,8,216
460141016,188,76,5,269
460141017,271,176,125,572
460141018,135,101,46,282
460141101,93,117,175,385
460141102,138,127,85,350
460141103,94,67,39,200
460141104,83,137,116,336
460141105,140,130,181,451
460141106,159,117,35,311
460141107,186,69,38,293
460141108,226,135,5,366
460141109,194,148,20,362
460141110,250,134,57,441
460141111,181,142,68,391
460141112,228,104,17,349
460141113,186,150,16,352
460141114,237,139,20,396
460141115,323,123,26,472
460210101,64,117,40,221
460210102,131,149,38,318
460210103,38,39,17,94
460210104,95,39,23,157
460210105,41,50,30,121
460210106,67,54,4,125
460210201,41,62,25,128
460210202,30,59,49,138
460280101,45,33,60,138
460280102,148,81,55,284
460280103,142,76,60,278
460280104,22,25,102,149
460280105,90,31,125,246
460280106,16,22,96,134
460280107,140,14,30,184
460280108,128,32,37,197
460280109,38,34,45,117
460280201,31,10,61,102
460280202,72,33,227,332
460280203,3,15,143,161
460280204,41,24,126,191
460350101,239,90,27,356
460350102,171,96,16,283
460350103,309,147,53,509
460350104,213,181,105,499
460350105,126,72,19,217
460350106,142,102,60,304
460350107,166,138,60,364
460350108,114,194,108,416
460350109,180,172,27,379
460350201,71,130,157,358
460350202,8,51,119,178
460350203,1,5,42,48
460420101,192,177,130,499
460420102,123,69,19,211
460420103,156,65,25,246
460420104,146,80,20,246
460420105,142,63,9,214
460420106,312,104,16,432
460420107,165,90,21,276
460420108,146,127,10,283
460420109,171,162,44,377
460420110,245,131,52,428
460420111,206,74,4,284
460420112,246,44,34,324
460420113,411,203,24,638
460420114,226,120,25,371
460420115,208,78,18,304
460420116,184,122,38,344
460420117,129,79,51,259
460420118,173,130,3,306
460420119,127,93,12,232
460420120,322,188,80,590
460420121,198,116,34,348
460420122,239,32,1,272
460420123,245,99,22,366
460420201,117,112,147,376
460420202,104,168,149,421
460420203,95,68,52,215
460420204,210,103,46,359
460420205,50,69,66,185
460420206,16,46,117,179
460420301,116,218,171,505
460420302,170,222,161,553
460420303,82,95,55,232
460420304,101,68,66,235
460420305,23,69,104,196
460420306,93,150,261,504
460420401,78,52,208,338
460420402,102,86,179,367
460420403,27,30,68,125
460490101,130,85,166,381
460490102,130,100,71,301
460490103,33,52,99,184
460490104,3,10,19,32
460490201,79,42,122,243
460490202,80,90,80,250
460490203,4,24,29,57
460490204,21,29,87,137
460490205,30,18,26,74
460560101,123,143,53,319
460560102,9,66,183,258
460560103,2,21,72,95
460560104,43,77,63,183
460630101,153,98,41,292
460630102,240,128,42,410
460630103,175,105,33,313
460630104,165,77,19,261
460630105,55,88,46,189
460630106,10,39,195,244
460630201,114,82,58,254
460630202,3,1,22,26
460630203,4,12,72,88
460700101,167,100,82,349
460700102,22,48,207,277
460700103,0,5,97,102
460700201,81,78,102,261
460700202,1,1,24,26
460700203,1,14,70,85
460770101,86,38,89,213
460770102,2,0,3,5
460770103,0,0,11,11
460770104,120,50,76,246
460840101,110,76,61,247
460840102,10,25,159,194
460840103,22,32,180,234
460840104,80,62,81,223
460840201,116,77,59,252
460840202,118,60,29,207
460840203,0,1,65,66
460840204,2,3,64,69
460840205,140,55,33,228
460840206,121,135,71,327
460910101,4,10,54,68
460910102,6,7,109,122
460910201,114,134,114,362
460910202,20,25,123,168
460910203,29,10,93,132
460910204,183,150,84,417
460980101,140,90,140,370
460980102,154,31,90,275
460980103,0,0,11,11
460980104,11,5,62,78
460980105,0,0,15,15
461050101,86,36,123,245
461050102,69,21,108,198
461050103,12,9,111,132
461050104,0,1,53,54
461120101,182,99,124,405
461120102,74,119,88,281
461120103,132,70,76,278
461120104,250,95,49,394
461120105,118,80,60,258
461120106,108,93,143,344
461120107,131,103,66,300
461120108,65,105,182,352
461120109,254,49,34,337
461120201,65,64,69,198
461120202,28,32,239,299
461120203,0,3,42,45
461120301,14,11,147,172
461120302,17,4,110,131
461190101,43,36,90,169
461190102,109,69,128,306
461190103,86,103,137,326
461190104,22,46,46,114
461190201,8,25,99,132
461260101,149,106,28,283
461260102,8,6,15,29
461260103,97,121,74,292
500070101,302,28,7,337
500070102,141,65,20,226
500070103,291,19,0,310
500070104,213,31,0,244
500070105,195,54,3,252
500070106,215,40,1,256
500070107,120,69,7,196
500070108,165,19,3,187
500070109,146,30,8,184
500070110,92,13,3,108
500070111,132,17,0,149
500070112,136,23,0,159
500070113,92,34,0,126
500070114,159,1,0,160
500070115,181,8,2,191
500070116,75,36,0,111
500070117,134,10,2,146
500070201,273,48,26,347
500070202,223,17,4,244
500070203,271,47,24,342
500070204,175,44,36,255
500070205,191,28,8,227
500070206,251,58,29,338
500070207,190,31,9,230
500070208,168,13,13,194
500070209,203,41,18,262
500070210,213,24,13,250
500070211,267,36,9,312
500070212,122,26,4,152
500070213,212,54,33,299
500070214,200,38,7,245
500070215,126,29,10,165
500070301,197,44,7,248
500070302,250,37,5,292
500070303,228,44,7,279
500070304,155,46,14,215
500070305,114,10,1,125
500070306,87,24,0,111
500070307,58,35,0,93
500070308,80,31,12,123
500070309,126,5,0,131
500070310,140,18,2,160
500070311,156,13,1,170
500070312,105,21,8,134
500070313,128,11,2,141
500070314,82,34,16,132
500070315,169,32,1,202
500070316,134,20,2,156
500070317,93,3,0,96
500070401,181,43,2,226
500070402,178,18,0,196
500070403,108,12,0,120
500070404,153,24,0,177
500070405,113,0,11,124
500070406,40,19,0,59
500070407,168,9,0,177
500070408,137,26,0,163
500070409,153,34,0,187
500070410,117,24,0,141
500070411,147,16,0,163
500070412,184,33,2,219
500070501,224,18,5,247
500070502,197,34,11,242
500070503,226,19,18,263
500070504,146,6,1,153
500070505,157,30,6,193
500070506,261,26,7,294
500070507,129,20,0,149
500070508,232,27,2,261
500070509,200,35,0,235
500070510,263,18,1,282
500070511,197,33,0,230
500070512,98,13,0,111
500070601,143,37,1,181
500070602,178,39,1,218
500070603,199,29,0,228
500070604,162,43,1,206
500070605,171,10,2,183
500070606,300,55,53,408
500070607,227,48,7,282
500070608,288,42,8,338
500070609,139,25,6,170
500070610,268,30,24,322
500070611,109,19,5,133
500070701,149,51,5,205
500070702,279,36,10,325
500070703,207,15,6,228
500070704,185,36,4,225
500070705,201,17,16,234
500070706,262,29,2,293
500070707,191,31,5,227
500070708,125,29,5,159
500070709,114,55,0,169
500070710,226,44,5,275
500070711,287,45,4,336
500070801,144,17,3,164
500070802,126,14,0,140
500070803,218,123,2,343
500070804,95,11,1,107
500070805,114,50,4,168
500070806,229,12,4,245
500070807,186,19,3,208
500070808,129,7,1,137
500070809,179,6,0,185
500070810,215,18,3,236
500070811,139,3,0,142
500070901,203,17,1,221
500070902,175,9,4,188
500070903,157,34,5,196
500070904,221,34,14,269
500070905,254,30,5,289
500070906,243,18,1,262
500070907,225,22,2,249
500070908,187,20,2,209
500070909,70,8,2,80
500070910,238,17,8,263
500070911,204,4,5,213
500070912,115,25,0,140
500071001,260,58,5,323
500071002,171,64,4,239
500071003,201,66,3,270
500071004,137,131,28,296
500071005,136,98,26,260
500071006,148,163,34,345
500071007,211,23,3,237
500071008,106,92,48,246
500071009,185,64,45,294
500071010,138,76,32,246
500071011,64,39,24,127
500071012,226,5,1,232
500071013,0,1,0,1
500071014,114,81,10,205
500071015,0,14,118,132
500071016,0,3,109,112
500071017,223,79,0,302
500071018,0,0,0,0
500071019,269,78,0,347
500071020,168,74,8,250
500071021,80,75,28,183
500071022,1,16,85,102
500071101,173,32,0,205
500071102,232,73,0,305
500071103,184,49,1,234
500071104,191,89,2,282
500071105,251,45,6,302
500071106,263,72,11,346
500071107,178,65,6,249
500071108,303,60,7,370
500071109,189,20,17,226
500071110,176,100,3,279
500071111,153,25,4,182
500071112,150,19,0,169
500071113,113,37,2,152
500071201,143,7,0,150
500071202,75,14,0,89
500071203,140,9,3,152
500071204,113,1,0,114
500071205,126,11,0,137
500071206,170,24,0,194
500071207,122,9,3,134
500071208,148,35,0,183
500071209,202,36,0,238
500071210,198,24,4,226
500071301,60,190,121,371
500071302,63,134,82,279
500071303,192,54,2,248
500071304,27,160,93,280
500071305,90,72,32,194
500071306,13,70,132,215
500071307,47,113,174,334
500071308,37,103,126,266
500071309,78,142,90,310
500071310,0,0,0,0
500071311,1,3,3,7
500140101,16,23,72,111
500140201,3,15,39,57
500140301,5,11,17,33
500140302,14,24,55,93
500140303,9,9,63,81
500140304,105,97,75,277
500140305,6,19,41,66
500140401,46,55,84,185
500140402,36,26,51,113
500140403,2,2,4,8
500140404,130,76,68,274
500140405,89,136,92,317
500140406,196,77,60,333
500140407,9,0,1,10
500140408,182,95,95,372
500140409,186,95,51,332
500140410,152,85,70,307
500140411,64,41,78,183
500140412,72,33,45,150
500140501,93,103,124,320
500140502,44,70,91,205
500140503,122,38,33,193
500140504,74,89,91,254
500140505,76,70,73,219
500140506,27,48,76,151
500140601,218,67,40,325
500140602,91,79,59,229
500140603,206,30,6,242
500140604,270,25,4,299
500140605,225,12,6,243
500140606,227,17,6,250
500140607,230,10,1,241
500140608,163,26,4,193
500140609,235,52,18,305
500140610,224,31,7,262
500140611,320,18,11,349
500140612,196,82,45,323
500140613,193,64,18,275
500140614,81,43,36,160
500140615,158,144,152,454
500140616,242,78,26,346
500140617,212,38,1,251
500140701,45,140,127,312
500140702,112,97,96,305
500140703,249,121,98,468
500140704,67,42,38,147
500140705,139,105,120,364
500140706,190,46,10,246
500140707,195,86,6,287
500140708,165,87,47,299
500140709,270,21,0,291
500140710,293,35,11,339
500140711,232,21,10,263
500140712,253,20,1,274
500140713,161,40,22,223
500140714,133,65,52,250
500140715,197,79,22,298
500140716,317,39,0,356
500210101,168,37,1,206
500210102,224,45,1,270
500210103,55,43,8,106
500210104,274,33,1,308
500210105,188,69,2,259
500210106,84,38,72,194
500210107,146,296,161,603
500210108,213,91,2,306
500210109,238,40,0,278
500210110,147,91,0,238
500210111,228,127,5,360
500210112,101,90,5,196
500210113,236,54,3,293
500210114,178,53,2,233
500210115,57,138,132,327
500210116,106,128,38,272
500210117,137,11,0,148
500210118,115,59,2,176
500210119,93,28,3,124
500210201,125,90,26,241
500210202,94,85,8,187
500210203,105,86,4,195
500210204,147,159,11,317
500210205,114,98,15,227
500210206,137,68,24,229
500210207,161,95,39,295
500210208,206,48,11,265
500210209,231,60,0,291
500210210,168,43,2,213
500210211,200,40,0,240
500210212,188,142,2,332
500210213,129,111,13,253
500210214,147,47,10,204
500210215,181,110,14,305
500210216,225,66,20,311
500210217,120,101,25,246
500210218,28,17,19,64
500210219,58,54,3,115
500210301,271,28,4,303
500210302,149,5,2,156
500210303,117,42,7,166
500210304,266,29,5,300
500210305,145,23,2,170
500210306,206,33,5,244
500210307,146,26,6,178
500210308,226,39,58,323
500210309,244,44,18,306
500210310,183,29,23,235
500210311,241,27,14,282
500210312,174,22,4,200
500210313,172,19,5,196
500210314,199,25,5,229
500210315,123,25,4,152
500210316,138,12,11,161
500210317,163,34,11,208
500210401,138,101,33,272
500210402,186,25,14,225
500210403,179,72,10,261
500210404,219,68,8,295
500210405,126,49,6,181
500210406,142,64,2,208
500210407,132,56,19,207
500210408,146,100,10,256
500210409,189,81,14,284
500210410,174,31,6,211
500210411,261,56,26,343
500210412,225,77,30,332
500210413,205,28,1,234
500210414,234,60,3,297
500210415,82,56,10,148
500210416,143,34,4,181
500210417,134,64,11,209
500210418,205,83,20,308
500210419,89,25,7,121
500210420,110,28,23,161
500210501,75,68,2,145
500210502,115,65,14,194
500210503,139,92,9,240
500210504,22,15,4,41
500210505,177,64,1,242
500210506,223,65,5,293
500210507,201,82,1,284
500210508,202,158,1,361
500210509,278,77,1,356
500210510,193,62,0,255
500210511,184,47,2,233
500210512,202,53,7,262
500210513,172,55,2,229
500210601,237,50,24,311
500210602,214,31,4,249
500210603,140,110,6,256
500210604,228,43,34,305
500210605,213,111,3,327
500210606,240,89,0,329
500210607,242,69,0,311
500210608,255,105,22,382
500210609,143,32,11,186
500210610,159,38,2,199
500210611,136,98,25,259
500210612,116,135,5,256
500210613,98,129,0,227
500210701,196,39,22,257
500210702,229,65,9,303
500210703,250,43,10,303
500210704,228,19,4,251
500210705,160,68,15,243
500210706,227,72,14,313
500210707,166,51,2,219
500210708,167,62,20,249
500210709,102,73,42,217
500210710,92,56,4,152
500210801,104,119,28,251
500210802,72,100,14,186
500210803,13,52,173,238
500210804,4,39,48,91
500210805,60,73,50,183
500210806,205,84,5,294
500210807,268,56,1,325
500210808,157,123,0,280
500210809,147,46,0,193
500210810,159,85,1,245
500210811,196,92,1,289
500210812,20,132,1,153
500210813,1,2,140,143
500210901,114,54,9,177
500210902,217,57,10,284
500210903,203,15,1,219
500210904,190,44,15,249
500210905,224,60,16,300
500210906,209,36,11,256
500210907,143,84,10,237
500210908,88,35,9,132
500210909,174,59,22,255
500210910,180,61,19,260
500210911,254,53,10,317
500210912,210,34,7,251
500210913,170,42,26,238
500210914,140,34,5,179
500210915,274,28,1,303
500210916,127,51,13,191
500210917,115,30,11,156
500211001,194,50,8,252
500211002,230,66,11,307
500211003,118,80,2,200
500211004,223,70,4,297
500211005,132,18,6,156
500211006,252,58,28,338
500211007,282,68,10,360
500211008,161,114,7,282
500211009,156,128,2,286
500211010,121,48,18,187
500211011,145,23,6,174
500211012,124,29,7,160
500211101,179,21,1,201
500211102,42,4,0,46
500211103,95,46,2,143
500211104,150,28,5,183
500211105,124,18,2,144
500211106,205,41,2,248
500211107,190,14,3,207
500211108,186,13,1,200
500211109,206,24,10,240
500211110,180,42,4,226
500211111,161,16,0,177
500211112,175,27,1,203
500211201,112,20,9,141
500211202,226,60,16,302
500211203,110,34,12,156
500211204,122,59,11,192
500211205,269,26,5,300
500211206,150,23,3,176
500211207,171,68,1,240
500211208,117,58,29,204
500211209,143,103,10,256
500211210,212,21,1,234
500211211,182,52,17,251
500211301,156,37,1,194
500211302,121,37,3,161
500211303,253,66,20,339
500211304,230,58,12,300
500211305,229,79,4,312
500211306,201,19,3,223
500211307,247,80,3,330
500211308,167,56,0,223
500211309,241,62,0,303
500211310,212,30,0,242
500211311,222,99,1,322
500211312,168,98,2,268
500211313,308,82,5,395
500211314,128,71,20,219
500211315,183,32,0,215
500211401,12,113,0,125
500211402,137,60,4,201
500211403,94,189,8,291
500211404,75,122,4,201
500211405,96,159,7,262
500211406,122,163,11,296
500211407,146,167,12,325
500211408,64,135,24,223
500211409,126,28,27,181
500211410,231,32,2,265
500211501,361,41,9,411
500211502,248,32,3,283
500211503,115,7,1,123
500211504,134,31,7,172
500211505,152,33,3,188
500211506,138,32,1,171
500211507,256,34,3,293
500211508,137,16,3,156
500211509,137,17,2,156
500211601,234,159,5,398
500211602,170,143,12,325
500211603,44,161,5,210
500211604,241,102,4,347
500211605,81,168,4,253
500211606,91,221,12,324
500211607,94,203,4,301
500211608,149,139,5,293
500211609,58,117,2,177
500211610,71,71,5,147
500280101,107,4,4,115
500280102,160,25,12,197
500280103,174,38,7,219
500280104,163,4,6,173
500280105,189,33,8,230
500280106,273,39,5,317
500280107,225,9,1,235
500280108,204,36,11,251
500280109,168,42,6,216
500280110,211,40,16,267
500280111,229,70,21,320
500280112,121,36,6,163
500280201,213,37,7,257
500280202,210,15,11,236
500280203,150,48,32,230
500280204,124,33,18,175
500280205,215,54,7,276
500280206,269,37,15,321
500280207,188,43,3,234
500280208,150,33,16,199
500280209,220,42,13,275
500280210,167,13,17,197
500280211,250,26,4,280
500280212,255,43,11,309
500280213,115,22,38,175
500280214,137,34,11,182
500280301,215,82,22,319
500280302,144,122,44,310
500280303,23,83,74,180
500280304,109,105,91,305
500280305,79,86,43,208
500280306,59,101,91,251
500280307,133,55,92,280
500280308,197,61,34,292
500280309,157,58,30,245
500280310,209,66,53,328
500280311,230,76,7,313
500280312,195,97,23,315
500280313,211,71,89,371
500280314,193,82,78,353
500280315,227,154,85,466
500280316,55,77,78,210
500280317,204,75,17,296
500280401,95,88,22,205
500280402,126,58,20,204
500280403,230,136,36,402
500280404,110,84,29,223
500280405,107,93,28,228
500280406,162,79,19,260
500280407,178,59,14,251
500280408,73,113,62,248
500280409,265,49,19,333
500280410,57,128,31,216
500280411,120,91,39,250
500280412,148,63,40,251
500280413,122,177,53,352
500280414,177,84,18,279
500280415,204,70,12,286
500280501,4,118,34,156
500280502,70,160,94,324
500280503,47,99,179,325
500280504,34,104,102,240
500280505,13,36,118,167
500280506,52,111,86,249
500280507,141,168,184,493
500280508,161,153,156,470
500280509,78,177,61,316
500280510,129,107,99,335
500280511,172,161,84,417
500280512,124,37,17,178
500280513,119,114,64,297
500280514,73,78,135,286
500280515,92,91,21,204
500280516,98,158,159,415
500280517,68,234,215,517
500280518,14,41,93,148
500280519,26,176,59,261
500280520,49,60,64,173
500280601,128,80,8,216
500280602,117,68,3,188
500280603,54,47,83,184
500280604,166,111,78,355
500280605,68,66,106,240
500280606,259,132,11,402
500280607,106,102,79,287
500280608,111,83,49,243
500280609,21,30,44,95
500280610,91,98,71,260
500280611,79,92,39,210
500280612,36,29,20,85
500280613,132,85,52,269
500280614,134,95,83,312
500280701,152,44,13,209
500280702,157,61,3,221
500280703,114,98,7,219
500280704,264,34,4,302
500280705,133,26,0,159
500280706,206,76,0,282
500280707,240,24,2,266
500280708,216,36,1,253
500280709,244,61,3,308
500280710,178,23,1,202
500280711,203,55,12,270
500280712,221,68,6,295
500280801,214,40,12,266
500280802,138,18,13,169
500280803,164,25,6,195
500280804,159,32,4,195
500280805,204,71,7,282
500280806,162,63,10,235
500280807,203,59,9,271
500280808,150,80,36,266
500280809,153,63,51,267
500280810,177,55,2,234
500280811,301,34,1,336
500280812,288,8,2,298
500280813,228,54,8,290
500280814,134,25,5,164
500280815,193,112,4,309
500280816,154,52,7,213
500280817,140,69,11,220
500280818,122,19,3,144
500280819,145,7,3,155
500280820,154,24,7,185
500280901,184,74,31,289
500280902,204,33,1,238
500280903,236,59,1,296
500280904,144,30,2,176
500280905,246,57,1,304
500280906,297,50,2,349
500280907,145,18,2,165
500280908,277,75,8,360
500280909,207,34,20,261
500280910,229,81,24,334
500280911,108,32,12,152
500280912,217,49,8,274
500280913,234,47,1,282
500280914,147,26,1,174
500281001,226,47,16,289
500281002,130,41,37,208
500281003,128,39,17,184
500281004,184,92,46,322
500281005,148,23,12,183
500281006,232,41,28,301
500281007,218,101,24,343
500281008,284,56,25,365
500281009,171,46,17,234
500281010,230,55,35,320
500281101,154,44,1,199
500281102,114,77,32,223
500281103,179,125,53,357
500281104,189,92,33,314
500281105,129,71,59,259
500281106,163,30,42,235
500281107,174,57,25,256
500281108,126,75,60,261
500281109,189,50,42,281
500281110,157,78,85,320
500281111,106,77,19,202
500281112,155,84,39,278
500281113,96,60,30,186
500281114,115,78,3,196
500281115,134,73,28,235
500281116,107,47,47,201
500281117,161,49,11,221
500281118,122,51,15,188
500281201,334,65,15,414
500281202,158,108,1,267
500281203,190,78,3,271
500281204,212,59,8,279
500281205,180,66,6,252
500281206,207,63,1,271
500281207,199,21,0,220
500281208,79,86,9,174
500281209,138,115,26,279
500281210,220,91,10,321
500281211,126,73,24,223
500281212,185,27,16,228
500281213,145,64,6,215
500281214,145,85,9,239
500281215,196,23,5,224
500281216,252,39,1,292
500281217,212,58,6,276
500281218,222,35,0,257
500281219,273,71,8,352
500281301,203,75,23,301
500281302,214,61,30,305
500281303,255,54,38,347
500281304,224,51,29,304
500281305,203,60,18,281
500281306,127,41,19,187
500281307,102,46,16,164
500281308,216,57,11,284
500281309,130,50,11,191
500281310,216,47,16,279
500281311,172,28,8,208
500281312,140,35,11,186
500281401,167,10,2,179
500281402,149,59,0,208
500281403,180,31,0,211
500281404,305,1,0,306
500281405,282,28,2,312
500281406,200,45,1,246
500281407,199,70,4,273
500281408,234,55,1,290
500281409,244,41,1,286
500281410,205,40,4,249
500281411,177,48,1,226
500281412,263,52,10,325
500281413,236,32,2,270
500281414,190,29,1,220
500281415,177,39,0,216
500281501,149,89,60,298
500281502,181,142,147,470
500281503,97,32,2,131
500281504,82,156,2,240
500281505,108,210,50,368
500281506,116,202,39,357
500281507,119,145,15,279
500281508,64,97,85,246
500281601,180,48,15,243
500281602,172,9,15,196
500281603,165,24,23,212
500281604,234,34,15,283
500281605,299,37,24,360
500281606,161,24,1,186
500281607,149,29,1,179
500281608,266,34,33,333
500281609,279,73,20,372
500281610,193,53,46,292
500281611,259,47,25,331
500281701,86,60,18,164
500281702,172,51,36,259
500281703,167,115,38,320
500281704,162,24,20,206
500281705,155,50,21,226
500281706,221,74,60,355
500281707,174,168,39,381
500281708,166,70,4,240
500281709,75,61,21,157
500281710,100,115,22,237
500281711,48,69,4,121
500281712,107,187,197,491
500281713,85,89,68,242
500281714,64,57,83,204
500281715,43,46,131,220
500281716,68,124,114,306
500281801,134,112,13,259
500281802,177,114,6,297
500281803,240,112,8,360
500281804,100,131,63,294
500281805,218,113,28,359
500281806,126,90,6,222
500281807,177,136,34,347
500281808,94,92,59,245
500281809,223,67,3,293
500281810,190,59,19,268
500281811,101,78,56,235
500281812,70,80,63,213
500281901,138,181,54,373
500281902,138,43,40,221
500281903,94,50,32,176
500281904,88,70,123,281
500281905,157,193,125,475
500281906,106,117,80,303
500281907,114,26,36,176
500281908,153,129,33,315
500281909,200,139,3,342
500281910,120,111,77,308
500282001,246,53,37,336
500282002,153,73,11,237
500282003,135,48,12,195
500282004,80,79,4,163
500282005,132,65,18,215
500282006,207,41,25,273
500282007,207,59,35,301
500282008,161,23,6,190
500282009,279,51,1,331
500282010,140,45,7,192
500282011,182,47,2,231
500350101,347,57,2,406
500350102,109,68,42,219
500350103,72,120,64,256
500350104,129,67,23,219
500350105,73,106,77,256
500350201,130,138,82,350
500350202,125,126,63,314
500350203,189,208,64,461
500350204,149,70,7,226
500350205,224,66,23,313
500350206,97,22,47,166
500350207,135,131,17,283
500350208,170,46,5,221
500350209,220,95,52,367
500350210,160,76,68,304
500350211,150,83,3,236
500350212,147,68,38,253
500350213,182,52,7,241
500350214,163,119,45,327
500350215,115,71,48,234
500350216,199,159,75,433
500350217,188,31,1,220
500350218,181,88,4,273
500350301,155,166,144,465
500350302,58,177,100,335
500350303,79,150,92,321
500350401,14,43,53,110
500350402,9,66,56,131
500350403,98,180,87,365
500350404,43,63,42,148
500350501,269,190,52,511
500350502,14,45,69,128
500350503,16,31,38,85
500350504,114,176,71,361
500350505,52,34,17,103
500350506,53,45,11,109
500350507,87,77,35,199
500420101,47,80,43,170
500420102,5,19,54,78
500420201,5,11,32,48
500420301,0,4,43,47
500420302,0,8,21,29
500420401,5,10,42,57
500420402,19,54,31,104
500420403,28,41,53,122
500420404,126,98,13,237
500420405,124,39,11,174
500420406,90,171,112,373
500420407,106,72,66,244
500420408,164,105,13,282
500420409,103,58,14,175
500420410,73,100,29,202
500420411,141,51,4,196
500420412,4,41,31,76
500490101,0,0,4,4
500490201,28,143,219,390
500490202,15,15,34,64
500490203,58,59,58,175
500490204,118,100,61,279
500490205,175,106,12,293
500490206,96,95,99,290
500490207,100,135,138,373
500490208,31,60,137,228
500490209,66,170,27,263
500490210,135,146,37,318
500490211,113,111,22,246
500490212,195,111,22,328
500490213,133,173,44,350
500490214,45,159,18,222
500490215,104,66,15,185
500490216,185,112,31,328
500490217,59,109,43,211
500490218,143,98,19,260
500490219,85,275,38,398
500490220,84,114,56,254
500490221,159,173,44,376
500490301,42,75,88,205
500490302,35,45,207,287
500490303,57,135,86,278
500490304,150,112,67,329
500490305,119,131,57,307
500490306,67,119,146,332
500490307,6,8,2,16
500490308,74,72,106,252
500490309,94,139,195,428
500490310,157,23,0,180
500490311,170,25,2,197
500490312,231,29,1,261
500490313,41,123,247,411
500490314,65,92,249,406
500490315,28,46,238,312
500490316,75,123,56,254
500490317,60,111,86,257
500490318,78,47,56,181
500490319,51,86,84,221
500490320,80,57,128,265
500490321,80,75,139,294
500490401,154,63,12,229
500490402,231,82,13,326
500490403,260,55,9,324
500490404,230,50,35,315
500490405,141,61,15,217
500490406,141,61,16,218
500490407,162,89,20,271
500490408,118,57,16,191
500490409,244,90,23,357
500490410,137,62,45,244
500490411,209,84,44,337
500490412,179,35,22,236
500490413,92,22,15,129
500490414,169,82,39,290
500490501,1,1,5,7
500490502,58,47,30,135
500490503,92,128,133,353
500490504,194,113,47,354
500490505,247,157,45,449
500490506,56,68,29,153
500490507,115,148,74,337
500490601,0,0,0,0
500490602,1,43,1,45
500490603,36,14,2,52
500490701,83,116,6,205
500490702,125,47,48,220
500490703,92,86,29,207
500490704,180,91,51,322
500490705,136,113,68,317
500490706,128,50,18,196
500490707,117,46,32,195
500490708,42,127,8,177
500490709,156,57,30,243
500490710,99,24,19,142
500490711,118,105,24,247
500490712,172,52,8,232
500490713,227,34,4,265
500490714,110,12,15,137
500490715,195,47,19,261
500490801,151,87,31,269
500490802,261,47,29,337
500490803,142,38,25,205
500490804,142,121,30,293
500490805,93,161,93,347
500490806,84,105,60,249
500490807,174,93,36,303
500490808,171,138,56,365
500490809,107,169,15,291
500490810,114,117,24,255
500490811,90,193,17,300
500490812,231,133,10,374
500490813,98,48,0,146
500490814,208,119,1,328
500490815,172,116,28,316
500490816,67,68,38,173
500490817,150,148,15,313
500490818,128,79,27,234
500490819,106,60,25,191
500490820,149,70,9,228
500490901,203,95,58,356
500490902,133,76,1,210
500490903,89,59,25,173
500490904,100,53,21,174
500490905,244,58,14,316
500490906,195,83,9,287
500490907,180,77,12,269
500490908,131,42,12,185
500490909,196,60,21,277
500490910,162,48,49,259
500490911,267,91,8,366
500490912,135,25,8,168
500490913,139,46,35,220
500490914,194,57,22,273
500490915,204,64,9,277
500490916,173,80,14,267
500490917,128,71,20,219
500490918,127,50,26,203
500490919,100,46,12,158
500491001,230,153,27,410
500491002,215,103,2,320
500491003,68,85,11,164
500491004,99,24,18,141
500491005,135,82,10,227
500491006,72,98,5,175
500491007,268,38,6,312
500491008,105,66,7,178
500491009,181,28,1,210
500491010,223,48,2,273
500491011,210,37,0,247
500491012,246,43,0,289
500491013,140,59,5,204
500491101,0,0,7,7
500491102,13,12,0,25
500491103,150,106,60,316
500491104,25,26,72,123
500491105,71,52,22,145
500491106,127,29,6,162
500491107,98,20,1,119
500491108,155,17,0,172
500491109,138,49,7,194
500491110,283,62,2,347
500491111,199,22,2,223
500491112,309,26,2,337
500491113,53,35,1,89
500491114,92,106,1,199
500491115,113,39,5,157
500491116,191,54,4,249
500491117,163,112,9,284
500491118,126,59,5,190
500491119,95,112,33,240
500491201,55,67,36,158
500491202,160,81,17,258
500491203,143,166,24,333
500491204,127,53,8,188
500491205,250,48,2,300
500491206,201,44,2,247
500491207,243,81,0,324
500491208,165,33,6,204
500491209,143,35,4,182
500491210,170,51,0,221
500491211,144,23,0,167
500491212,261,64,5,330
500491213,159,45,16,220
500491214,181,46,1,228
500491215,271,87,6,364
500491216,222,73,21,316
500491217,112,115,5,232
500491301,138,76,36,250
500491302,122,234,89,445
500491303,68,105,75,248
500491304,93,129,47,269
500491305,52,150,2,204
500491306,86,89,4,179
500491307,159,119,75,353
500491308,141,136,66,343
500491309,117,137,68,322
500491310,200,91,39,330
500491311,163,128,35,326
500491312,188,151,56,395
500491313,99,113,9,221
500491314,48,118,8,174
500491401,107,144,11,262
500491402,184,190,3,377
500491403,116,144,0,260
500491404,105,39,0,144
500491405,170,126,12,308
500491406,272,65,1,338
500491407,177,130,0,307
500491408,139,147,6,292
500491409,181,62,0,243
500491410,238,37,4,279
500491411,54,51,29,134
500491412,35,177,70,282
500491413,70,167,47,284
500491414,71,98,14,183
500560101,0,1,231,232
500560201,4,22,269,295
500560301,7,28,186,221
500560401,6,65,82,153
500560402,52,96,73,221
500560403,37,134,172,343
500560404,59,128,186,373
500560405,90,72,20,182
500560406,23,137,102,262
500560407,146,149,173,468
500560408,129,45,6,180
500560409,129,66,104,299
500560501,28,117,118,263
500560502,12,25,81,118
500560503,15,87,89,191
500560504,69,121,84,274
500560505,4,75,57,136
500560506,37,81,85,203
500560507,51,198,10,259
500560601,13,30,66,109
500560602,43,104,92,239
500560603,176,85,37,298
500560604,113,178,89,380
500560605,189,141,45,375
500560606,184,134,58,376
500560607,77,18,9,104
500560608,43,90,84,217
500560609,93,92,120,305
500560610,47,85,86,218
500560611,126,121,26,273
500560612,23,94,87,204
500560613,18,140,65,223
500560614,12,13,43,68
500560615,65,130,80,275
500560616,39,61,12,112
500560701,18,46,99,163
500630101,175,76,18,269
500630102,138,81,4,223
500630103,192,168,11,371
500630104,200,86,15,301
500630105,107,66,7,180
500630106,122,36,4,162
500630107,210,95,21,326
500630108,124,46,2,172
500630109,204,124,8,336
500630110,126,38,3,167
500630111,100,49,2,151
500630112,110,18,1,129
500630113,188,67,17,272
500630201,213,14,2,229
500630202,217,91,4,312
500630203,222,52,13,287
500630204,137,44,34,215
500630205,103,103,10,216
500630206,69,47,24,140
500630207,124,35,9,168
500630208,175,32,1,208
500630209,126,52,7,185
500630210,152,51,2,205
500630211,187,88,24,299
500630212,154,42,8,204
500630213,182,41,9,232
500630214,204,26,21,251
500630215,186,50,11,247
500630216,74,71,54,199
500630217,11,13,11,35
500630218,19,85,140,244
500630301,1,4,12,17
500630302,59,82,75,216
500630303,25,15,11,51
500630304,67,64,16,147
500630305,98,154,65,317
500630306,167,142,8,317
500630307,155,150,11,316
500630308,148,54,3,205
500630309,152,142,8,302
500630310,283,225,111,619
500630311,93,110,52,255
500630312,91,180,166,437
500630401,28,87,125,240
500630402,45,70,237,352
500630403,104,126,52,282
500630404,14,45,37,96
500630405,105,140,43,288
500630406,145,225,148,518
500630407,23,115,95,233
500630408,25,62,127,214
500630409,78,170,67,315
500630410,27,83,214,324
500630411,144,270,61,475
500630501,75,63,141,279
500630502,70,73,96,239
500630503,5,42,125,172
500630504,14,75,107,196
500630601,2,9,12,23
500630602,0,6,35,41
500630701,2,3,2,7
500630702,17,11,0,28
500630703,72,45,30,147
500630704,25,26,8,59
500630705,28,10,2,40
500630706,13,7,5,25
500630707,25,20,8,53
500630801,166,54,13,233
500630802,153,97,8,258
500630803,191,58,3,252
500630804,225,109,1,335
500630805,139,85,4,228
500630806,100,31,2,133
500630807,161,67,0,228
500630808,200,64,3,267
500630809,188,124,5,317
500630810,142,28,3,173
500630811,206,66,3,275
500630812,189,135,3,327
500630813,196,52,3,251
500630814,192,86,74,352
500630901,148,87,32,267
500630902,0,0,0,0
500630903,53,29,4,86
500630904,181,43,29,253
500630905,117,169,29,315
500630906,162,126,40,328
500630907,54,143,149,346
500630908,173,32,19,224
500630909,163,89,16,268
500630910,97,148,18,263
500630911,112,70,0,182
500630912,164,41,42,247
500630913,159,54,17,230
500630914,189,151,7,347
500630915,220,75,4,299
500631001,122,72,22,216
500631002,83,70,16,169
500631003,145,82,17,244
500631004,91,55,20,166
500631005,181,83,5,269
500631006,108,126,5,239
500631007,171,19,3,193
500631008,196,73,13,282
500631009,78,47,22,147
500631010,179,119,5,303
500631011,253,53,13,319
500631012,73,48,58,179
500631013,204,98,18,320
500631014,141,21,16,178
500631015,114,59,7,180
500631016,39,37,1,77
500631017,185,119,57,361
500631101,228,140,1,369
500631102,106,29,2,137
500631103,64,294,15,373
500631104,80,126,10,216
500631105,113,66,143,322
500631106,17,116,9,142
500631107,18,71,4,93
500631108,90,168,4,262
500631109,171,76,2,249
500631110,47,74,5,126
500631111,91,63,7,161
500631112,82,66,12,160
500631113,209,85,5,299
500631114,240,63,0,303
500631115,133,75,3,211
500631116,150,59,10,219
500700101,14,56,147,217
500700102,73,89,108,270
500700103,179,175,40,394
500700104,36,55,59,150
500700105,99,243,95,437
500700106,229,114,51,394
500700107,90,36,6,132
500700108,162,24,2,188
500700109,27,165,393,585
500700110,102,200,380,682
500700111,36,86,168,290
500700112,105,87,83,275
500700113,31,52,130,213
500700114,53,89,146,288
500700115,32,41,55,128
500700116,93,141,267,501
500700117,134,247,39,420
500700118,65,74,93,232
500700201,30,57,98,185
500700202,19,87,174,280
500700203,29,69,96,194
500700204,37,89,156,282
500700205,73,64,134,271
500700206,58,72,128,258
500700207,149,237,90,476
500700208,210,74,38,322
500700209,93,134,53,280
500700210,52,106,169,327
500700211,77,88,182,347
500700212,90,103,121,314
500700213,222,135,7,364
500700214,141,68,16,225
500700215,11,22,69,102
500700301,167,141,112,420
500700302,111,173,231,515
500700303,31,89,220,340
500700304,59,161,51,271
500700305,167,223,145,535
500700306,22,41,94,157
500700307,21,83,65,169
500700308,48,72,109,229
500700401,55,57,22,134
500700402,150,143,22,315
500700403,75,173,98,346
500700404,126,156,153,435
500700405,126,175,72,373
500700406,149,221,47,417
500700407,129,151,77,357
500700408,198,197,48,443
500700409,177,198,46,421
500700410,23,44,33,100
500700411,140,133,23,296
500700412,159,133,19,311
500700413,196,164,14,374
500700414,169,82,44,295
500700415,121,78,12,211
500700416,90,116,119,325
500700417,101,139,84,324
500700418,154,110,37,301
500700419,95,179,60,334
500700420,104,142,56,302
500700421,99,147,64,310
500700422,97,113,58,268
500700423,103,112,104,319
500700424,61,91,36,188
500700425,92,123,34,249
500700501,363,126,4,493
500700502,171,113,3,287
500700503,96,53,6,155
500700504,183,39,1,223
500700505,298,32,3,333
500700506,179,88,30,297
500700507,180,63,5,248
500700508,186,60,16,262
500700509,145,36,11,192
500700510,200,96,55,351
500700511,232,68,36,336
500700512,132,123,42,297
500700513,102,169,17,288
500700514,142,85,33,260
500700601,249,117,49,415
500700602,241,149,38,428
500700603,216,193,27,436
500700604,140,34,18,192
500700605,152,65,23,240
500700606,186,63,25,274
500700607,176,38,25,239
500700608,131,238,14,383
500700609,130,81,2,213
500700610,166,36,1,203
500700611,167,23,3,193
500700612,266,103,10,379
500700613,154,96,1,251
500700701,167,37,11,215
500700702,207,60,5,272
500700703,197,74,21,292
500700704,121,57,4,182
500700705,192,63,22,277
500700706,125,212,34,371
500700707,147,105,8,260
500700708,200,56,15,271
500700709,98,67,10,175
500700710,116,25,21,162
500700711,191,53,8,252
500700712,102,59,2,163
500700801,142,113,29,284
500700802,187,71,0,258
500700803,205,68,4,277
500700804,285,35,5,325
500700805,199,158,28,385
500700806,232,118,1,351
500700807,166,30,0,196
500700808,164,104,5,273
500700809,128,80,3,211
500700810,275,63,13,351
500700811,147,89,18,254
500700812,143,136,19,298
500700813,82,111,18,211
500700814,160,83,45,288
500700815,112,76,21,209
500700816,159,146,7,312
500700901,90,70,51,211
500700902,94,152,67,313
500700903,162,276,138,576
500700904,116,125,56,297
500700905,124,58,15,197
500700906,116,29,13,158
500700907,172,74,19,265
500700908,243,112,15,370
500700909,73,97,24,194
500700910,65,112,21,198
500700911,99,200,44,343
500700912,139,102,19,260
500700913,104,48,5,157
500701001,90,130,60,280
500701002,98,155,3,256
500701003,161,84,2,247
500701004,138,157,7,302
500701005,90,46,8,144
500701006,203,182,9,394
500701007,142,46,12,200
500701008,116,52,19,187
500701009,135,33,18,186
500701010,252,51,10,313
500701011,148,35,6,189
500701012,197,132,3,332
500701013,42,115,35,192
500770101,1,4,77,82
500770102,7,15,73,95
500770103,33,37,62,132
500770104,6,20,63,89
500770105,247,21,8,276
500770106,175,47,11,233
500770107,170,49,5,224
500770108,203,68,8,279
500770109,186,48,33,267
500770110,182,60,18,260
500770111,3,7,30,40
500770112,249,36,7,292
500770113,225,58,18,301
500770114,385,54,11,450
500770115,126,53,44,223
500770116,167,41,3,211
500770117,242,50,20,312
500770118,88,55,42,185
500770119,125,89,86,300
500770120,53,61,55,169
500770121,74,46,68,188
500770122,119,114,111,344
500770123,263,55,4,322
500770124,142,58,48,248
500770125,151,80,41,272
500770126,106,94,53,253
500770127,150,68,55,273
500770128,3,1,0,4
500770201,4,14,87,105
500770202,1,19,72,92
500770203,0,1,17,18
500770301,39,54,91,184
500770302,2,2,34,38
500770401,0,2,12,14
500770402,11,41,155,207
500770403,2,7,99,108
500840101,172,128,24,324
500840102,15,71,81,167
500840103,39,90,120,249
500840104,171,46,18,235
500840105,41,74,63,178
500840201,140,146,182,468
500840202,112,119,51,282
500840203,112,93,29,234
500840204,308,133,43,484
500840205,192,129,30,351
500840206,123,77,66,266
500840207,180,137,28,345
500840208,178,28,7,213
500840209,144,29,5,178
500840210,163,57,8,228
500840211,170,92,28,290
500840212,162,72,17,251
500840213,237,73,17,327
500840214,196,85,31,312
500840215,53,213,7,273
500840216,116,56,13,185
500840217,27,36,32,95
500840301,67,110,32,209
500840302,80,171,149,400
500840303,73,104,75,252
500840304,89,114,122,325
500840305,45,108,129,282
500840306,31,131,77,239
500840307,35,105,114,254
500840308,55,96,84,235
500840309,102,134,13,249
500840401,4,26,29,59
500840402,8,121,58,187
500840403,100,143,57,300
500840404,8,32,59,99
500840405,20,77,76,173
500840406,60,79,54,193
500840407,64,131,38,233
500840501,1,31,44,76
500840601,10,16,22,48
500840701,12,67,38,117
500840702,56,122,56,234
500840703,55,81,20,156
500840704,13,64,81,158
500840705,77,154,69,300
500840706,32,81,48,161
500840801,152,55,4,211
500840802,146,137,21,304
500840803,159,117,58,334
500840804,70,95,56,221
500840805,163,115,58,336
500840806,238,93,56,387
500840807,168,38,18,224
500840808,281,96,35,412
500840809,219,87,39,345
500840810,96,134,77,307
500840811,189,96,11,296
500840812,292,64,5,361
500840813,144,105,114,363
500910101,264,211,53,528
500910102,21,48,68,137
500910103,16,41,88,145
500910104,33,38,72,143
500910105,249,126,15,390
500910106,162,41,17,220
500910107,192,51,6,249
500910108,189,117,31,337
500910109,173,101,19,293
500910110,164,44,5,213
500910111,293,56,2,351
500910112,75,81,57,213
500910113,44,108,62,214
500910201,58,140,105,303
500910202,288,170,40,498
500910203,162,145,27,334
500910204,244,80,17,341
500910205,55,100,78,233
500910206,128,95,71,294
500910207,122,93,35,250
500910208,162,135,42,339
500910209,139,152,13,304
500910301,38,89,106,233
500910302,51,134,137,322
500910303,33,65,126,224
500910304,119,83,25,227
500910305,111,140,89,340
500910306,123,131,95,349
500910307,51,87,121,259
500910401,2,9,31,42
500910501,0,4,22,26
500910601,13,27,39,79
500980101,63,103,134,300
500980102,50,89,287,426
500980103,18,102,124,244
500980104,41,101,219,361
500980105,65,74,131,270
500980106,84,144,152,380
500980107,17,26,77,120
500980108,110,124,62,296
500980201,0,13,10,23
500980202,25,92,72,189
500980203,4,37,23,64
500980204,10,63,46,119
500980205,19,48,28,95
500980206,2,12,25,39
500980301,33,79,134,246
500980302,19,52,81,152
500980303,39,182,103,324
500980304,37,95,89,221
500980305,18,114,120,252
500980306,105,181,101,387
500980307,44,82,37,163
500980308,106,162,92,360
500980401,183,4,0,187
500980402,238,44,2,284
500980403,154,157,3,314
500980404,173,166,2,341
500980405,198,100,0,298
500980406,222,95,14,331
500980407,198,132,58,388
500980408,226,53,0,279
500980409,221,47,29,297
500980410,156,31,17,204
500980411,195,35,44,274
500980412,133,47,65,245
500980413,138,34,17,189
500980414,3,5,13,21
500980415,252,121,10,383
500980416,102,41,11,154
500980417,251,111,12,374
500980501,30,71,68,169
500980502,4,25,25,54
500980503,104,58,85,247
500980504,77,109,123,309
500980505,84,126,99,309
500980506,81,137,113,331
500980507,163,34,43,240
500980508,102,136,120,358
500980509,92,51,1,144
500980510,141,59,1,201
500980511,84,52,61,197
500980512,255,70,55,380
500980601,21,68,79,168
500980602,26,124,82,232
500980603,76,111,60,247
500980604,46,113,125,284
500980605,37,107,150,294
500980606,35,77,186,298
500980607,45,73,103,221
500980608,79,119,67,265
500980609,37,55,149,241
500980610,11,73,51,135
500980611,167,127,26,320
500980612,57,106,62,225
500980701,79,44,36,159
500980702,129,98,84,311
500980703,60,65,99,224
500980704,114,92,12,218
500980705,206,75,46,327
500980706,256,18,3,277
500980707,220,45,13,278
500980708,125,34,16,175
500980709,192,58,10,260
500980710,110,23,10,143
500980711,119,53,16,188
500980712,150,39,24,213
500980713,190,2,0,192
500980714,210,35,9,254
500980715,309,115,53,477
500980716,280,61,0,341
500980717,137,38,8,183
500980718,196,42,15,253
500980719,128,149,45,322
500980720,145,22,10,177
500980721,80,65,58,203
500980722,43,67,90,200
500980801,92,68,143,303
500980802,107,154,126,387
500980803,173,148,59,380
500980804,205,146,19,370
500980805,215,131,74,420
500980806,204,97,112,413
500980807,251,74,32,357
500980808,226,58,55,339
500980809,131,59,76,266
500980810,152,127,3,282
500980811,261,67,0,328
500980812,83,66,45,194
500980813,176,55,1,232
500980814,138,29,34,201
500980815,110,32,45,187
500980816,106,34,24,164
500980817,25,67,84,176
500980818,228,101,24,353
500980819,107,112,70,289
500980820,50,82,110,242
500980821,63,46,8,117
500980901,154,89,0,243
500980902,117,32,6,155
500980903,190,71,77,338
500980904,205,79,60,344
500980905,171,69,55,295
500980906,125,78,72,275
500980907,112,148,241,501
500980908,201,50,11,262
500980909,89,146,129,364
500980910,114,103,42,259
500980911,128,136,22,286
500980912,66,89,94,249
501050101,0,0,9,9
501050102,45,87,205,337
501050103,75,92,109,276
501050104,94,101,87,282
501050105,92,92,69,253
501050106,182,106,35,323
501050107,218,68,33,319
501050108,338,19,0,357
501050109,67,16,8,91
501050110,69,58,87,214
501050111,242,41,7,290
501050112,181,98,65,344
501050113,136,90,37,263
501050201,0,0,3,3
501050202,156,136,99,391
501050203,40,93,124,257
501050204,340,62,5,407
501050205,142,160,90,392
501050301,1,10,10,21
501050302,48,95,71,214
501050303,56,71,102,229
501050304,157,150,205,512
501050305,56,122,20,198
501050306,174,126,115,415
501050307,55,151,76,282
501050308,108,57,23,188
501050309,112,91,47,250
501050310,82,93,61,236
501050401,241,44,9,294
501050402,209,67,19,295
501050403,103,131,3,237
501050404,100,52,6,158
501050405,246,74,27,347
501050406,242,37,8,287
501050407,86,133,143,362
501050408,180,73,63,316
501050409,141,55,20,216
501050410,92,70,45,207
501050411,236,62,33,331
501050412,188,39,4,231
501050413,262,24,12,298
501050414,235,33,2,270
501050415,178,10,1,189
501050416,193,36,12,241
501050417,236,49,13,298
501050418,174,140,36,350
501050419,222,77,65,364
501050420,155,28,11,194
501050421,356,137,21,514
501050422,85,9,4,98
501050501,184,3,4,191
501050502,101,2,0,103
501050503,174,11,0,185
501050504,233,24,1,258
501050505,170,11,0,181
501050506,212,33,21,266
501050507,153,52,15,220
501050508,144,38,13,195
501050509,184,46,8,238
501050510,256,21,5,282
501050511,232,19,3,254
501050512,167,21,2,190
501050513,285,35,0,320
501050514,171,50,32,253
501050515,224,28,2,254
501050516,242,39,7,288
501050517,191,15,7,213
501050518,142,11,2,155
501050519,163,20,0,183
501050520,139,34,25,198
501050521,129,28,13,170
501050601,3,16,26,45
501050602,135,67,91,293
501050603,11,12,27,50
501050604,0,1,1,2
501050605,139,33,19,191
501050606,133,60,90,283
501050607,181,64,46,291
501050608,70,18,10,98
501050701,0,4,4,8
501050702,37,60,104,201
501050703,46,63,126,235
501050704,80,70,112,262
501050705,124,123,61,308
501050706,76,136,81,293
501050707,80,100,43,223
501050708,153,59,23,235
501050801,58,61,122,241
501050802,23,49,78,150
501050803,24,40,62,126
501050804,1,5,15,21
501050805,0,0,8,8
501050806,2,11,66,79
501050807,18,27,129,174
501050808,55,34,23,112
501050901,10,58,74,142
501050902,2,3,9,14
501050903,24,45,154,223
501050904,130,150,19,299
501050905,100,65,33,198
501050906,176,74,37,287
501050907,111,81,52,244
501051001,6,4,9,19
501051002,124,64,94,282
501051003,3,6,41,50
501051004,20,19,66,105
501051005,0,0,46,46
501051006,138,123,54,315
501051007,83,111,116,310
501051008,89,145,119,353
501051009,49,98,71,218
501051010,27,12,5,44
501051011,97,85,30,212
501051012,99,90,65,254
501051101,117,99,114,330
501051102,98,88,80,266
501051103,127,79,46,252
501051104,37,51,107,195
501051105,170,144,241,555
501051106,161,156,133,450
501051107,61,64,263,388
501051108,45,61,73,179
501051109,36,44,52,132
501051110,98,74,70,242
501051201,30,36,46,112
501051202,24,27,73,124
501051203,24,32,49,105
501051204,14,31,37,82
501051205,155,90,56,301
501051206,64,39,37,140
501051207,11,36,42,89
501051208,52,86,113,251
501051209,20,32,154,206
501051301,163,17,0,180
501051302,186,16,0,202
501051303,214,15,9,238
501051304,159,15,8,182
501051305,137,9,6,152
501051306,176,11,2,189
501051307,222,10,6,238
501051308,142,8,1,151
501051309,255,13,4,272
501051310,272,4,0,276
501051311,105,14,0,119
501051312,198,10,2,210
501051401,293,11,1,305
501051402,124,5,0,129
501051403,187,9,3,199
501051404,196,7,0,203
501051405,287,15,4,306
501051406,154,11,0,165
501051407,159,4,1,164
501051408,175,11,4,190
501051409,157,16,2,175
501051410,198,10,0,208
501051411,225,13,0,238
501051412,242,18,2,262
501051413,274,36,9,319
501051501,271,80,22,373
501051502,118,43,18,179
501051503,143,44,27,214
501051504,146,36,17,199
501051505,214,59,19,292
501051506,170,51,16,237
501051507,137,63,13,213
501051508,196,82,32,310
501051509,157,49,15,221
501051510,118,63,54,235
501051511,183,73,30,286
501051512,135,31,12,178
501051513,202,97,31,330
501051514,100,80,48,228
501051515,91,46,27,164
501051516,100,41,21,162
501051517,339,20,0,359
501051518,126,116,122,364
501051519,25,64,178,267
501051601,178,123,66,367
501051602,152,163,118,433
501051603,118,138,128,384
501051604,80,164,28,272
501051605,185,144,124,453
501051606,0,1,28,29
501051607,13,30,116,159
501051608,10,21,32,63
501051609,18,44,139,201
501051701,161,75,47,283
501051702,121,80,45,246
501051703,153,56,48,257
501051704,160,59,27,246
501051705,123,64,25,212
501051706,110,88,4,202
501051707,123,24,0,147
501051708,231,5,3,239
501051709,188,38,6,232
501051710,192,23,13,228
501051711,224,48,5,277
501051712,302,40,9,351
501051713,204,29,3,236
501051714,147,17,3,167
501051801,324,15,6,345
501051802,121,1,0,122
501051803,210,14,0,224
501051804,375,14,17,406
501051805,318,11,0,329
501051806,212,64,5,281
501051807,134,25,6,165
501051808,143,48,6,197
501051809,199,19,7,225
501051810,214,72,14,300
501051811,208,24,6,238
501051812,205,3,1,209
501051813,200,14,0,214
501051814,112,34,17,163
501051815,233,55,2,290
501051816,143,79,0,222
501051817,176,5,1,182
501051818,272,14,1,287
501051901,113,59,17,189
501051902,346,38,19,403
501051903,163,11,1,175
501051904,196,36,4,236
501051905,196,49,2,247
501051906,76,101,242,419
501051907,268,75,32,375
501051908,262,75,14,351
501051909,246,47,2,295
501051910,123,199,20,342
501051911,67,39,25,131
501051912,37,113,150,300
501051913,52,88,106,246
501051914,14,72,179,265
501051915,23,93,30,146
501120101,51,112,51,214
501120102,215,259,43,517
501120103,25,106,74,205
501120104,110,197,97,404
501120105,31,58,55,144
501120201,78,120,101,299
501120202,61,82,101,244
501120203,53,28,29,110
501120204,205,107,57,369
501120205,79,143,97,319
501120301,16,20,57,93
501120302,51,63,89,203
501120303,16,45,49,110
501120304,130,130,30,290
501120305,110,97,64,271
501120401,13,91,89,193
501120501,2,32,52,86
501120601,15,80,39,134
501190101,0,2,0,2
501190201,13,41,31,85
501190202,25,86,26,137
501190203,6,33,13,52
501190204,76,159,174,409
501190205,58,140,156,354
501190206,19,71,162,252
501190301,137,173,113,423
501190302,191,126,38,355
501190303,218,117,74,409
501190304,250,133,39,422
501190305,223,104,57,384
501190306,197,169,45,411
501190307,134,154,50,338
501190308,137,237,148,522
501190309,225,190,27,442
501190310,165,121,31,317
501190311,132,97,30,259
501190312,47,77,49,173
501190401,140,146,69,355
501190402,29,69,50,148
501190403,169,177,84,430
501190404,42,16,63,121
501190405,84,30,25,139
501190406,46,151,57,254
501190407,181,251,59,491
501190408,153,210,75,438
501190409,112,180,137,429
501190501,19,49,9,77
501190601,96,94,66,256
501190602,65,24,8,97
501190603,195,129,43,367
501190604,236,94,17,347
501190605,175,53,21,249
501190606,164,43,5,212
501190607,234,55,9,298
501190608,237,44,3,284
501190609,164,28,1,193
501190610,177,67,15,259
501190611,153,52,3,208
501190612,223,77,68,368
501190613,311,174,81,566
501190614,69,106,183,358
501260101,30,42,33,105
501260102,0,0,8,8
501260201,0,4,6,10
501260202,11,55,31,97
501260203,13,26,43,82
501260204,12,39,50,101
501260205,0,2,2,4
501260301,106,370,285,761
501260302,50,112,7,169
501260303,235,180,69,484
501260304,190,140,57,387
501260305,271,74,17,362
501260306,210,97,30,337
501260307,197,71,12,280
501260308,85,55,20,160
501260309,59,159,106,324
501260310,162,71,6,239
501260311,129,140,35,304
501260312,136,195,26,357
501260313,122,59,50,231
501260314,200,119,39,358
501260315,44,73,51,168
501260316,98,88,14,200
501260317,77,130,57,264
501260318,18,41,16,75
501260319,121,141,19,281
501260401,25,39,34,98
501260402,2,4,4,10
501260501,161,196,338,695
501260502,29,98,154,281
501260503,30,91,154,275
501260504,27,114,190,331
540070101,9,5,24,38
540070102,45,93,105,243
540070103,95,77,137,309
540070104,44,6,44,94
540070105,21,24,95,140
540070106,1,2,2,5
540070107,36,50,116,202
540070108,202,92,27,321
540070109,51,65,138,254
540070110,1,19,101,121
540070201,1,1,38,40
540070202,0,4,20,24
540070301,6,1,23,30
540070302,6,31,76,113
540070303,20,53,235,308
540070304,22,15,64,101
540070305,17,5,36,58
540070306,11,5,29,45
540070307,11,6,29,46
540070308,3,5,21,29
540070309,6,14,5,25
540070310,33,33,121,187
540070311,206,13,0,219
540070312,177,116,44,337
540070313,181,116,1,298
540070314,12,14,108,134
540070315,172,65,3,240
540070316,232,50,20,302
540070317,46,20,91,157
540070318,255,38,3,296
540070319,38,25,162,225
540070401,13,13,29,55
540070402,15,8,48,71
540070403,27,51,85,163
540070404,7,3,18,28
540070405,3,2,5,10
540070406,6,2,10,18
540070501,7,7,11,25
540070502,7,16,47,70
540070503,16,22,53,91
540070504,105,65,75,245
540070505,0,0,6,6
540070506,24,18,56,98
540070507,10,9,33,52
540070508,97,84,140,321
540070509,16,64,112,192
540070601,13,15,0,28
540070602,193,50,47,290
540070603,108,72,83,263
540070604,122,51,43,216
540070605,146,62,16,224
540070606,140,51,84,275
540070607,141,97,98,336
540070608,133,24,12,169
540070609,122,13,20,155
540070610,168,43,10,221
540070611,218,17,5,240
540070612,134,37,44,215
540070613,188,85,52,325
540070614,137,54,8,199
540070615,59,96,168,323
540070616,94,69,189,352
540070617,159,41,7,207
540070618,218,37,7,262
540070619,146,51,78,275
540070620,21,10,65,96
540140101,2,2,41,45
540140102,21,8,96,125
540140103,113,71,107,291
540140104,130,62,79,271
540140105,9,6,23,38
540140106,18,13,40,71
540140107,12,15,84,111
540140108,181,29,10,220
540140109,120,87,89,296
540140110,119,54,87,260
540140111,16,82,234,332
540140112,7,7,71,85
540140201,18,9,90,117
540140202,131,50,47,228
540140203,113,43,41,197
540140204,74,33,89,196
540140205,134,62,38,234
540140206,123,28,6,157
540140207,11,6,108,125
540140208,222,37,33,292
540140209,92,63,130,285
540140210,166,66,75,307
540140211,69,53,194,316
540140212,112,64,62,238
540140301,34,17,42,93
540140302,36,10,43,89
540140303,147,64,106,317
540140304,31,17,114,162
540140305,12,5,59,76
540140306,7,2,23,32
540140307,37,38,228,303
540140308,48,29,47,124
540140309,28,30,108,166
540140401,28,16,92,136
540140402,28,4,34,66
540140403,24,10,49,83
540140404,67,20,169,256
540140501,53,14,81,148
540140502,49,28,124,201
540140503,28,12,94,134
540140504,44,39,73,156
540140505,148,58,41,247
540140506,102,24,70,196
540140507,40,5,95,140
540140508,134,91,51,276
540140509,90,73,22,185
540140510,89,11,19,119
540140511,31,30,304,365
540140512,127,37,25,189
540140601,27,6,66,99
540140602,32,13,217,262
540140603,7,9,67,83
540140604,31,8,159,198
540140605,12,7,93,112
540140606,14,7,148,169
540140607,65,16,331,412
540140608,6,7,294,307
540140609,38,15,100,153
540140701,17,17,103,137
540140702,19,8,59,86
540140703,36,5,136,177
540140704,24,9,150,183
540140705,18,12,105,135
540140801,58,25,67,150
540140802,32,27,51,110
540140803,17,5,27,49
540140804,3,2,58,63
540140805,11,1,53,65
540140806,56,32,193,281
540140807,154,27,0,181
540140808,96,60,101,257
540140901,10,10,63,83
540140902,4,3,95,102
540140903,2,1,83,86
540140904,0,1,35,36
540140905,9,5,68,82
540140906,18,15,139,172
540141001,21,21,73,115
540141002,50,25,71,146
540141003,12,9,47,68
540141004,21,11,78,110
540141005,20,10,69,99
540141006,61,37,36,134
540210101,8,3,51,62
540210102,16,29,39,84
540210103,3,4,29,36
540210201,4,4,31,39
540210202,29,56,161,246
540210203,3,0,34,37
540210301,3,3,35,41
540210302,6,3,38,47
540210303,1,4,19,24
540210304,3,6,28,37
540210305,2,4,40,46
540210306,38,24,130,192
540210401,26,24,52,102
540210402,4,5,32,41
540210403,4,3,11,18
540210404,2,0,2,4
540210501,52,23,34,109
540210502,18,18,21,57
540210503,9,7,23,39
540210504,68,85,161,314
540210505,84,71,89,244
540210506,49,76,81,206
540210507,129,68,62,259
540210508,183,64,15,262
540210509,112,93,56,261
540210510,114,68,58,240
540210511,122,82,30,234
540210512,101,59,145,305
540210513,90,68,39,197
540210514,130,75,55,260
540210515,165,72,18,255
540210516,179,85,4,268
540210517,84,29,43,156
540210518,9,21,93,123
540210601,80,64,134,278
540210602,65,21,107,193
540210603,26,53,30,109
540210604,3,6,28,37
540210605,2,5,23,30
540210606,1,6,16,23
540210607,113,90,107,310
540210608,25,22,47,94
540210609,122,32,56,210
540210610,4,7,67,78
540210611,16,7,29,52
540210701,6,4,53,63
540210702,3,5,29,37
540210703,1,1,35,37
540210704,96,81,80,257
540210705,89,54,107,250
540280101,128,35,15,178
540280102,21,63,115,199
540280103,56,163,133,352
540280104,131,39,23,193
540280105,42,11,4,57
540280106,59,24,16,99
540280107,184,32,13,229
540280108,163,33,5,201
540280109,162,12,2,176
540280110,123,27,1,151
540280111,212,34,3,249
540280112,296,40,0,336
540280113,142,23,1,166
540280114,107,46,10,163
540280116,2,1,2,5
540280117,176,20,0,196
540280118,96,38,1,135
540280119,147,19,15,181
540280201,171,17,2,190
540280202,196,25,1,222
540280203,220,43,11,274
540280204,191,19,2,212
540280205,149,30,1,180
540280206,208,25,3,236
540280207,211,41,2,254
540280208,186,37,4,227
540280209,111,14,3,128
540280210,216,34,2,252
540280211,146,44,3,193
540280212,93,26,0,119
540280213,186,20,1,207
540280214,114,8,1,123
540280215,164,26,0,190
540280216,122,6,0,128
540280217,190,19,0,209
540280218,108,22,2,132
540280301,273,60,73,406
540280302,248,21,23,292
540280303,138,73,58,269
540280304,171,29,9,209
540280305,186,39,81,306
540280306,155,55,18,228
540280307,328,69,31,428
540280308,250,100,60,410
540280309,211,21,6,238
540280310,228,44,8,280
540280311,273,78,26,377
540280312,202,60,23,285
540280313,173,69,16,258
540280314,203,23,22,248
540280401,202,61,39,302
540280402,273,39,10,322
540280403,148,33,11,192
540280404,152,23,10,185
540280405,272,25,6,303
540280406,259,29,5,293
540280407,202,34,14,250
540280408,215,81,34,330
540280409,176,56,22,254
540280410,183,101,13,297
540280411,194,45,7,246
540280412,171,94,61,326
540280413,139,30,111,280
540280414,193,44,7,244
540280415,168,52,19,239
540280416,208,22,0,230
540280417,277,11,10,298
540280418,134,47,64,245
540280419,277,42,19,338
540280501,245,28,13,286
540280502,194,38,18,250
540280504,91,39,32,162
540280505,179,46,21,246
540280506,313,78,11,402
540280507,204,21,21,246
540280508,175,27,28,230
540280509,152,67,13,232
540280510,86,9,5,100
540280511,108,65,46,219
540280601,317,50,4,371
540280602,200,49,23,272
540280603,331,67,6,404
540280604,42,24,93,159
540280605,37,90,73,200
540280606,174,15,13,202
540280607,186,69,32,287
540280608,127,85,20,232
540280609,225,44,20,289
540280610,112,40,13,165
540280611,193,69,30,292
540280612,211,114,61,386
540280613,168,79,58,305
540280614,67,52,79,198
540280615,39,11,7,57
540280616,59,48,103,210
540280617,154,31,54,239
540280618,82,133,68,283
540280701,128,100,41,269
540280702,119,81,73,273
540280703,248,52,16,316
540280704,185,46,23,254
540280705,210,51,17,278
540280706,184,1,0,185
540280707,168,3,0,171
540280708,244,9,0,253
540280709,159,16,40,215
540280710,279,38,0,317
540280711,174,22,11,207
540280712,144,75,68,287
540280713,181,124,59,364
540280714,153,105,56,314
540280715,111,44,95,250
540280716,182,101,39,322
540280717,108,44,43,195
540280718,120,54,35,209
540280719,172,36,15,223
540280720,98,86,65,249
540280721,172,55,16,243
540280803,82,78,144,304
540280804,134,94,22,250
540280805,133,65,23,221
540280806,213,27,14,254
540280807,370,26,54,450
540280808,291,9,18,318
540280809,63,84,217,364
540280810,118,64,160,342
540280811,127,88,32,247
540280812,230,101,84,415
540280813,82,42,97,221
540280814,96,48,95,239
540280815,8,54,148,210
540280816,178,63,41,282
540280817,46,59,47,152
540280818,175,80,99,354
540280819,163,101,60,324
540280820,107,98,207,412
540280821,18,52,176,246
540280822,82,40,11,133
540280901,198,30,7,235
540280902,131,84,10,225
540280903,91,23,5,119
540280906,129,23,10,162
540280907,296,36,6,338
540280908,218,51,1,270
540280909,136,27,0,163
540280910,176,23,0,199
540280911,129,29,9,167
540281001,171,26,6,203
540281002,173,15,11,199
540281003,217,38,6,261
540281004,311,61,6,378
540281005,225,40,5,270
540281006,143,67,4,214
540281007,158,27,9,194
540281008,343,56,5,404
540281009,321,72,23,416
540281010,236,60,25,321
540281011,246,39,9,294
540281012,200,43,27,270
540281013,173,27,19,219
540281014,190,29,3,222
540281015,140,35,14,189
540281101,55,17,43,115
540281102,39,17,52,108
540281103,9,23,99,131
540281201,257,59,107,423
540281202,132,20,6,158
540281203,1,5,36,42
540281204,6,28,37,71
540281205,220,20,3,243
540281206,162,57,62,281
540281207,107,65,63,235
540281208,85,107,120,312
540281209,51,119,191,361
540281210,415,20,3,438
540281211,217,168,15,400
540281212,232,134,6,372
540281213,162,233,39,434
540281214,456,4,4,464
540281215,163,26,58,247
540281216,205,53,116,374
540281217,284,11,37,332
540281218,55,39,346,440
540281219,353,37,9,399
540281220,238,33,0,271
540281301,6,4,99,109
540281302,15,14,37,66
540281303,30,15,22,67
540281304,2,4,1,7
540281305,14,29,49,92
540281306,118,82,128,328
540281307,32,24,69,125
540281308,51,80,124,255
540281309,43,25,78,146
540281310,59,75,100,234
540281311,210,41,2,253
540281312,131,98,96,325
540281313,52,131,146,329
540281314,28,54,349,431
540281315,63,63,292,418
540281316,214,50,16,280
540281317,35,27,98,160
540281318,98,2,18,118
540281319,385,66,2,453
540281320,152,24,1,177
540281321,144,30,0,174
540281322,45,46,226,317
540281323,49,50,72,171
540281401,54,51,164,269
540281402,0,0,0,0
540281403,1,0,0,1
540281501,52,16,9,77
540281502,12,17,26,55
540281503,19,15,25,59
540281504,335,63,1,399
540281505,374,15,2,391
540281601,5,32,337,374
540281602,0,1,6,7
540281701,4,8,35,47
540281702,2,3,15,20
540281703,2,2,11,15
540281704,1,2,5,8
540281801,297,5,35,337
540281802,36,37,165,238
540281803,32,71,120,223
540281804,129,91,106,326
540281805,124,38,47,209
540281806,46,39,80,165
540281807,102,99,136,337
540281808,91,61,24,176
540281809,63,51,107,221
540281810,177,77,55,309
540281811,129,94,81,304
540281812,94,45,91,230
540281813,318,16,11,345
540281814,258,15,48,321
540281815,277,24,10,311
540281816,26,78,105,209
540281817,52,88,72,212
540281818,157,46,41,244
540281819,25,56,108,189
540281820,74,59,56,189
540281821,85,55,88,228
540281822,112,52,34,198
540281901,176,120,98,394
540281902,93,37,42,172
540281903,307,95,1,403
540281904,47,69,192,308
540281905,382,27,2,411
540281906,335,2,0,337
540281907,305,32,2,339
540281908,372,1,1,374
540281909,130,211,4,345
540281910,239,19,3,261
540281911,225,126,1,352
540281912,185,153,40,378
540281913,68,226,52,346
540281914,116,100,115,331
540281915,277,2,1,280
540281916,202,171,3,376
540281917,23,89,268,380
540281918,299,13,6,318
540281919,135,145,101,381
540281920,282,31,47,360
540281921,207,112,53,372
540281922,322,39,1,362
540281923,236,140,62,438
540281924,195,124,147,466
540281925,230,84,39,353
540281926,259,42,43,344
540281927,119,45,71,235
540281928,262,18,1,281
540282001,346,30,24,400
540282002,260,77,88,425
540282003,230,109,41,380
540282004,246,119,110,475
540282005,174,87,42,303
540282006,135,96,55,286
540282007,178,86,42,306
540282008,102,25,12,139
540282009,159,91,32,282
540282010,111,64,42,217
540282011,238,122,103,463
540282012,102,47,31,180
540282013,71,79,78,228
540282014,89,62,27,178
540282015,51,66,152,269
540282016,166,63,53,282
540282017,8,48,168,224
540282018,195,29,1,225
540282019,143,85,97,325
540282020,80,63,31,174
540282021,28,82,172,282
540282101,1,2,3,6
540282102,29,35,46,110
540282103,2,1,21,24
540282201,109,53,18,180
540282202,314,39,18,371
540282203,183,25,5,213
540282204,124,52,72,248
540282205,196,34,1,231
540282206,228,89,40,357
540282207,244,67,20,331
540282208,188,29,1,218
540282209,301,46,9,356
540282210,263,22,15,300
540282211,202,19,9,230
540282212,163,20,29,212
540282213,196,9,2,207
540282301,226,108,51,385
540282302,181,39,27,247
540282303,235,67,18,320
540282304,212,85,14,311
540282305,256,118,37,411
540282306,85,125,89,299
540282307,225,31,4,260
540282308,108,94,25,227
540282309,156,61,38,255
540282310,179,33,20,232
540282311,223,109,94,426
540282312,47,147,138,332
540282313,41,69,134,244
540282314,143,15,14,172
540282401,166,83,57,306
540282402,308,5,0,313
540282403,265,39,44,348
540282404,144,224,10,378
540282405,60,184,7,251
540282406,55,143,2,200
540282407,95,158,58,311
540282408,111,218,11,340
540282409,210,54,2,266
540282410,202,77,3,282
540282411,306,4,2,312
540282412,374,3,6,383
540282413,168,30,16,214
540282414,243,26,38,307
540282415,373,0,26,399
540282416,250,35,1,286
540282417,53,0,0,53
540350101,3,6,58,67
540350102,0,1,22,23
540350103,21,33,85,139
540350104,0,0,21,21
540350105,0,0,1,1
540350106,3,3,6,12
540350201,11,24,30,65
540350202,3,0,10,13
540350203,2,6,3,11
540350204,1,0,25,26
540350205,1,0,2,3
540350206,2,0,9,11
540350207,6,5,16,27
540350301,60,5,32,97
540350302,2,2,2,6
540350303,3,5,9,17
540350304,3,9,37,49
540350305,1,0,2,3
540350306,1,1,5,7
540350307,0,0,16,16
540350308,3,7,16,26
540350401,5,8,139,152
540350402,1,6,36,43
540350403,145,60,56,261
540350404,137,53,56,246
540350405,7,3,37,47
540350406,1,2,18,21
540350407,0,0,10,10
540350408,0,0,0,0
540350409,2,0,23,25
540350410,124,78,37,239
540350411,77,45,58,180
540350412,192,82,72,346
540350413,4,23,75,102
540350414,71,75,94,240
540420101,22,13,79,114
540420102,20,11,71,102
540420103,2,4,55,61
540420104,0,0,9,9
540420105,3,0,18,21
540420106,0,0,17,17
540420107,98,57,137,292
540420201,0,0,1,1
540420202,0,0,0,0
540420203,2,1,32,35
540420301,61,26,101,188
540420302,42,21,68,131
540420303,88,28,120,236
540420304,32,17,27,76
540420305,268,87,112,467
540420306,212,63,8,283
540420307,212,72,54,338
540420308,19,15,105,139
540420309,286,44,57,387
540420310,138,17,2,157
540420311,58,5,16,79
540420312,109,36,16,161
540420313,98,48,35,181
540420314,212,31,17,260
540420315,103,31,71,205
540420316,170,19,37,226
540420317,160,9,106,275
540420318,48,22,68,138
540420401,97,48,67,212
540420402,115,65,140,320
540420403,189,59,56,304
540420404,198,47,20,265
540420405,168,99,123,390
540420406,238,74,76,388
540420407,139,72,137,348
540420408,64,35,75,174
540420409,118,55,113,286
540420410,92,50,165,307
540420411,129,75,193,397
540420412,114,75,37,226
540420413,169,46,30,245
540420414,200,69,63,332
540420415,119,70,89,278
540420416,199,42,20,261
540420417,139,42,44,225
540420418,146,49,98,293
540420419,106,45,70,221
540420420,145,58,77,280
540420501,83,45,88,216
540420502,204,107,46,357
540420503,178,65,2,245
540420504,199,53,28,280
540420505,248,62,16,326
540420506,260,9,2,271
540420507,205,29,6,240
540420508,227,34,14,275
540420509,189,33,2,224
540420510,149,28,0,177
540420511,222,59,4,285
540420512,206,32,26,264
540420513,252,42,8,302
540420514,213,56,10,279
540420515,204,39,20,263
540420516,220,33,12,265
540420517,100,50,72,222
540420518,136,65,57,258
540420519,106,41,41,188
540420520,119,103,5,227
540420601,11,17,216,244
540420602,144,43,73,260
540420603,13,14,165,192
540420604,3,4,31,38
540420605,17,9,82,108
540420606,8,6,66,80
540420607,41,35,141,217
540420608,11,6,21,38
540420609,1,2,14,17
540420610,73,47,92,212
540420611,34,18,88,140
540420612,41,48,183,272
540420613,210,31,208,449
540420614,182,41,51,274
540420701,55,17,190,262
540420702,20,6,99,125
540420703,40,22,30,92
540420704,31,18,80,129
540420705,8,2,19,29
540420706,1,1,22,24
540420707,0,3,8,11
540420708,3,1,12,16
540420709,24,8,59,91
540420710,93,30,55,178
540420801,45,14,88,147
540420802,44,14,105,163
540420803,35,15,75,125
540420804,1,0,5,6
540420805,4,5,39,48
540420806,0,0,6,6
540420901,0,0,34,34
540420902,0,1,8,9
540420903,0,0,3,3
540420904,1,3,16,20
540421001,14,18,240,272
540421002,4,1,29,34
540421003,3,4,70,77
540421004,2,0,19,21
540421005,94,38,103,235
540421006,7,10,130,147
540421007,48,34,25,107
540421008,91,42,94,227
540421009,6,12,149,167
540490101,69,14,283,366
540490102,93,24,407,524
540490103,28,24,133,185
540490104,74,29,399,502
540490105,108,67,380,555
540490106,92,24,113,229
540490107,299,17,13,329
540490108,86,69,169,324
540490109,132,50,128,310
540490110,44,6,84,134
540490111,32,4,125,161
540490112,40,20,139,199
540490113,27,13,177,217
540490114,79,39,167,285
540490115,94,34,78,206
540490116,69,20,169,258
540490201,43,6,63,112
540490202,76,43,353,472
540490203,53,60,488,601
540490204,103,75,35,213
540490205,71,46,185,302
540490206,145,67,332,544
540490207,96,57,34,187
540490301,45,93,386,524
540490302,8,8,89,105
540490303,199,119,25,343
540490304,74,120,57,251
540490305,16,30,203,249
540490306,17,26,87,130
540490307,88,63,47,198
540490308,135,52,24,211
540490309,60,90,153,303
540490310,11,50,148,209
540490311,38,101,79,218
540490312,85,106,25,216
540490401,4,1,214,219
540490402,3,0,23,26
540490403,0,0,18,18
540560101,48,16,113,177
540560102,41,13,193,247
540560103,38,5,186,229
540560104,28,14,156,198
540560105,26,6,73,105
540560106,6,0,92,98
540560201,104,44,189,337
540560202,41,9,126,176
540560203,32,11,55,98
540560204,27,2,113,142
540560205,24,6,257,287
540560206,138,58,99,295
540560207,10,5,113,128
540560208,220,47,65,332
540560209,80,18,86,184
540560210,104,30,137,271
540560301,25,1,402,428
540560302,26,18,145,189
540560303,16,9,538,563
540560304,17,11,101,129
540560305,29,13,267,309
540560306,10,4,129,143
540560307,12,8,77,97
540560308,27,10,198,235
540560309,60,6,80,146
540560401,0,0,1,1
540560402,0,1,2,3
540560403,7,6,40,53
540560501,28,12,235,275
540560502,0,0,1,1
540560503,0,1,0,1
540560601,62,28,446,536
540560602,23,15,401,439
540560603,44,29,392,465
540560604,87,39,448,574
540560605,15,7,208,230
540560606,6,5,123,134
540560607,25,9,196,230
540560608,52,14,393,459
540560609,23,6,197,226
540560610,88,52,205,345
540560611,12,13,321,346
540560612,53,32,284,369
540560613,64,53,271,388
540560614,35,16,188,239
540560701,18,3,69,90
540560702,66,22,174,262
540560703,17,3,32,52
540560704,10,8,40,58
540560705,29,7,71,107
540560706,9,4,55,68
540560707,18,14,70,102
540560708,60,26,243,329
540560709,40,3,217,260
540560710,121,38,100,259
540560711,244,24,6,274
540560801,83,41,398,522
540560802,78,18,388,484
540560803,9,0,202,211
540560901,245,69,53,367
540560902,291,172,159,622
540560903,176,81,191,448
540560904,149,55,88,292
540560905,145,89,54,288
540560906,125,54,42,221
540560907,81,51,84,216
540560908,256,25,16,297
540560909,60,49,171,280
540560910,141,46,36,223
540560911,64,65,64,193
540630101,0,1,124,125
540630102,13,14,56,83
540630103,1,0,1,2
540630104,2,0,0,2
540630105,0,1,185,186
540630106,48,54,161,263
540630107,67,77,126,270
540630108,35,59,97,191
540630109,67,110,186,363
540630110,116,25,191,332
540630111,1,22,295,318
540630112,6,20,263,289
540630113,22,50,180,252
540630114,107,31,67,205
540630115,35,4,209,248
540630201,3,0,2,5
540630202,1,0,0,1
540630203,0,0,0,0
540630301,0,0,58,58
540630302,2,2,75,79
540630401,0,0,22,22
540630402,0,1,19,20
540630403,48,3,31,82
540630404,6,1,52,59
540630405,51,95,69,215
540630406,65,84,179,328
540630407,89,64,81,234
540630408,184,43,24,251
540630409,70,19,91,180
540630410,55,37,97,189
540630501,4,5,154,163
540630502,0,1,20,21
540630503,6,5,22,33
540630504,2,3,36,41
540630505,1,0,54,55
540630601,0,0,1,1
540630602,0,0,22,22
540630701,0,0,7,7
540630702,0,0,3,3
540630703,4,1,12,17
540630704,0,0,53,53
540630705,0,1,24,25
540630801,72,25,80,177
540630802,177,90,158,425
540630803,142,23,2,167
540630804,69,44,48,161
540630805,165,72,116,353
540630806,4,2,19,25
540630807,9,2,31,42
540630808,7,0,3,10
540630809,1,0,3,4
540630810,6,5,51,62
540630811,0,1,106,107
540630812,97,47,103,247
540630813,331,48,27,406
540630814,204,137,84,425
540630815,249,74,53,376
540630816,69,69,173,311
540630817,63,49,128,240
540630818,106,50,19,175
540630819,49,73,181,303
540630901,6,15,139,160
540630902,34,7,40,81
540630903,1,1,10,12
540630904,134,28,11,173
540630905,79,38,126,243
540630906,149,44,56,249
540630907,211,11,3,225
540630908,91,81,157,329
540630909,118,55,64,237
540630910,38,53,106,197
540630911,113,32,64,209
540630912,105,30,76,211
540630913,13,17,86,116
540630914,142,79,121,342
540630915,89,65,104,258
540630916,1,2,193,196
540630917,104,33,56,193
540630918,121,21,21,163
540631001,119,74,31,224
540631002,247,106,42,395
540631003,136,132,105,373
540631004,188,123,57,368
540631005,132,57,32,221
540631006,72,85,45,202
540631007,74,39,73,186
540631008,148,114,63,325
540631009,41,54,98,193
540631010,73,60,35,168
540631011,39,56,124,219
540631012,78,78,91,247
540631013,93,109,135,337
540631014,191,92,93,376
540631101,178,45,14,237
540631102,114,77,174,365
540631103,177,21,3,201
540631104,191,142,59,392
540631105,336,79,14,429
540631106,161,129,107,397
540631107,217,90,52,359
540631108,118,90,50,258
540631109,104,73,44,221
540631110,134,91,36,261
540631111,123,27,11,161
540631112,190,25,51,266
540631113,223,62,48,333
540700101,16,40,123,179
540700102,5,7,50,62
540700103,1,1,18,20
540700104,27,20,72,119
540700105,22,10,61,93
540700201,20,15,44,79
540700202,16,8,128,152
540700203,14,2,52,68
540700204,4,4,50,58
540700205,23,23,180,226
540700206,46,17,97,160
540700207,51,28,283,362
540700208,62,72,102,236
540700301,31,13,83,127
540700302,20,32,116,168
540700303,17,20,50,87
540700304,33,24,216,273
540700305,34,19,189,242
540700306,28,15,213,256
540700307,191,26,64,281
540700308,58,32,299,389
540700309,85,63,237,385
540700310,148,53,25,226
540700311,93,99,119,311
540700312,165,31,0,196
540700313,125,49,26,200
540700314,70,69,61,200
540700315,67,69,63,199
540700316,144,89,4,237
540700401,9,2,68,79
540700402,38,45,223,306
540700403,20,1,48,69
540700404,2,8,83,93
540700501,7,8,97,112
540700502,16,12,108,136
540700503,135,98,219,452
540700504,102,46,64,212
540700505,26,24,104,154
540700506,9,10,63,82
540700507,97,48,34,179
540700508,150,86,89,325
540700601,31,9,84,124
540700602,52,47,108,207
540700603,12,6,71,89
540700701,181,62,22,265
540700702,120,46,22,188
540700703,162,49,44,255
540700704,135,82,59,276
540700705,159,51,15,225
540700706,153,89,28,270
540700707,177,94,22,293
540700708,174,86,64,324
540700709,108,44,23,175
540700801,91,83,51,225
540700802,146,78,57,281
540700803,179,91,104,374
540700804,132,72,29,233
540700805,110,59,40,209
540700806,194,79,39,312
540700807,149,127,108,384
540700808,173,45,14,232
540770101,130,65,91,286
540770102,160,103,109,372
540770103,45,50,156,251
540770104,160,35,72,267
540770105,231,68,105,404
540770106,9,4,31,44
540770107,115,66,80,261
540770108,212,81,56,349
540770109,154,57,20,231
540770110,261,67,40,368
540770201,39,23,104,166
540770202,20,14,76,110
540770203,2,1,12,15
540770204,5,2,4,11
540770205,47,17,67,131
540770206,6,4,14,24
540770207,29,23,65,117
540770208,185,59,122,366
540770209,91,44,148,283
540770210,126,50,30,206
540770211,87,42,165,294
540770212,79,47,75,201
540770213,121,77,63,261
540770301,117,63,67,247
540770302,13,19,137,169
540770303,11,3,29,43
540770304,17,10,110,137
540770305,13,2,88,103
540770306,13,8,50,71
540770307,1,0,5,6
540770308,40,26,126,192
540770309,148,52,151,351
540770401,47,43,251,341
540770402,132,21,47,200
540770403,27,13,24,64
540770404,246,42,12,300
540770405,173,63,9,245
540770406,9,26,41,76
540770407,208,43,6,257
540770408,134,62,28,224
540770501,1,0,124,125
540770502,0,0,7,7
540770503,1,2,5,8
540770601,58,21,73,152
540770602,203,86,71,360
540770603,99,20,43,162
540770604,43,13,53,109
540770605,38,8,142,188
540770701,6,12,22,40
540770702,40,17,67,124
540770703,66,49,196,311
540770704,55,45,46,146
540770801,206,53,21,280
540770802,90,23,2,115
540770803,211,40,13,264
540770804,174,64,34,272
540770805,109,76,128,313
540770806,212,68,12,292
540770807,167,42,28,237
540770808,101,5,8,114
540770809,152,50,11,213
540770810,194,46,9,249
540770811,143,37,6,186
540770812,130,30,29,189
540840101,50,25,13,88
540840102,113,90,81,284
540840103,7,3,21,31
540840104,15,20,149,184
540840105,169,45,38,252
540840106,152,46,43,241
540840107,219,58,51,328
540840108,163,59,51,273
540840109,139,75,96,310
540840110,36,37,150,223
540840201,3,3,51,57
540840202,6,7,71,84
540840203,0,0,21,21
540840204,0,0,1,1
540840301,194,52,120,366
540840302,183,20,49,252
540840303,112,41,32,185
540840304,184,77,91,352
540840305,135,34,16,185
540840306,3,4,17,24
540840307,41,14,84,139
540840308,5,0,19,24
540840309,65,23,63,151
540840310,13,4,15,32
540840311,23,10,35,68
540840312,180,31,22,233
540840313,8,11,134,153
540840314,145,43,12,200
540840401,1,5,31,37
540840402,11,31,43,85
540840403,113,49,148,310
540840404,6,0,32,38
540840405,66,66,71,203
540840406,1,2,8,11
540840407,10,3,32,45
540840408,15,25,147,187
540840409,78,14,122,214
540840501,3,4,23,30
540840502,0,1,46,47
540840601,8,2,28,38
540840602,32,15,60,107
540840603,20,13,41,74
540840604,10,1,24,35
540840605,40,26,32,98
540840606,39,44,88,171
540840607,41,18,166,225
540840701,2,2,33,37
540840702,0,0,7,7
540840801,0,0,11,11
540840802,2,3,63,68
540840901,86,54,139,279
540840902,72,111,185,368
540840903,132,41,18,191
540840904,176,44,84,304
540840905,90,36,40,166
540840906,169,45,44,258
540840907,207,74,76,357
540840908,197,36,16,249
540840909,89,73,173,335
540840910,146,18,23,187
540910101,173,49,46,268
540910102,187,74,1,262
540910103,173,43,2,218
540910104,294,87,19,400
540910105,215,105,46,366
540910106,164,94,104,362
540910107,89,78,134,301
540910108,408,63,17,488
540910109,197,47,3,247
540910110,165,31,6,202
540910111,180,37,3,220
540910112,247,61,24,332
540910113,165,47,10,222
540910114,67,46,21,134
540910115,221,11,0,232
540910116,291,127,83,501
540910117,109,102,134,345
540910118,299,47,10,356
540910119,303,68,24,395
540910201,87,170,183,440
540910202,130,89,203,422
540910203,155,58,52,265
540910204,53,52,130,235
540910205,107,60,151,318
540910206,141,61,14,216
540910207,224,87,33,344
540910208,158,80,55,293
540910209,170,65,59,294
540910210,177,84,45,306
540910211,177,62,24,263
540910212,101,35,115,251
540910213,161,124,213,498
540910214,34,41,159,234
540910215,118,83,101,302
540910216,145,47,19,211
540910217,163,39,0,202
540910218,79,62,123,264
540910219,106,45,98,249
540910301,1,1,52,54
540910302,11,5,63,79
540910303,8,4,39,51
540910304,12,8,31,51
540910305,12,12,98,122
540910306,122,41,68,231
540910401,21,10,93,124
540910402,41,5,94,140
540910403,54,29,110,193
540910404,41,29,161,231
540910405,11,4,79,94
540910406,94,46,47,187
540910501,7,2,52,61
540910502,28,11,58,97
540910503,29,12,60,101
540910504,9,12,61,82
540910505,14,0,64,78
540910506,19,11,69,99
540910507,42,29,114,185
540910508,42,6,60,108
540910509,77,104,257,438
540910510,3,9,59,71
540910511,105,2,2,109
540910512,199,43,20,262
540910513,100,65,99,264
540910514,132,66,27,225
540910515,120,78,124,322
540910516,46,31,84,161
540910601,69,18,76,163
540910602,21,8,96,125
540910603,37,8,40,85
540910701,14,10,37,61
540910702,16,6,51,73
540910703,11,4,99,114
540910704,7,5,53,65
540910705,43,16,74,133
540910706,52,10,100,162
540910707,75,36,134,245
540910708,9,1,106,116
540910709,46,21,41,108
540910710,108,16,20,144
540910711,7,2,10,19
540910712,125,56,65,246
540910713,54,49,169,272
540910714,70,22,165,257
540910715,267,56,39,362
540910716,87,66,87,240
540910717,85,40,122,247
540910718,220,53,44,317
540910719,149,39,74,262
540910801,4,6,29,39
540910802,21,23,121,165
540910803,16,9,164,189
540910804,6,1,64,71
540910805,42,10,95,147
540910806,10,5,17,32
540910807,24,13,60,97
540910808,27,8,90,125
540910809,13,8,104,125
540910810,127,55,112,294
540910811,24,15,128,167
540910901,45,43,185,273
540910902,20,13,180,213
540910903,12,9,157,178
540910904,10,7,78,95
540910905,93,64,105,262
540911001,35,6,217,258
540911002,25,8,84,117
540911003,11,6,37,54
540911004,3,0,23,26
540911005,37,9,100,146
540911006,19,4,59,82
540911007,1,0,33,34
540911008,73,19,61,153
540911009,47,29,90,166
540911010,17,3,86,106
540911011,15,13,19,47
540911012,8,3,12,23
540911013,5,1,80,86
540911014,46,12,135,193
540911101,43,16,188,247
540911102,6,2,73,81
540911103,0,1,21,22
540911104,2,1,26,29
540911105,26,5,47,78
540911106,26,3,105,134
540911107,16,3,44,63
540911108,29,14,80,123
540911201,19,5,82,106
540911202,12,1,15,28
540911203,44,19,45,108
540911204,3,0,12,15
540911205,24,3,62,89
540911206,19,5,57,81
540911207,23,4,59,86
540911208,9,1,44,54
540911209,45,40,163,248
540911210,93,77,58,228
540911211,69,35,18,122
540911301,2,3,312,317
540911302,2,3,242,247
540911303,173,49,66,288
540911304,60,68,124,252
540911305,178,12,6,196
540911306,167,44,39,250
540911307,89,30,82,201
540911308,221,36,5,262
540911309,303,48,87,438
540911310,329,118,5,452
540911311,185,66,109,360
540911312,166,52,101,319
540911313,251,8,0,259
540980101,66,22,71,159
540980102,25,12,58,95
540980103,15,5,55,75
540980104,69,81,149,299
540980105,12,22,22,56
540980106,133,65,114,312
540980201,1,1,25,27
540980202,128,67,150,345
540980203,24,28,76,128
540980204,9,6,28,43
540980205,5,0,26,31
540980206,207,78,14,299
540980207,151,87,85,323
540980301,10,10,40,60
540980302,27,48,71,146
540980303,11,17,71,99
540980401,23,16,80,119
540980402,5,7,33,45
540980403,5,2,20,27
540980501,146,71,86,303
540980502,288,5,10,303
540980503,160,61,25,246
540980504,125,55,38,218
540980505,133,53,37,223
540980506,130,33,7,170
540980507,50,25,124,199
540980508,7,2,21,30
540980509,37,37,79,153
540980510,16,14,54,84
540980511,22,26,104,152
540980512,21,14,53,88
540980513,87,31,86,204
540980514,96,32,80,208
540980515,123,33,6,162
540980516,56,58,219,333
540980517,8,7,97,112
540980518,166,50,8,224
540980601,20,7,41,68
540980602,10,5,44,59
540980603,2,5,31,38
540980604,5,1,18,24
540980605,5,0,8,13
540980701,36,32,86,154
540980702,41,29,119,189
540980703,11,8,32,51
540980704,61,28,24,113
540980801,10,3,90,103
540980802,14,6,100,120
540980803,17,12,89,118
540980901,30,11,125,166
540980902,44,41,243,328
540980903,105,49,28,182
540980904,24,20,183,227
540980905,16,10,96,122
540980906,5,3,74,82
540980907,141,82,73,296
540980908,148,59,104,311
540981001,3,1,8,12
540981002,83,46,372,501
540981003,1,4,204,209
540981004,85,30,104,219
540981005,116,81,32,229
540981006,133,75,52,260
540981007,67,79,65,211
540981008,161,61,35,257
540981009,147,33,8,188
540981010,82,79,23,184
540981011,69,73,150,292
540981101,4,10,42,56
540981102,5,7,80,92
540981103,22,18,101,141
540981201,98,44,3,145
540981202,73,56,74,203
540981203,44,44,63,151
540981204,26,42,223,291
540981205,26,37,249,312
540981206,160,28,60,248
540981207,97,41,86,224
540981208,73,72,167,312
540981209,169,47,14,230
540981210,116,37,30,183
540981211,173,39,8,220
540981212,87,43,65,195
540981213,128,28,12,168
540981214,58,51,145,254
541050101,13,7,56,76
541050102,15,6,21,42
541050103,15,12,144,171
541050104,6,5,60,71
541050105,10,4,67,81
541050106,2,0,3,5
541050107,4,1,45,50
541050108,9,18,56,83
541050109,2,1,3,6
541050110,1,3,11,15
541050111,2,0,7,9
541050112,41,20,26,87
541050113,73,45,84,202
541050201,24,4,69,97
541050202,12,9,68,89
541050203,3,2,85,90
541050204,8,11,53,72
541050205,0,0,6,6
541050206,0,0,6,6
541050207,25,17,88,130
541050208,8,17,60,85
541050209,62,38,188,288
541050210,1,1,31,33
541050211,1,1,18,20
541050212,7,3,46,56
541050213,72,49,83,204
541050214,149,54,45,248
541050215,48,46,70,164
541050216,101,60,56,217
541050217,121,70,62,253
541050218,254,30,36,320
541050219,183,50,3,236
541050220,52,54,78,184
541050221,104,71,48,223
541050222,143,39,18,200
541050223,134,20,14,168
541050301,5,0,39,44
541050302,89,40,129,258
541050303,13,1,26,40
541050304,0,0,10,10
541050305,4,1,51,56
541050306,8,0,53,61
541050307,9,0,78,87
541050308,2,1,39,42
541050401,50,22,131,203
541050402,30,5,108,143
541050403,16,4,91,111
541050404,15,2,53,70
541120101,22,20,415,457
541120102,57,28,701,786
541120103,42,27,258,327
541120104,3,5,33,41
541120105,4,3,32,39
541120106,28,6,55,89
541120201,0,0,5,5
541120202,0,0,20,20
541120301,0,0,6,6
541120302,2,0,25,27
541120401,0,0,1,1
541120402,0,0,1,1
541120501,119,41,168,328
541120502,205,40,29,274
541120503,106,38,76,220
541120504,75,38,132,245
541120505,44,22,271,337
541120506,25,11,219,255
541120507,24,9,119,152
541120508,39,9,236,284
541120509,47,19,161,227
541120510,112,45,174,331
541120511,112,80,93,285
541120512,105,42,79,226
541120513,137,42,35,214
541120514,34,22,65,121
541120515,39,27,172,238
541120601,16,10,204,230
541120602,48,8,446,502
541120701,1,1,16,18
541120702,15,9,313,337
541120703,110,43,502,655
541120704,31,15,89,135
541190101,60,9,150,219
541190102,46,10,134,190
541190103,68,17,298,383
541190104,142,18,189,349
541190105,140,71,366,577
541190106,165,42,76,283
541190107,227,90,200,517
541190201,13,12,112,137
541190202,31,9,225,265
541190203,29,5,225,259
541190204,26,13,88,127
541190301,5,1,57,63
541190302,101,7,277,385
541190303,63,19,184,266
541190304,25,10,80,115
541190305,53,20,92,165
541190306,20,3,49,72
541190307,153,60,44,257
541190401,32,3,86,121
541190402,69,6,189,264
541190403,157,37,220,414
541190501,17,7,71,95
541190502,134,64,269,467
541190503,46,5,187,238
541190504,13,13,110,136
541190505,3,4,42,49
541190506,28,9,78,115
541190507,79,27,27,133
541190508,209,57,91,357
541190601,1,1,32,34
541190602,40,22,125,187
541190603,24,3,81,108
580070101,0,0,0,0
580070102,5,11,117,133
580070103,33,44,57,134
580070104,106,29,35,170
580070105,45,19,25,89
580070201,12,18,61,91
580070202,5,10,10,25
580070203,14,26,37,77
580070204,9,9,14,32
580070205,33,29,146,208
580070301,38,19,48,105
580070302,296,126,77,499
580070303,188,112,33,333
580070304,237,77,36,350
580070305,15,14,62,91
580140101,22,15,71,108
580140102,29,25,77,131
580140103,29,18,30,77
580140104,177,57,35,269
580140105,27,23,34,84
580140106,252,53,15,320
580140107,129,49,13,191
580140108,149,57,7,213
580140109,349,107,30,486
580140110,193,59,78,330
580140111,37,27,47,111
580140112,21,22,18,61
580140113,19,14,37,70
580140114,143,34,87,264
580140115,6,8,123,137
580140116,149,35,90,274
580210101,2,1,30,33
580210102,1,0,34,35
580210103,6,10,62,78
580210104,1,4,37,42
580210105,19,27,25,71
580210106,0,2,11,13
580210107,2,3,35,40
580210108,0,0,20,20
580210109,1,8,33,42
580210110,15,13,4,32
580210111,8,3,6,17
580210112,119,67,31,217
580280101,3,6,23,32
580280102,3,6,6,15
580280103,0,7,43,50
580280104,3,16,36,55
580280105,3,1,21,25
580280106,4,7,5,16
580280107,175,94,11,280
580280108,58,23,14,95
580280109,172,63,23,258
580280110,59,54,1,114
580280115,15,9,13,37
580280116,49,9,4,62
580280117,204,40,10,254
580350101,0,1,25,26
580350102,52,23,19,94
580350103,2,4,6,12
580350104,17,3,0,20
580350105,3,5,13,21
580350106,1,5,21,27
580350107,0,4,22,26
580350108,19,0,1,20
580350109,12,1,0,13
580350201,26,11,42,79
580350202,96,14,36,146
580350203,3,0,4,7
580350204,31,15,194,240
580350205,13,9,94,116
580350206,2,1,38,41
580350207,9,8,130,147
580350208,3,1,98,102
580350209,217,1,0,218
580350210,26,13,201,240
580350211,4,14,120,138
580350212,4,16,120,140
580350213,7,17,108,132
580350214,1,6,143,150
580350215,58,45,93,196
580350216,43,3,0,46
580350301,153,55,7,215
580350302,125,113,4,242
580350303,161,99,2,262
580350304,338,29,1,368
580350305,319,41,1,361
580350306,308,29,4,341
580350307,325,20,1,346
580350308,173,82,164,419
580350309,272,40,3,315
580350310,232,19,4,255
580350311,28,22,70,120
580350312,102,2,0,104
580350313,243,22,0,265
580350314,29,3,0,32
580350315,35,31,107,173
580350316,281,13,0,294
580350401,244,8,1,253
580350402,249,29,5,283
580350403,115,16,2,133
580350404,272,79,56,407
580350405,164,62,16,242
580350406,238,33,1,272
580350407,171,22,2,195
580350408,264,26,3,293
580350409,256,51,7,314
580350410,220,51,34,305
580350411,276,19,1,296
580350412,236,85,7,328
580350413,147,24,2,173
580350414,226,59,6,291
580350415,238,41,16,295
580350416,215,40,2,257
580350417,239,25,0,264
580350418,253,15,20,288
580350419,256,20,1,277
580350420,256,25,1,282
580350421,160,17,2,179
580350501,203,14,0,217
580350502,243,6,0,249
580350503,255,55,0,310
580350504,167,11,3,181
580350505,166,36,1,203
580350506,232,16,1,249
580350507,155,23,2,180
580350508,157,15,0,172
580350509,226,23,2,251
580350510,238,34,1,273
580350511,253,33,4,290
580350512,112,7,0,119
580350513,211,31,0,242
580350514,181,12,0,193
580350515,189,13,0,202
580350516,275,40,2,317
580350517,189,13,1,203
580350518,124,8,0,132
580350519,117,24,0,141
580350520,113,9,0,122
580350521,161,27,0,188
580350522,179,17,4,200
580350523,154,31,0,185
580350601,245,44,6,295
580350602,207,10,0,217
580350603,169,29,0,198
580350604,173,32,0,205
580350605,237,18,1,256
580350606,171,2,1,174
580350607,131,56,4,191
580350608,267,43,3,313
580350609,269,23,2,294
580350610,198,19,0,217
580350611,194,27,2,223
580350612,245,21,1,267
580350613,255,32,8,295
580350614,252,21,1,274
580350615,205,16,1,222
580350616,158,23,3,184
580350617,169,37,0,206
580350618,91,7,0,98
580350701,44,9,1,54
580350702,155,6,0,161
580350703,269,37,1,307
580350704,293,72,19,384
580350705,149,42,51,242
580350706,194,56,28,278
580350707,142,70,29,241
580350708,185,84,14,283
580350709,238,53,28,319
580350710,203,48,30,281
580350711,226,83,34,343
580350712,242,62,23,327
580350713,177,38,9,224
580350714,145,75,10,230
580350715,120,65,45,230
580350801,16,20,154,190
580350802,332,58,60,450
580350803,252,65,36,353
580350804,68,31,114,213
580350805,21,98,0,119
580350806,219,64,25,308
580350807,143,61,67,271
580350808,183,12,0,195
580350809,269,28,1,298
580350810,264,46,15,325
580350811,267,52,1,320
580350812,116,99,16,231
580350813,158,53,8,219
580350814,246,56,41,343
580350815,180,38,21,239
580350816,169,49,138,356
580350817,231,33,7,271
580350818,155,17,2,174
580350819,195,14,1,210
580350820,202,35,7,244
580350821,72,39,76,187
580350822,157,86,108,351
580350823,160,41,58,259
580350824,22,27,132,181
580350825,100,60,57,217
580350826,128,38,24,190
580350901,56,35,116,207
580350902,211,38,9,258
580350903,274,51,8,333
580350904,229,106,8,343
580350905,136,48,2,186
580350906,158,58,36,252
580350907,256,69,4,329
580350908,233,64,4,301
580350909,290,36,4,330
580350910,229,38,2,269
580350911,220,51,5,276
580350912,233,37,5,275
580350913,292,58,10,360
580350914,259,47,12,318
580350915,149,53,10,212
580350916,192,48,27,267
580350917,236,77,4,317
580350918,205,31,27,263
580351001,149,7,0,156
580351002,235,41,17,293
580351003,171,48,5,224
580351004,265,25,2,292
580351005,309,55,27,391
580351006,390,31,2,423
580351007,189,19,2,210
580351008,212,60,1,273
580351009,246,59,7,312
580351010,79,28,52,159
580351011,221,27,14,262
580351012,159,48,15,222
580351013,365,32,0,397
580351014,170,19,3,192
580351015,186,41,6,233
580351016,202,23,3,228
580351017,227,17,4,248
580351018,116,15,2,133
580351101,194,46,2,242
580351102,199,53,3,255
580351103,225,140,22,387
580351104,371,63,7,441
580351105,179,27,1,207
580351106,283,59,14,356
580351107,335,49,6,390
580351108,207,24,2,233
580351109,74,9,14,97
580351110,189,31,5,225
580351111,0,0,0,0
580351112,121,43,105,269
580351113,193,78,33,304
580351114,149,52,25,226
580351115,177,31,30,238
580351116,149,8,0,157
580351117,211,83,88,382
580351118,202,13,0,215
580351119,178,17,1,196
580351120,158,28,10,196
580351121,235,21,3,259
580351122,227,13,0,240
580351123,186,12,0,198
580351124,60,50,1,111
580351125,146,13,3,162
580351126,71,27,65,163
580351201,300,30,15,345
580351202,151,7,5,163
580351203,149,49,9,207
580351204,280,91,15,386
580351205,297,69,39,405
580351206,132,91,2,225
580351207,171,16,2,189
580351208,194,32,8,234
580351209,271,49,5,325
580351210,163,36,2,201
580351211,125,32,12,169
580351212,187,43,10,240
580351213,230,18,12,260
580351214,173,41,20,234
580351215,253,48,9,310
580351216,211,39,4,254
580351301,185,33,5,223
580351302,126,8,0,134
580351303,97,15,8,120
580351304,111,27,12,150
580351305,113,22,21,156
580351306,217,58,2,277
580351307,215,45,27,287
580351308,156,27,4,187
580351309,257,33,11,301
580351310,269,45,41,355
580351311,207,42,10,259
580351312,258,41,8,307
580351313,317,57,8,382
580351314,196,36,4,236
580351315,313,36,19,368
580351316,283,27,3,313
580351401,140,31,10,181
580351402,52,5,3,60
580351403,256,33,5,294
580351404,234,44,15,293
580351405,227,54,10,291
580351406,158,22,1,181
580351407,288,36,25,349
580351408,292,38,10,340
580351409,193,82,19,294
580351410,297,53,26,376
580351411,251,77,75,403
580351412,314,22,4,340
580351413,336,53,11,400
580351414,347,35,2,384
580351415,140,18,6,164
580351416,101,14,1,116
580351417,121,55,104,280
580351418,326,22,12,360
580351419,173,30,9,212
580351420,42,5,1,48
580351421,54,35,63,152
580351422,197,18,4,219
580351501,334,40,24,398
580351502,206,36,12,254
580351503,285,55,3,343
580351504,185,69,16,270
580351505,346,78,9,433
580351506,309,72,14,395
580351507,244,61,37,342
580351508,265,11,1,277
580351509,273,14,3,290
580351510,276,69,16,361
580351511,168,38,10,216
580351512,213,17,0,230
580351513,218,33,15,266
580351514,244,43,4,291
580351515,158,14,0,172
580351601,76,39,59,174
580351602,131,67,40,238
580351603,20,17,20,57
580351604,113,34,12,159
580351605,116,48,88,252
580351606,125,36,18,179
580351607,51,15,32,98
580351608,115,21,11,147
580351609,17,8,115,140
580351610,93,31,74,198
580351611,103,77,89,269
580351612,62,72,74,208
580351613,19,14,156,189
580351614,50,24,57,131
580351615,52,32,106,190
580351616,220,89,29,338
580351617,6,4,42,52
580351618,38,12,8,58
580351619,104,18,6,128
580351620,61,12,3,76
580351701,289,25,7,321
580351702,214,20,25,259
580351703,129,17,1,147
580351704,259,32,5,296
580351705,69,25,9,103
580351706,200,11,2,213
580351707,282,66,26,374
580351708,287,67,28,382
580351709,282,56,7,345
580351710,264,55,7,326
580351711,309,73,24,406
580351801,0,1,3,4
580351802,217,52,2,271
580351803,145,40,18,203
580351804,147,21,3,171
580351805,235,29,4,268
580351806,171,26,8,205
580351807,306,15,4,325
580351808,242,40,6,288
580351809,274,41,10,325
580351810,261,48,6,315
580351811,55,34,83,172
580351812,130,62,141,333
580351813,87,56,44,187
580351814,54,22,55,131
580351815,220,38,7,265
580351816,211,28,0,239
580351817,21,34,151,206
580351818,236,31,2,269
580351819,159,21,2,182
580351820,152,27,12,191
580351821,194,31,11,236
580351822,138,42,12,192
580351823,182,14,2,198
580351824,138,37,28,203
580351825,165,24,13,202
580351826,70,38,55,163
580351901,99,38,50,187
580351902,234,56,11,301
580351903,152,41,0,193
580351904,230,60,16,306
580351905,289,46,6,341
580351906,271,52,3,326
580351907,270,31,3,304
580351908,308,37,14,359
580351909,258,31,8,297
580351910,131,57,31,219
580351911,148,80,76,304
580351912,91,13,2,106
580351913,83,26,67,176
580351914,114,31,29,174
580352001,82,14,16,112
580352002,141,50,9,200
580352003,38,10,1,49
580352004,64,7,25,96
580352005,6,10,4,20
580352006,22,13,55,90
580352007,136,54,116,306
580352008,272,122,29,423
580352009,167,63,9,239
580352010,169,74,26,269
580352011,160,118,6,284
580352012,279,100,5,384
580352101,26,14,72,112
580352102,178,109,4,291
580352103,166,82,3,251
580352104,312,32,8,352
580352105,194,48,7,249
580352106,232,34,1,267
580352107,259,63,2,324
580352108,217,34,5,256
580352109,177,70,4,251
580352110,222,61,18,301
580352111,159,65,27,251
580352112,176,13,6,195
580352113,59,32,47,138
580352114,163,62,23,248
580352115,132,31,8,171
580352116,108,40,35,183
580352201,8,6,45,59
580352202,151,33,11,195
580352203,17,6,3,26
580352204,13,0,2,15
580352205,115,49,46,210
580352206,161,117,1,279
580352207,119,51,5,175
580352208,217,68,13,298
580352209,174,66,18,258
580352210,177,50,13,240
580352211,234,88,13,335
580352212,110,1,19,130
580352213,145,52,25,222
580352214,144,71,23,238
580352215,124,28,14,166
580352216,106,39,18,163
580352217,138,111,37,286
580352218,98,15,6,119
580352219,181,61,16,258
580352220,139,57,27,223
580352221,85,36,12,133
580352301,3,11,41,55
580352302,244,19,9,272
580352303,163,20,9,192
580352304,255,29,2,286
580352305,179,43,13,235
580352306,125,27,7,159
580352307,249,42,3,294
580352308,240,37,5,282
580352309,304,32,7,343
580352310,227,24,9,260
580352311,204,50,15,269
580352312,209,29,15,253
580352313,223,60,8,291
580352314,208,46,2,256
580352315,141,33,27,201
580352316,128,72,14,214
580352317,153,67,17,237
580352318,89,61,2,152
580352319,208,94,18,320
580352320,185,9,2,196
580352321,104,55,5,164
580352322,2,0,7,9
580352323,121,49,14,184
580352324,148,35,10,193
580352325,167,58,1,226
580352326,213,7,1,221
580352327,103,51,17,171
580352401,167,25,40,232
580352402,217,12,5,234
580352403,228,107,84,419
580352404,159,101,92,352
580352405,67,55,25,147
580352406,44,41,127,212
580352407,66,37,150,253
580352408,23,34,221,278
580352409,74,40,127,241
580352410,121,77,79,277
580352411,221,109,7,337
580352412,210,80,2,292
580352413,170,11,24,205
580352414,162,19,4,185
580352501,272,40,25,337
580352502,254,41,17,312
580352503,257,50,20,327
580352504,185,13,8,206
580352505,152,13,0,165
580352506,73,85,1,159
580352507,138,66,4,208
580352508,135,32,2,169
580352509,16,172,1,189
580352510,220,36,10,266
580352511,129,55,19,203
580352512,105,52,71,228
580352513,153,64,41,258
580352514,177,87,27,291
580352515,127,87,33,247
580352516,165,65,28,258
580352517,227,48,20,295
580420101,6,5,81,92
580420102,3,1,34,38
580420103,12,9,54,75
580420104,14,18,30,62
580420105,79,22,6,107
580420106,43,17,81,141
580420107,8,7,15,30
580420108,12,5,29,46
580420109,30,16,4,50
580420201,112,55,62,229
580420202,129,45,8,182
580420203,172,28,4,204
580420204,114,55,2,171
580420205,172,21,22,215
580420206,185,34,21,240
580420207,205,47,17,269
580420208,214,44,13,271
580420209,132,30,26,188
580420210,149,28,7,184
580420211,257,32,7,296
580420212,106,82,8,196
580420213,98,52,27,177
580420214,238,33,4,275
580420215,166,45,20,231
580420216,154,29,9,192
580420217,226,52,3,281
580490101,2,1,0,3
580490102,11,11,17,39
580490103,5,2,3,10
580490201,8,5,3,16
580490202,6,11,99,116
580490203,5,6,56,67
580490204,0,7,62,69
580490205,7,9,81,97
580490301,24,20,22,66
580490302,18,7,0,25
580490401,244,27,10,281
580490402,117,3,1,121
580490403,193,56,10,259
580490404,248,36,25,309
580490405,151,24,10,185
580490406,178,14,4,196
580490407,239,98,89,426
580490408,172,57,49,278
580490409,176,51,24,251
580490410,139,24,3,166
580490411,85,48,81,214
580490412,90,70,20,180
580490413,193,57,15,265
580490414,97,26,74,197
580490415,91,21,71,183
580560101,19,8,44,71
580560102,2,2,8,12
580560104,4,2,2,8
580560105,35,20,64,119
580560201,17,1,1,19
580560202,5,12,0,17
580560203,5,6,1,12
580560204,5,2,1,8
580560205,7,4,0,11
580560206,17,4,6,27
580560301,129,31,25,185
580560302,123,57,110,290
580560303,230,35,10,275
580560304,200,53,18,271
580560305,165,134,27,326
580560306,221,83,15,319
580560307,137,32,38,207
580560308,182,57,108,347
580560309,173,24,3,200
580560310,27,15,37,79
580560401,138,44,22,204
580560402,167,13,3,183
580560403,237,22,12,271
580560404,174,30,6,210
580560405,382,56,12,450
580560406,244,31,7,282
580560407,235,42,63,340
580560408,172,22,18,212
580560409,160,24,9,193
580560410,131,20,13,164
580560411,21,10,7,38
580560501,16,0,1,17
580560502,115,17,7,139
580560503,88,10,1,99
580560504,154,19,1,174
580560505,185,85,60,330
580560506,190,48,55,293
580560507,188,56,34,278
580560508,173,46,43,262
580560509,254,24,21,299
580560510,150,45,8,203
580560511,176,30,11,217
580560512,150,16,2,168
580560513,109,22,7,138
580560514,86,24,0,110
580560515,150,16,3,169
580560516,177,25,3,205
580560517,109,27,3,139
580630101,2,6,35,43
580630102,7,4,65,76
580630103,1,0,24,25
580630104,17,4,124,145
580630105,23,3,12,38
580630106,0,0,11,11
580630107,1,0,13,14
580630108,1,1,23,25
580630109,16,9,65,90
580630110,8,6,17,31
580630111,412,99,42,553
580630112,273,132,84,489
580630113,233,53,44,330
580700101,3,4,6,13
580700102,9,8,11,28
580700103,190,49,73,312
580700104,153,38,6,197
580700105,234,85,111,430
580700106,179,70,19,268
580700107,222,75,112,409
580700108,154,17,19,190
580700109,71,70,52,193
580700110,122,22,24,168
580700111,182,44,79,305
580700112,93,28,19,140
580700113,205,38,83,326
580700114,106,28,154,288
580700201,16,5,13,34
580700202,29,19,8,56
580700203,4,6,5,15
580700204,65,20,16,101
580770101,0,0,0,0
580770102,62,38,48,148
580770103,38,21,42,101
580770104,28,9,19,56
580770105,90,28,44,162
580770106,147,62,8,217
580770201,36,30,42,108
580770202,0,7,38,45
580770203,56,15,8,79
580770204,39,15,19,73
580770205,167,52,2,221
580770206,41,19,32,92
580770207,173,30,13,216
580770208,301,62,8,371
580770210,58,19,12,89
580840101,1,0,14,15
580840102,111,56,38,205
580840103,60,22,5,87
580840104,5,9,26,40
580840105,46,25,24,95
580840106,132,64,34,230
580840107,12,14,61,87
580840108,37,22,39,98
580840109,46,17,13,76
580840110,2,1,15,18
580840111,2,3,94,99
580840112,1,2,17,20
580840113,1,1,0,2
580840114,9,2,5,16
580840115,0,0,0,0
580840116,167,10,2,179
580910101,0,0,22,22
580910102,27,14,33,74
580910103,130,76,34,240
580910104,5,2,19,26
580910105,0,0,12,12
580910106,32,35,59,126
580910107,262,123,41,426
580910108,205,61,19,285
580910109,3,5,47,55
580910201,0,1,9,10
580910202,1,4,8,13
580910203,1,1,12,14
580910204,0,1,7,8
580910205,26,4,14,44
580910301,0,1,10,11
580910302,36,8,23,67
580910303,163,45,46,254
580910304,293,82,31,406
580910305,203,45,17,265
580910306,148,25,20,193
580910307,96,23,15,134
580910308,142,37,11,190
580910309,131,40,20,191
580910310,114,37,13,164
580910311,103,59,106,268
580910312,114,42,9,165
580910313,142,21,11,174
580910314,114,42,22,178
580910315,108,26,3,137
580910316,101,27,2,130
580910317,163,30,6,199
580910318,246,39,9,294
580910319,166,35,31,232
580910320,145,53,26,224
580910321,141,44,33,218
580910322,183,30,21,234
580910323,118,62,69,249
580910324,168,61,22,251
580910325,164,20,6,190
580910326,107,35,16,158
580910327,161,30,20,211
580980101,42,15,39,96
580980102,0,1,2,3
580980103,289,122,47,458
580980104,271,106,64,441
580980105,26,16,51,93
580980201,2,1,33,36
580980202,52,35,62,149
580980203,0,0,19,19
580980204,35,17,17,69
580980205,44,7,13,64
581050101,22,15,12,49
581050102,81,34,11,126
581050103,110,66,37,213
581050104,239,37,18,294
581050105,151,42,26,219
581050106,305,112,29,446
581050201,3,1,0,4
581050202,5,1,7,13
581050203,3,3,6,12
581050204,53,5,0,58
581050205,1,1,12,14
581050206,0,0,11,11
581050207,7,14,35,56
581050208,1,1,18,20
581050209,24,6,29,59
581050210,2,1,31,34
581050211,132,46,33,211
581050212,0,0,28,28
581050213,1,0,28,29
581050214,0,4,15,19
581120101,19,9,70,98
581120102,3,1,19,23
581120103,49,49,0,98
581120104,0,0,7,7
581120105,2,2,65,69
581120106,1,2,9,12
581120107,0,1,19,20
581120108,1,1,25,27
581120109,12,7,10,29
581120201,7,1,69,77
581120202,10,8,75,93
581120203,1,1,25,27
581120205,63,41,74,178
581120206,111,54,38,203
581120207,73,5,9,87
581120208,164,41,15,220
581120301,49,50,26,125
581120302,269,80,12,361
581120303,269,77,21,367
581120304,328,41,3,372
581120305,190,81,49,320
581120306,130,89,7,226
581120307,253,49,22,324
581120308,121,171,20,312
581120309,197,59,31,287
581120310,224,98,2,324
581120311,145,63,24,232
581120312,253,42,2,297
581120313,182,38,5,225
581120314,223,21,1,245
581120315,123,16,1,140
581120316,165,40,19,224
581120401,30,28,109,167
581120402,80,60,100,240
581120403,4,3,9,16
581120404,272,50,12,334
581120405,166,61,27,254
581120406,120,34,20,174
581120407,135,34,16,185
581120408,305,37,23,365
581120409,129,16,5,150
581120410,138,39,4,181
581120411,136,32,29,197
581120412,101,46,38,185
581120413,195,108,25,328
581120414,48,25,35,108
581120415,144,81,67,292
581120416,85,31,10,126
581120417,11,6,0,17
581120418,348,31,20,399
581120419,138,56,68,262
581120420,240,40,23,303
581120421,306,23,2,331
620070101,3,5,9,17
620070201,10,8,19,37
620070301,6,11,6,23
620070302,133,41,7,181
620070303,62,45,9,116
620070401,8,4,21,33
620070501,150,27,10,187
620070502,139,11,5,155
620070503,218,48,6,272
620070504,155,7,0,162
620070505,174,6,0,180
620070506,195,18,1,214
620070507,160,42,8,210
620070508,161,26,1,188
620070509,155,9,0,164
620070510,329,35,4,368
620070511,194,31,12,237
620070601,27,24,34,85
620070602,93,102,46,241
620070603,111,47,40,198
620070604,58,19,35,112
620070605,0,5,1,6
620070606,24,15,12,51
620070607,86,25,30,141
620070608,349,7,1,357
620070609,285,32,2,319
620070610,63,38,102,203
620070611,29,23,106,158
620070612,255,49,2,306
620070613,109,1,0,110
620070614,1,2,124,127
620070701,147,30,9,186
620070702,192,36,8,236
620070703,142,40,14,196
620070704,150,125,18,293
620070705,242,77,11,330
620070706,96,48,18,162
620070707,89,304,1,394
620070708,98,331,3,432
620070709,106,18,6,130
620070710,42,7,8,57
620070711,359,69,0,428
620070712,216,4,1,221
620070713,129,91,4,224
620070801,154,14,2,170
620070802,133,2,0,135
620070803,18,11,3,32
620070804,218,53,4,275
620070805,302,17,1,320
620070806,276,55,5,336
620070807,152,31,1,184
620070808,126,39,24,189
620070809,162,13,1,176
620070810,248,42,8,298
620070811,180,51,25,256
620070812,128,27,11,166
620070813,216,6,0,222
620070814,180,4,1,185
620070815,123,30,5,158
620070816,140,7,7,154
620070817,140,12,1,153
620070818,111,25,17,153
620070901,23,1,1,25
620070902,63,13,2,78
620070903,25,3,2,30
620070904,40,12,5,57
620070905,20,10,2,32
620070906,49,9,0,58
620071001,172,5,0,177
620071002,157,18,0,175
620071003,208,27,0,235
620071004,170,9,3,182
620071005,180,19,2,201
620071006,166,43,1,210
620071007,234,25,0,259
620071008,128,33,3,164
620071009,140,22,4,166
620071010,157,13,1,171
620071011,134,15,7,156
620071012,152,42,15,209
620071013,155,43,19,217
620071101,252,65,6,323
620071102,146,38,0,184
620071103,223,71,44,338
620071104,227,27,2,256
620071105,105,16,1,122
620071106,143,33,12,188
620071107,156,36,27,219
620071108,88,49,55,192
620071109,118,50,61,229
620071110,111,47,36,194
620071111,144,65,96,305
620071112,120,83,87,290
620140101,3,5,2,10
620140102,72,53,94,219
620140103,233,53,28,314
620140104,240,69,16,325
620140105,114,133,26,273
620140106,6,17,3,26
620140107,0,0,0,0
620140108,108,30,31,169
620140109,49,1,7,57
620140110,190,46,58,294
620140111,251,31,39,321
620140112,100,20,54,174
620140201,171,35,12,218
620140202,158,30,10,198
620140203,179,42,7,228
620140204,197,56,32,285
620140301,305,33,4,342
620140302,50,32,74,156
620140303,133,63,35,231
620140304,231,41,18,290
620140401,233,67,59,359
620140402,297,29,5,331
620140403,225,21,3,249
620140404,212,53,16,281
620140405,141,64,3,208
620140406,190,24,13,227
620140407,194,9,6,209
620140408,269,48,25,342
620140409,173,12,3,188
620140410,222,30,10,262
620140501,11,7,6,24
620140601,168,46,19,233
620140602,169,40,39,248
620140603,177,25,10,212
620140604,114,34,47,195
620140605,139,56,29,224
620140606,130,25,13,168
620140607,161,44,27,232
620140608,108,65,54,227
620140609,103,38,69,210
620140701,13,9,17,39
620140801,7,15,24,46
620140901,97,46,35,178
620140902,92,22,4,118
620140903,4,7,4,15
620141001,33,9,28,70
620141002,76,19,59,154
620141003,93,24,56,173
620141101,73,32,47,152
620141102,245,42,4,291
620141103,131,21,18,170
620210101,63,24,22,109
620210102,105,78,100,283
620210103,54,32,8,94
620210104,112,46,34,192
620210105,61,29,9,99
620210106,128,43,20,191
620210107,132,76,8,216
620210108,150,41,15,206
620210109,102,40,25,167
620210110,91,70,78,239
620210111,67,122,27,216
620210112,72,18,14,104
620210201,58,18,17,93
620210202,96,31,18,145
620210203,55,46,203,304
620210204,65,62,108,235
620210205,124,50,70,244
620210206,153,76,81,310
620210207,183,10,0,193
620210208,214,35,4,253
620210209,96,39,41,176
620210210,104,49,42,195
620210211,140,75,95,310
620210212,19,15,142,176
620210301,95,37,0,132
620210302,146,2,0,148
620210303,93,100,0,193
620210304,106,40,0,146
620210305,54,75,2,131
620210306,68,41,0,109
620210307,91,24,1,116
620210308,96,46,0,142
620210309,152,83,3,238
620210310,105,47,0,152
620210311,86,73,1,160
620210312,84,76,0,160
620210313,134,82,1,217
620210401,12,7,4,23
620210402,30,19,21,70
620210403,13,12,0,25
620210501,52,21,41,114
620210502,19,16,41,76
620210503,3,1,11,15
620210601,51,30,26,107
620210602,114,32,37,183
620210603,98,44,5,147
620210604,137,49,6,192
620210605,98,24,8,130
620210606,128,43,4,175
620210607,131,49,51,231
620210608,140,23,115,278
620210701,117,22,93,232
620210702,39,20,61,120
620210703,38,16,47,101
620210704,29,14,73,116
620210705,100,52,112,264
620210706,91,54,147,292
620210707,137,58,214,409
620210708,37,11,20,68
620210709,92,41,156,289
620210710,107,16,5,128
620210801,91,77,19,187
620210802,49,106,6,161
620210803,97,113,24,234
620210804,55,82,19,156
620210805,102,85,49,236
620210806,110,69,37,216
620210807,97,88,28,213
620210808,114,91,35,240
620210809,159,110,71,340
620210810,127,113,90,330
620210901,69,136,1,206
620210902,144,163,5,312
620210903,89,115,62,266
620210904,183,148,44,375
620210905,157,143,25,325
620210906,71,47,52,170
620210907,117,103,0,220
620210908,204,143,39,386
620210909,107,67,17,191
620211001,123,81,88,292
620211002,133,137,29,299
620211003,91,77,80,248
620211004,74,61,48,183
620211005,137,108,87,332
620211006,66,77,70,213
620211007,70,97,18,185
620211008,112,51,45,208
620211009,16,161,4,181
620211010,17,154,2,173
620211011,11,139,1,151
620211101,103,54,4,161
620211102,126,81,3,210
620211103,139,128,4,271
620211104,128,57,5,190
620211105,134,77,7,218
620211106,151,77,6,234
620211107,126,51,9,186
620211108,106,65,2,173
620211109,95,44,6,145
620211110,92,71,17,180
620211111,112,60,84,256
620211112,154,80,74,308
620211113,130,88,5,223
620211114,97,41,19,157
620211201,131,55,10,196
620211202,118,52,14,184
620211203,86,67,9,162
620211204,67,48,6,121
620211205,86,46,10,142
620211206,124,75,14,213
620211207,130,41,27,198
620211208,191,67,54,312
620211209,24,11,2,37
620211301,119,59,7,185
620211302,123,140,3,266
620211303,119,96,0,215
620211304,100,50,2,152
620211305,83,39,6,128
620211306,137,68,3,208
620211307,122,82,4,208
620211308,100,103,3,206
620211309,69,46,3,118
620211310,105,84,3,192
620211311,132,106,4,242
620211401,88,67,47,202
620211402,153,58,124,335
620211403,92,59,188,339
620211404,87,35,210,332
620211405,223,36,94,353
620211406,17,37,149,203
620211407,23,24,151,198
620211408,133,25,86,244
620211409,195,114,61,370
620211410,155,107,78,340
620211411,195,57,42,294
620211412,234,7,1,242
620211413,168,21,3,192
620211414,179,35,10,224
620211415,203,40,11,254
620211416,208,36,43,287
620211417,147,54,13,214
620211418,23,8,16,47
620211501,83,57,7,147
620211502,93,40,0,133
620211503,108,169,3,280
620211504,57,92,0,149
620211505,43,108,7,158
620211506,87,172,10,269
620211507,87,70,3,160
620211508,48,95,3,146
620211509,89,54,1,144
620211510,75,73,0,148
620211511,69,108,8,185
620211512,75,118,11,204
620211601,153,130,31,314
620211602,108,117,37,262
620211603,99,203,24,326
620211604,44,209,0,253
620211605,20,145,6,171
620211606,37,213,2,252
620211607,193,75,46,314
620211608,108,184,1,293
620211609,26,215,4,245
620211701,79,137,24,240
620211702,84,83,42,209
620211703,7,137,2,146
620211704,71,9,118,198
620211705,88,43,100,231
620211706,72,66,92,230
620211707,69,116,44,229
620211708,214,67,29,310
620211709,138,34,34,206
620211710,137,16,92,245
620211801,95,122,21,238
620211802,94,141,11,246
620211803,82,97,36,215
620211804,92,63,24,179
620211805,93,85,1,179
620211806,76,99,28,203
620211807,91,65,32,188
620211808,70,3,1,74
620211809,162,38,47,247
620211901,133,31,10,174
620211902,103,47,78,228
620211903,184,58,18,260
620211904,220,14,8,242
620211905,130,22,40,192
620211906,74,51,24,149
620211907,84,19,13,116
620211908,125,27,138,290
620211909,82,27,62,171
620211910,82,40,62,184
620211911,142,70,46,258
620211912,61,17,140,218
620280101,2,4,3,9
620280102,9,11,11,31
620280103,8,8,45,61
620280104,77,38,98,213
620280105,24,19,81,124
620280201,6,10,9,25
620280301,1,9,13,23
620280401,231,59,36,326
620280402,257,44,16,317
620280403,150,29,16,195
620280404,210,16,19,245
620280405,87,66,23,176
620280406,236,40,18,294
620280407,121,9,10,140
620350101,64,28,56,148
620350102,48,44,85,177
620350103,11,15,55,81
620350104,28,12,43,83
620350105,6,4,38,48
620350106,23,27,37,87
620350107,7,5,57,69
620350108,5,2,19,26
620350109,9,4,25,38
620350110,102,47,33,182
620350111,8,6,202,216
620350112,78,35,52,165
620350113,63,35,127,225
620350114,110,43,51,204
620420101,5,9,10,24
620420102,10,5,40,55
620420103,51,21,52,124
620420104,4,7,20,31
620420201,53,10,2,65
620420202,23,12,132,167
620420301,0,0,19,19
620420401,293,24,23,340
620420402,167,55,32,254
620420403,110,25,32,167
620420404,156,32,32,220
620420405,197,56,39,292
620420406,72,40,95,207
620420407,23,19,37,79
620420408,49,24,92,165
620420409,58,18,45,121
620420410,183,34,30,247
620420411,149,13,9,171
620420412,152,34,41,227
620420501,83,35,18,136
620420502,71,36,32,139
620420503,17,7,21,45
620420504,131,29,13,173
620420505,165,12,3,180
620420506,173,14,27,214
620420601,209,19,21,249
620420602,260,41,15,316
620420603,112,44,3,159
620420604,154,29,15,198
620420605,139,37,26,202
620420606,119,14,43,176
620420607,223,41,14,278
620420608,164,17,1,182
620420609,232,12,0,244
620420610,185,25,0,210
620420611,172,37,0,209
620420612,124,20,19,163
620420613,130,32,9,171
620420614,132,24,15,171
620420615,199,34,27,260
620420701,149,71,165,385
620420702,128,67,241,436
620420703,77,47,32,156
620420704,115,41,45,201
620420705,179,61,137,377
620420706,17,15,83,115
620420707,78,33,101,212
620420708,87,49,39,175
620420709,81,51,58,190
620420710,60,45,96,201
620420711,168,16,2,186
620420712,12,7,113,132
620420713,6,19,326,351
620420714,113,50,186,349
620420715,100,33,60,193
620420716,102,35,67,204
620420717,5,7,128,140
620420801,247,37,1,285
620420802,235,37,4,276
620420803,128,51,12,191
620420804,161,20,3,184
620420805,144,13,3,160
620420806,173,34,2,209
620420807,217,35,5,257
620420808,243,12,0,255
620420809,180,12,0,192
620420810,210,30,2,242
620420901,125,63,6,194
620420902,174,66,104,344
620420903,104,48,101,253
620420904,147,45,5,197
620420905,196,33,10,239
620420906,221,62,38,321
620420907,194,34,47,275
620420908,141,40,28,209
620420909,148,49,7,204
620420910,168,50,12,230
620421001,159,66,78,303
620421002,168,46,21,235
620421003,139,39,17,195
620421004,109,32,17,158
620421005,144,39,20,203
620421006,152,46,38,236
620421007,130,39,28,197
620421008,117,44,64,225
620421009,179,57,50,286
620421010,153,40,54,247
620421011,174,42,12,228
620421012,145,45,1,191
620421013,165,20,1,186
620421101,110,26,65,201
620421102,110,60,52,222
620421103,58,45,59,162
620421104,47,82,79,208
620421105,101,46,77,224
620421106,107,53,64,224
620421107,66,34,125,225
620421108,33,46,71,150
620421109,60,68,93,221
620421110,152,21,122,295
620421111,85,9,35,129
620421112,3,4,116,123
620421201,206,43,29,278
620421202,282,5,4,291
620421203,278,18,11,307
620421204,204,16,9,229
620421205,140,8,1,149
620421206,146,13,2,161
620421207,283,41,3,327
620421208,220,27,3,250
620421209,206,22,1,229
620421210,190,11,0,201
620421211,152,12,1,165
620421212,169,13,1,183
620421213,190,7,3,200
620421214,121,7,0,128
620421301,109,47,69,225
620421302,94,63,167,324
620421303,160,56,61,277
620421304,168,57,86,311
620421305,180,58,65,303
620421306,257,48,52,357
620421401,82,25,49,156
620421402,2,7,9,18
620421403,123,74,78,275
620421404,91,35,31,157
620421405,166,43,70,279
620421406,50,35,24,109
620421407,182,52,32,266
620421408,97,72,59,228
620421409,58,39,76,173
620421410,46,19,41,106
620421411,76,20,111,207
620421412,29,18,46,93
620421501,278,47,44,369
620421502,55,27,135,217
620421503,134,33,66,233
620421504,65,56,88,209
620421505,132,35,17,184
620421506,37,42,103,182
620421507,218,11,2,231
620421508,58,41,17,116
620421601,186,25,30,241
620421602,21,22,87,130
620421603,133,32,34,199
620421604,87,37,72,196
620421701,105,54,99,258
620421702,70,43,78,191
620421801,222,8,6,236
620421802,92,6,38,136
620421803,170,50,93,313
620421804,126,95,19,240
620421805,150,36,44,230
620421806,115,23,63,201
620421807,241,28,25,294
620421901,194,68,10,272
620421902,98,39,39,176
620421903,204,36,9,249
620421904,150,27,75,252
620421905,34,27,24,85
620422001,8,5,52,65
620422002,211,8,0,219
620422003,131,14,1,146
620422004,178,9,0,187
620422005,139,8,1,148
620422006,152,37,37,226
620422007,216,25,0,241
620422008,145,7,2,154
620422009,140,10,0,150
620422010,118,3,0,121
620422011,205,11,2,218
620422012,190,32,1,223
620422013,164,68,0,232
620422101,134,65,59,258
620422102,82,23,41,146
620422103,252,26,11,289
620422104,92,31,16,139
620422105,115,50,46,211
620422106,95,37,40,172
620422107,136,47,61,244
620422108,84,18,13,115
620422109,49,25,34,108
620422201,230,104,45,379
620422202,51,11,4,66
620422203,132,43,60,235
620422204,23,19,37,79
620422205,145,65,108,318
620422206,76,50,103,229
620422301,129,48,49,226
620422302,102,74,26,202
620422303,118,42,15,175
620422304,163,31,8,202
620422305,219,150,8,377
620422306,153,39,5,197
620422307,166,21,5,192
620422308,118,42,2,162
620422309,145,39,9,193
620422310,136,24,5,165
620422311,233,45,20,298
620422401,82,123,4,209
620422402,170,28,10,208
620422403,149,53,4,206
620422404,267,42,7,316
620422405,218,57,31,306
620422406,155,15,2,172
620422407,135,44,2,181
620422408,292,36,13,341
620422501,203,101,8,312
620422502,210,61,16,287
620422503,259,60,42,361
620422504,98,49,13,160
620422505,256,85,24,365
620422506,181,47,16,244
620422507,210,48,31,289
620422508,299,64,29,392
620422509,164,86,28,278
620422510,232,81,11,324
620422601,147,57,60,264
620422602,111,43,69,223
620422603,167,57,65,289
620422604,111,31,29,171
620422605,74,34,58,166
620422606,96,45,65,206
620422607,96,35,41,172
620422608,97,26,25,148
620422609,169,46,55,270
620422610,113,47,18,178
620422611,140,12,3,155
620422612,206,16,6,228
620422613,213,16,2,231
620422614,164,26,4,194
620422615,130,14,0,144
620422701,151,26,32,209
620422702,214,11,22,247
620422703,177,8,0,185
620422704,165,17,0,182
620422705,195,12,0,207
620422706,169,11,7,187
620422707,153,7,1,161
620422708,276,28,4,308
620422709,208,3,0,211
620422710,207,9,11,227
620422711,140,5,0,145
620422712,184,6,0,190
620422713,278,15,11,304
620422714,177,16,9,202
620422715,128,23,3,154
620422801,290,17,2,309
620422802,146,32,3,181
620422803,336,17,10,363
620422804,119,193,1,313
620422805,197,115,6,318
620422806,235,90,14,339
620422807,168,22,0,190
620422808,166,21,2,189
620422901,179,30,22,231
620422902,127,25,14,166
620422903,244,50,7,301
620422904,222,54,20,296
620422905,173,45,12,230
620422906,192,57,16,265
620422907,212,43,14,269
620422908,212,66,17,295
620422909,220,37,29,286
620422910,158,62,54,274
620423001,240,36,1,277
620423002,311,56,14,381
620423003,203,24,0,227
620423004,183,39,18,240
620423005,137,46,11,194
620423006,24,3,8,35
620423007,224,106,17,347
620423008,254,56,30,340
620423009,244,40,28,312
620423010,178,26,12,216
620423011,175,27,84,286
620423012,66,18,21,105
620423101,188,106,25,319
620423102,164,121,54,339
620423103,177,10,53,240
620423104,267,24,1,292
620423105,292,42,4,338
620423106,237,24,1,262
620423107,76,53,120,249
620423108,197,37,6,240
620423109,182,50,11,243
620423201,153,107,2,262
620423202,125,86,9,220
620423203,112,81,1,194
620423204,269,111,0,380
620423205,130,31,10,171
620423206,150,41,13,204
620423207,150,34,13,197
620423208,160,24,12,196
620423209,182,33,14,229
620423210,203,13,3,219
620423211,182,43,8,233
620423212,152,21,6,179
620423301,140,36,4,180
620423302,163,35,0,198
620423303,274,67,16,357
620423304,239,32,5,276
620423305,179,35,13,227
620423306,164,20,4,188
620423307,135,9,1,145
620423308,138,18,2,158
620423309,182,31,3,216
620423310,207,18,1,226
620423311,268,46,1,315
620423401,220,6,1,227
620423402,337,16,20,373
620423403,209,4,0,213
620423404,161,10,3,174
620423405,263,22,5,290
620423406,136,29,0,165
620423407,136,16,3,155
620423408,140,16,4,160
620423409,166,15,3,184
620423410,311,19,2,332
620423501,189,27,2,218
620423502,225,15,4,244
620423503,237,26,11,274
620423504,196,15,1,212
620423505,192,49,0,241
620423506,228,20,5,253
620423507,227,38,12,277
620423508,132,54,12,198
620423509,259,29,0,288
620423601,211,34,11,256
620423602,212,20,2,234
620423603,257,10,2,269
620423604,176,43,11,230
620423605,169,19,5,193
620423606,177,9,2,188
620423607,233,30,2,265
620423608,183,43,4,230
620423609,186,43,2,231
620423610,82,68,4,154
620423611,185,36,5,226
620423612,191,23,9,223
620423701,52,43,118,213
620423702,120,23,50,193
620423703,71,48,139,258
620423704,90,58,81,229
620423705,154,87,32,273
620423706,121,94,113,328
620423707,161,55,88,304
620423708,8,11,89,108
620423709,306,0,0,306
620423710,297,22,3,322
620423711,185,7,0,192
620423801,210,50,13,273
620423802,197,91,20,308
620423803,117,51,21,189
620423804,114,35,24,173
620423805,203,33,6,242
620423806,186,21,1,208
620423807,115,28,1,144
620423808,214,2,0,216
620423809,167,25,10,202
620423810,184,19,2,205
620423811,287,14,1,302
620423812,140,22,2,164
620423813,57,89,3,149
620423814,92,144,28,264
620423901,251,14,1,266
620423902,149,8,0,157
620423903,155,11,2,168
620423904,194,11,0,205
620423905,257,10,0,267
620423906,260,11,5,276
620423907,254,21,32,307
620423908,196,7,3,206
620423909,172,10,1,183
620423910,183,8,3,194
620423911,222,13,2,237
620423912,201,13,3,217
620424001,46,24,152,222
620424002,25,32,165,222
620424003,343,4,0,347
620424004,142,90,66,298
620424005,105,32,41,178
620424006,136,20,22,178
620424007,212,0,0,212
620424008,142,17,6,165
620424009,232,42,28,302
620424010,108,21,13,142
620424011,236,9,0,245
620424012,180,9,6,195
620424013,128,0,0,128
620424014,258,42,25,325
620424101,217,15,0,232
620424102,172,37,0,209
620424103,190,9,0,199
620424104,112,9,2,123
620424105,205,9,6,220
620424106,195,8,2,205
620424107,138,12,0,150
620424108,245,15,4,264
620424109,165,11,2,178
620424110,133,16,5,154
620424111,204,16,0,220
620424112,213,27,4,244
620424113,166,18,5,189
620424114,159,10,8,177
620424201,239,28,12,279
620424202,230,47,25,302
620424203,212,29,3,244
620424204,237,22,7,266
620424205,87,16,37,140
620424206,190,65,53,308
620424207,258,65,31,354
620424208,200,107,3,310
620424209,133,131,8,272
620424210,209,32,1,242
620424301,82,40,93,215
620424302,112,8,3,123
620424303,168,18,2,188
620424304,143,48,1,192
620424305,241,3,2,246
620424306,330,12,4,346
620424307,264,14,1,279
620424308,230,10,4,244
620424309,236,45,23,304
620424310,171,25,28,224
620424311,186,67,56,309
620424312,195,36,51,282
620490101,130,55,42,227
620490102,94,31,88,213
620490103,5,8,21,34
620490104,19,7,86,112
620490105,9,22,71,102
620490106,109,70,33,212
620490107,13,11,55,79
620560101,109,21,16,146
620560102,23,36,37,96
620560103,10,4,95,109
620560104,11,4,89,104
620630101,184,15,3,202
620630102,140,40,3,183
620630103,188,24,8,220
620630104,214,18,6,238
620630105,131,61,21,213
620630106,249,41,31,321
620630107,32,25,22,79
620630108,137,45,31,213
620630109,270,16,1,287
620630110,140,25,5,170
620630111,126,58,0,184
620630112,172,25,26,223
620630113,304,8,2,314
620630114,123,7,5,135
620630115,123,45,20,188
620630116,138,9,0,147
620630117,121,58,24,203
620630118,86,16,42,144
620630201,241,27,34,302
620630202,72,16,20,108
620630203,39,7,22,68
620630204,68,14,45,127
620630205,116,34,39,189
620630301,3,4,11,18
620630302,38,22,6,66
620630401,33,7,5,45
620700101,116,57,58,231
620700102,105,33,81,219
620700103,95,28,49,172
620700104,56,40,110,206
620700105,4,15,23,42
620700106,26,14,105,145
620700107,34,23,69,126
620700201,138,86,7,231
620700202,104,48,37,189
620700203,197,66,32,295
620700204,126,41,9,176
620700205,132,62,16,210
620770101,127,61,18,206
620770102,112,21,21,154
620770103,133,12,8,153
620770104,183,25,10,218
620770105,98,12,8,118
620770106,160,28,7,195
620770107,201,36,10,247
620770108,116,43,14,173
620770109,178,63,17,258
620770110,91,132,2,225
620770111,146,69,80,295
620770112,185,55,31,271
620770113,121,34,12,167
620770114,114,29,5,148
620770115,120,12,6,138
620770116,140,34,4,178
620770117,63,95,15,173
620770201,232,87,2,321
620770202,79,56,28,163
620770203,104,65,13,182
620770204,86,21,5,112
620770205,152,65,9,226
620770206,118,41,4,163
620770207,81,40,1,122
620770208,79,121,13,213
620770209,97,57,39,193
620770210,116,99,52,267
620770211,134,107,9,250
620770301,62,5,1,68
620770302,51,8,0,59
620770303,44,14,2,60
620770304,59,11,1,71
620770305,105,26,6,137
620770306,50,8,0,58
620770307,111,31,4,146
620770401,78,27,12,117
620770402,40,22,51,113
620770403,278,35,13,326
620770404,242,37,26,305
620770405,249,25,5,279
620770406,267,35,11,313
620770407,31,6,1,38
620770408,1,3,8,12
620770409,113,35,16,164
620770410,72,9,3,84
620770411,98,15,2,115
620770412,82,19,6,107
620770413,133,6,0,139
620770501,5,0,26,31
620770502,10,3,1,14
620770503,24,6,3,33
620770504,22,9,2,33
620770601,49,9,1,59
620770602,26,2,1,29
620770603,50,12,1,63
620770604,72,15,1,88
620770605,87,20,4,111
620770606,40,10,2,52
620770607,71,11,2,84
620840101,99,33,24,156
620840102,111,30,11,152
620840103,56,35,30,121
620840104,162,57,22,241
620840105,74,41,48,163
620840106,96,27,7,130
620840107,85,41,48,174
620840201,3,0,6,9
620840202,10,10,23,43
620840203,8,2,12,22
620840204,17,22,14,53
620840205,4,7,3,14
620840206,7,6,21,34
620840207,2,6,31,39
620840208,9,16,117,142
620840209,3,4,55,62
620849999,246,110,62,418
620910101,250,77,63,390
620910102,152,33,54,239
620910103,268,57,56,381
620910104,95,36,42,173
620910201,114,36,52,202
620910202,164,60,72,296
620910203,122,28,35,185
620910301,119,38,58,215
620910302,100,35,15,150
620910303,201,32,33,266
620910304,153,33,66,252
620910305,120,59,168,347
620910306,109,45,44,198
620910307,194,16,4,214
620910308,131,56,92,279
620910401,9,3,10,22
620910402,11,14,26,51
620910403,8,4,18,30
620910404,42,36,195,273
620910405,15,11,125,151
620910406,9,2,103,114
620910407,6,6,71,83
660070101,0,2,137,139
660070102,9,7,3,19
660070103,20,27,29,76
660070104,2,14,23,39
660070105,2,5,78,85
660070106,11,27,148,186
660070107,37,50,111,198
660070108,60,37,130,227
660070201,3,3,82,88
660070202,4,5,39,48
660070203,1,1,9,11
660070204,1,4,79,84
660070205,53,33,101,187
660070206,0,1,14,15
660070207,54,89,94,237
660070208,55,119,34,208
660070209,52,83,37,172
660070210,81,60,28,169
660070211,88,94,63,245
660070212,33,43,169,245
660070213,52,61,66,179
660070214,52,53,59,164
660070301,0,0,5,5
660070302,7,1,14,22
660070303,39,84,33,156
660070304,2,4,31,37
660070305,3,5,20,28
660070306,10,1,0,11
660070307,0,0,13,13
660070308,1,2,17,20
660070309,0,0,13,13
660070310,0,0,3,3
660070311,3,5,12,20
660070312,0,1,5,6
660070313,2,3,19,24
660070314,0,0,14,14
660070315,25,46,111,182
660070316,56,88,114,258
660070317,70,117,59,246
660070318,92,154,76,322
660070319,90,114,36,240
660070320,56,87,76,219
660070321,37,132,134,303
660070322,26,77,88,191
660070401,0,8,18,26
660070402,2,4,19,25
660070403,5,7,10,22
660070404,0,0,15,15
660070405,4,10,70,84
660070406,6,3,13,22
660070407,4,12,49,65
660070408,80,107,75,262
660070409,11,11,24,46
660070410,0,0,46,46
660070411,1,0,16,17
660070412,8,10,15,33
660070413,5,14,20,39
660070414,18,29,48,95
660070415,39,44,76,159
660070416,215,132,31,378
660070417,54,149,85,288
660070418,99,129,63,291
660070419,106,87,41,234
660070420,110,137,28,275
660070421,96,42,37,175
660070422,107,82,33,222
660070423,149,70,22,241
660070424,56,168,148,372
660070425,34,92,90,216
660070426,15,48,119,182
660070427,1,27,224,252
660070501,9,6,37,52
660070502,0,0,5,5
660070503,0,1,34,35
660070504,0,0,29,29
660070505,0,4,49,53
660070506,2,2,39,43
660070507,1,9,0,10
660070508,0,6,58,64
660070509,0,0,21,21
660070510,5,2,172,179
660070601,81,107,181,369
660070602,3,0,9,12
660070603,0,4,16,20
660070604,0,0,20,20
660070605,1,3,15,19
660070606,3,10,33,46
660070607,4,16,39,59
660070608,0,4,33,37
660070609,2,6,41,49
660070610,0,0,30,30
660070611,3,6,76,85
660070612,1,2,46,49
660070613,2,1,6,9
660070614,32,55,216,303
660070615,28,49,101,178
660070616,28,50,92,170
660070617,80,88,71,239
660070618,62,91,31,184
660070619,27,57,133,217
660070620,75,71,48,194
660070621,72,80,121,273
660140101,14,23,85,122
660140102,1,0,36,37
660140103,3,1,98,102
660140104,53,28,36,117
660140201,0,0,3,3
660140202,92,59,447,598
660140203,18,59,127,204
660140204,2,3,72,77
660140205,1,2,7,10
660140206,84,80,112,276
660140207,44,32,82,158
660210101,2,0,71,73
660210102,1,5,22,28
660210103,14,60,110,184
660210104,15,140,98,253
660210105,2,5,10,17
660210106,2,19,26,47
660210107,83,99,29,211
660210108,85,103,26,214
660210109,86,125,20,231
660210110,81,111,35,227
660210111,116,66,19,201
660210112,81,75,61,217
660210113,55,89,70,214
660210114,106,105,63,274
660210115,57,104,64,225
660210116,96,86,73,255
660210201,0,0,5,5
660210202,0,1,15,16
660280101,49,18,12,79
660280102,38,16,8,62
660280103,1,3,29,33
660280104,53,92,150,295
660280105,264,83,0,347
660280106,161,102,0,263
660280107,112,59,22,193
660280108,88,49,9,146
660280109,84,74,56,214
660280110,104,83,55,242
660280111,105,59,34,198
660280112,189,81,18,288
660280113,123,44,21,188
660280114,199,38,7,244
660280115,158,24,2,184
660280116,11,34,69,114
660280117,32,116,200,348
660280118,21,66,244,331
660280119,0,1,326,327
660280120,33,67,56,156
660280121,75,13,28,116
660280201,105,62,28,195
660280202,91,72,26,189
660280203,1,3,18,22
660280204,1,3,8,12
660280205,131,52,0,183
660280206,1,8,255,264
660280207,174,201,2,377
660280208,0,3,179,182
660280301,0,1,6,7
660280302,0,0,29,29
660280303,0,0,15,15
660280304,1,1,23,25
660280401,125,64,44,233
660280402,21,151,151,323
660280403,42,142,92,276
660280404,4,150,247,401
660280405,12,118,239,369
660280406,65,203,109,377
660280407,29,151,120,300
660280408,47,181,110,338
660280409,162,100,0,262
660280410,97,116,23,236
660280411,125,74,0,199
660280412,191,103,0,294
660280413,155,187,7,349
660280414,124,73,26,223
660280415,35,116,57,208
660280416,72,73,26,171
660280417,57,271,92,420
660280418,32,127,76,235
660280419,32,119,93,244
660280420,30,118,41,189
660280421,131,81,7,219
660280422,36,284,7,327
660280423,36,285,8,329
660280501,93,247,16,356
660280502,148,46,3,197
660280503,84,102,20,206
660280504,9,119,77,205
660280505,53,136,54,243
660280506,134,126,19,279
660280507,149,110,55,314
660280508,179,98,1,278
660280509,47,180,6,233
660280510,156,169,17,342
660280511,124,90,19,233
660280512,201,20,1,222
660280513,170,67,0,237
660280514,143,65,7,215
660280515,172,62,0,234
660280516,241,113,6,360
660280517,314,27,1,342
660280518,171,36,2,209
660280519,65,109,0,174
660280520,170,29,0,199
660280601,188,101,9,298
660280602,149,123,6,278
660280603,231,82,6,319
660280604,168,99,11,278
660280605,211,86,11,308
660280606,159,59,2,220
660280607,166,65,4,235
660280608,180,74,3,257
660280609,164,22,0,186
660280610,170,107,0,277
660280611,318,42,6,366
660280612,182,44,4,230
660280613,147,69,1,217
660280614,164,52,0,216
660280615,151,64,2,217
660280616,277,63,0,340
660280617,180,38,0,218
660280618,152,29,0,181
660280619,165,82,24,271
660280620,142,67,6,215
660280621,176,133,17,326
660280622,258,101,3,362
660280701,103,144,41,288
660280702,127,142,23,292
660280703,56,120,31,207
660280704,77,107,28,212
660280705,59,113,16,188
660280706,74,110,16,200
660280707,91,158,33,282
660280708,98,150,23,271
660280709,111,180,20,311
660280710,136,117,18,271
660280711,129,202,31,362
660280712,86,54,15,155
660280713,147,86,21,254
660280714,78,129,11,218
660280715,84,106,37,227
660280716,92,122,20,234
660280717,84,147,22,253
660280801,0,0,0,0
660280802,87,85,10,182
660280803,54,71,28,153
660280804,89,107,21,217
660280805,149,63,9,221
660280806,129,82,19,230
660280807,89,103,9,201
660280808,69,127,7,203
660280809,176,172,26,374
660280810,126,109,6,241
660280811,74,115,5,194
660280812,65,99,12,176
660280813,146,70,7,223
660280814,157,23,2,182
660280815,119,61,1,181
660280901,313,57,4,374
660280902,281,109,5,395
660280903,121,72,30,223
660280904,63,114,29,206
660280905,161,193,14,368
660280906,117,166,37,320
660280907,155,79,22,256
660280908,51,125,96,272
660280909,169,157,14,340
660280910,98,65,7,170
660280911,80,91,9,180
660280912,153,42,3,198
660280913,176,72,6,254
660280914,160,115,3,278
660280915,91,93,4,188
660280916,141,47,19,207
660281001,178,43,2,223
660281002,184,105,3,292
660281003,109,127,17,253
660281004,112,110,13,235
660281005,199,83,4,286
660281006,188,121,36,345
660281007,153,79,0,232
660281008,113,37,0,150
660281009,185,94,1,280
660281010,226,49,5,280
660281011,134,18,8,160
660281012,100,100,8,208
660281013,137,58,0,195
660281101,149,79,2,230
660281102,123,39,2,164
660281103,236,79,2,317
660281104,147,29,1,177
660281105,211,56,1,268
660281106,166,53,2,221
660281107,162,43,0,205
660281108,153,26,0,179
660281109,152,32,0,184
660281110,166,37,0,203
660281111,157,28,1,186
660281112,136,59,0,195
660281113,150,39,0,189
660281114,194,25,0,219
660281115,97,25,5,127
660281116,72,24,0,96
660281201,223,43,2,268
660281202,142,58,3,203
660281203,169,29,0,198
660281204,166,47,1,214
660281205,129,25,0,154
660281206,91,48,7,146
660281207,116,59,0,175
660281208,95,55,1,151
660281209,59,39,0,98
660281210,187,54,8,249
660281211,216,80,3,299
660281212,115,188,97,400
660281213,105,225,80,410
660281214,35,107,97,239
660281215,30,132,59,221
660281301,173,32,19,224
660281302,102,21,0,123
660281303,167,85,1,253
660281304,118,40,0,158
660281305,211,110,6,327
660281306,173,106,1,280
660281307,246,106,2,354
660281308,119,60,2,181
660281309,97,45,1,143
660281310,114,71,3,188
660281311,85,45,8,138
660281401,197,76,4,277
660281402,222,100,4,326
660281403,211,77,1,289
660281404,125,102,21,248
660281405,157,70,10,237
660281406,153,118,25,296
660281407,143,196,5,344
660281408,130,143,15,288
660281409,92,130,55,277
660281410,103,123,41,267
660281411,149,160,68,377
660281412,147,152,15,314
660281413,177,151,17,345
660281414,124,69,6,199
660281501,123,65,31,219
660281502,23,199,146,368
660281503,23,254,100,377
660281504,69,94,150,313
660281505,10,112,205,327
660281506,16,88,205,309
660281507,48,143,89,280
660281508,69,135,15,219
660281509,54,118,25,197
660281510,89,111,15,215
660281511,35,176,125,336
660281512,30,150,141,321
660281513,15,105,126,246
660281514,179,75,6,260
660281515,147,151,30,328
660281516,184,85,10,279
660281517,106,107,0,213
660281518,95,151,18,264
660281519,74,99,10,183
660281520,62,129,10,201
660281521,69,112,13,194
660281522,107,154,13,274
660281523,46,86,24,156
660281524,122,177,45,344
660281525,101,138,32,271
660281601,130,161,41,332
660281602,125,220,105,450
660281603,81,101,5,187
660281604,82,152,15,249
660281605,121,175,22,318
660281606,127,145,8,280
660281607,147,112,14,273
660281608,60,135,31,226
660281609,108,121,48,277
660281610,69,163,31,263
660281611,113,160,11,284
660281612,147,87,5,239
660281613,79,102,19,200
660281614,163,139,1,303
660281615,31,132,59,222
660281616,38,179,50,267
660281617,43,179,173,395
660281618,126,218,53,397
660281619,38,199,147,384
660281701,171,69,1,241
660281702,86,102,5,193
660281703,93,102,8,203
660281704,99,77,4,180
660281705,98,116,16,230
660281706,109,59,6,174
660281707,141,141,17,299
660281708,150,131,23,304
660281709,92,158,18,268
660281710,45,103,12,160
660281711,39,96,25,160
660281712,67,160,32,259
660281713,49,132,82,263
660281714,73,182,64,319
660281715,64,124,34,222
660281716,87,140,39,266
660281801,162,120,10,292
660281802,180,156,13,349
660281803,95,103,10,208
660281804,65,108,8,181
660281805,80,118,14,212
660281806,106,122,9,237
660281807,70,106,4,180
660281808,73,111,10,194
660281809,104,105,8,217
660281810,90,113,17,220
660281811,116,165,32,313
660281812,183,69,7,259
660281813,79,113,38,230
660281814,55,153,51,259
660281815,63,118,19,200
660281816,74,137,33,244
660281817,59,132,33,224
660281818,41,116,83,240
660281901,40,158,141,339
660281902,29,86,154,269
660281903,45,120,42,207
660281904,49,121,39,209
660281905,115,133,106,354
660281906,76,122,78,276
660281907,109,156,24,289
660281908,70,124,64,258
660281909,12,53,158,223
660281910,10,91,283,384
660281911,92,175,15,282
660281912,100,99,4,203
660281913,142,130,12,284
660281914,9,72,191,272
660281915,9,89,166,264
660282001,100,107,7,214
660282002,202,110,2,314
660282003,149,93,0,242
660282004,119,127,7,253
660282005,164,49,1,214
660282006,168,36,0,204
660282007,96,175,46,317
660282008,68,139,60,267
660282009,64,138,74,276
660282010,105,56,17,178
660282011,139,153,38,330
660282012,88,114,81,283
660282013,24,124,71,219
660282014,58,182,51,291
660282015,39,186,65,290
660282016,29,232,31,292
660282017,15,112,142,269
660282018,20,194,156,370
660282019,3,23,218,244
660282101,184,68,0,252
660282102,204,20,0,224
660282103,104,14,4,122
660282104,152,149,16,317
660282105,131,233,32,396
660282106,304,88,2,394
660282107,194,83,0,277
660282108,101,105,4,210
660282109,157,69,1,227
660282110,113,43,0,156
660282111,124,65,33,222
660282112,170,54,0,224
660282113,94,105,17,216
660282114,196,23,3,222
660282115,210,139,1,350
660282116,231,162,2,395
660282117,277,86,2,365
660282118,252,53,4,309
660282119,186,130,0,316
660282120,109,145,16,270
660282121,125,192,29,346
660282122,190,131,1,322
660282123,100,105,8,213
660282124,108,120,2,230
660282201,121,204,1,326
660282202,111,101,0,212
660282203,149,141,2,292
660282204,185,172,6,363
660282205,152,71,2,225
660282206,84,153,0,237
660282207,110,105,10,225
660282208,243,49,0,292
660282209,205,100,0,305
660282210,271,57,0,328
660282211,203,65,0,268
660282212,196,183,0,379
660282213,167,144,1,312
660282214,181,197,3,381
660282301,23,220,66,309
660282302,36,205,1,242
660282303,59,242,56,357
660282304,35,198,83,316
660282305,45,194,90,329
660282306,41,271,16,328
660282307,53,255,5,313
660282308,24,141,162,327
660282309,86,272,1,359
660282310,54,253,2,309
660282311,55,244,65,364
660282312,42,187,47,276
660282313,21,239,60,320
660282314,23,230,78,331
660282315,13,204,67,284
660282316,10,148,134,292
660282317,14,139,154,307
660282318,6,121,186,313
660282401,50,25,11,86
660282402,160,38,1,199
660282403,56,152,66,274
660282404,17,213,108,338
660282405,19,139,158,316
660282406,10,117,153,280
660282407,11,146,39,196
660282408,22,252,85,359
660282409,15,159,152,326
660282410,19,176,215,410
660282411,20,198,140,358
660282412,55,213,108,376
660282501,202,173,16,391
660282502,118,101,9,228
660282503,62,116,29,207
660282504,158,89,27,274
660282505,62,41,30,133
660282506,82,64,72,218
660282507,99,80,56,235
660282508,117,119,98,334
660282509,170,64,10,244
660282510,303,64,2,369
660282511,181,187,6,374
660282512,254,18,0,272
660282513,172,47,0,219
660282514,210,100,0,310
660282515,292,69,0,361
660282601,41,113,116,270
660282602,73,182,26,281
660282603,294,32,0,326
660282604,21,133,72,226
660282605,51,144,38,233
660282606,26,151,117,294
660282607,12,35,406,453
660282608,11,60,364,435
660282609,13,136,285,434
660282610,6,175,268,449
660282611,7,127,216,350
660282612,5,171,301,477
660282613,4,92,312,408
660282614,10,182,255,447
660282615,16,110,201,327
660282616,11,140,150,301
660282617,105,190,134,429
660282618,2,32,300,334
660282619,4,44,308,356
660282620,0,33,272,305
660282701,90,90,17,197
660282702,10,28,201,239
660282703,63,142,94,299
660282704,93,132,17,242
660282705,50,122,55,227
660282706,56,121,34,211
660282707,22,99,100,221
660282708,38,102,69,209
660282709,43,109,109,261
660282710,51,113,47,211
660282711,59,137,62,258
660282712,42,167,50,259
660282713,85,187,55,327
660282714,59,160,33,252
660282715,26,133,148,307
660282801,139,51,3,193
660282802,79,108,1,188
660282803,116,112,0,228
660282804,179,36,4,219
660282805,284,43,2,329
660282806,195,200,3,398
660282807,180,80,31,291
660282808,274,8,2,284
660282809,117,289,23,429
660282810,239,61,74,374
660282811,274,35,12,321
660282812,256,12,9,277
660282813,208,160,30,398
660282814,109,101,6,216
660282815,97,106,5,208
660350101,1,6,52,59
660350102,36,20,70,126
660350103,29,62,112,203
660350104,1,0,15,16
660350105,13,16,111,140
660350106,69,39,234,342
660350107,0,2,31,33
660350108,15,45,103,163
660350109,95,164,90,349
660350110,85,140,24,249
660350111,85,131,48,264
660350112,146,104,22,272
660350113,109,98,45,252
660350114,51,132,67,250
660350115,53,108,29,190
660350116,74,148,48,270
660350117,172,111,97,380
660350118,2,45,167,214
660350119,2,30,139,171
660350120,17,83,86,186
660350121,11,69,64,144
660350122,40,51,228,319
660350123,245,95,0,340
660350124,216,108,17,341
660350201,4,48,272,324
660350202,17,32,119,168
660350203,17,14,159,190
660350204,1,1,13,15
660350205,0,1,43,44
660350206,82,88,65,235
660350207,3,5,77,85
660350208,13,40,49,102
660350209,88,64,77,229
660350210,51,117,153,321
660350211,74,106,71,251
660350212,74,128,110,312
660420101,6,3,87,96
660420102,0,2,49,51
660420103,90,27,129,246
660420104,72,85,231,388
660420105,9,24,101,134
660420106,5,39,124,168
660420107,3,26,29,58
660420108,50,126,10,186
660420109,96,105,31,232
660420110,27,62,59,148
660420111,80,115,32,227
660420201,3,17,77,97
660420202,11,46,105,162
660420203,106,132,90,328
660420204,0,0,4,4
660420205,97,144,119,360
660420206,40,135,63,238
660420207,87,120,47,254
660420208,67,185,63,315
660420209,57,101,24,182
660420210,43,82,56,181
660490101,0,1,22,23
660490102,2,21,34,57
660490103,5,12,125,142
660490104,108,170,61,339
660490105,32,161,150,343
660490106,36,167,48,251
660490107,132,103,80,315
660490201,2,5,87,94
660490202,1,6,18,25
660490203,0,1,9,10
660490204,2,0,36,38
660490205,8,68,8,84
660490206,0,0,36,36
660490207,1,5,12,18
660490208,0,6,27,33
660490209,2,0,24,26
660490210,2,2,9,13
660490211,163,48,9,220
660490212,29,147,11,187
660490213,45,239,36,320
660490214,58,148,0,206
660490215,4,59,125,188
660490216,2,44,133,179
660490217,114,103,95,312
660490301,8,30,128,166
660490302,34,54,135,223
660490303,0,1,26,27
660490304,5,81,116,202
660490305,99,159,61,319
660490306,21,78,88,187
660490307,106,92,7,205
660490308,71,132,14,217
660490309,48,107,42,197
660490401,211,96,3,310
660490402,63,95,70,228
660490403,60,150,96,306
660490404,78,148,52,278
660490405,94,160,50,304
660490406,41,112,43,196
660490407,41,107,46,194
660490408,100,131,16,247
660490409,36,143,71,250
660490410,24,228,164,416
660490411,43,127,50,220
660490412,57,122,56,235
660490413,185,62,29,276
660490414,51,91,42,184
660490415,45,116,42,203
660490416,82,124,51,257
660490417,156,72,2,230
660490418,128,99,20,247
660490419,48,107,46,201
660490420,44,99,30,173
660490421,58,92,50,200
660490422,82,88,13,183
660560101,0,0,31,31
660560102,43,46,138,227
660560103,3,7,198,208
660560104,0,0,22,22
660560105,80,86,109,275
660560106,48,128,192,368
660560107,89,74,72,235
660560108,103,81,11,195
660560109,61,92,66,219
660560110,112,61,31,204
660560111,82,73,38,193
660560112,178,94,168,440
660560113,1,20,99,120
660560114,49,124,83,256
660560115,10,66,94,170
660560116,7,38,69,114
660560117,9,102,126,237
660560118,13,59,190,262
660560119,27,98,202,327
660560120,5,33,100,138
660560201,0,0,56,56
660560202,2,5,111,118
660560203,17,46,183,246
660560204,11,10,266,287
660560205,5,24,87,116
660560206,0,3,46,49
660560207,5,2,30,37
660560208,6,12,86,104
660560209,1,9,90,100
660560210,154,100,56,310
660560211,82,106,25,213
660560212,87,48,87,222
660560213,130,132,102,364
660560214,102,49,27,178
660560215,56,46,80,182
660560216,18,89,101,208
660560217,93,74,18,185
660560218,131,119,53,303
660560301,7,26,189,222
660560302,5,11,106,122
660560303,1,0,72,73
660560304,7,5,149,161
660560305,2,5,160,167
660560306,4,10,258,272
660560307,2,17,199,218
660560401,2,1,76,79
660560402,32,52,62,146
660560403,23,14,119,156
660560404,0,1,4,5
660560405,183,17,88,288
660560406,32,22,8,62
660560407,35,23,14,72
660560408,88,95,42,225
660560409,6,16,136,158
660560410,38,43,178,259
660560411,4,37,121,162
660560501,3,0,15,18
660560502,5,8,15,28
660560503,0,2,84,86
660560504,28,35,170,233
660560505,18,36,156,210
660560601,2,3,21,26
660560602,5,2,71,78
660560603,3,12,139,154
660560604,2,0,53,55
660560605,0,1,66,67
660560606,2,0,48,50
660560607,0,0,39,39
660560608,4,19,217,240
660560609,10,19,7,36
660560610,0,2,32,34
660560611,4,5,161,170
660560612,7,18,217,242
660560613,0,5,285,290
660560614,128,82,87,297
660560615,47,51,203,301
660560616,19,79,271,369
660560617,51,101,105,257
660560618,65,123,194,382
660560619,109,69,28,206
660560620,109,74,37,220
660560621,29,76,117,222
660560622,235,51,13,299
660560623,105,45,31,181
660560624,0,7,452,459
660560625,64,46,19,129
660560626,89,66,111,266
660560627,10,28,169,207
660560628,55,64,97,216
660560629,13,45,109,167
660560630,7,1,116,124
660560701,3,28,464,495
660560702,59,62,151,272
660560703,97,82,103,282
660560704,94,88,48,230
660560705,87,102,65,254
660560706,115,221,0,336
660560707,0,3,41,44
660560708,12,63,313,388
660560709,68,99,60,227
660560710,110,152,97,359
660560711,99,137,26,262
660560712,130,25,15,170
660560713,173,78,15,266
660560714,62,90,69,221
660560715,19,95,250,364
660560801,27,72,179,278
660560802,44,87,158,289
660560803,75,117,50,242
660560804,85,99,70,254
660560805,161,29,7,197
660560806,124,43,4,171
660560807,82,33,2,117
660560808,124,33,8,165
660560809,118,56,6,180
660560810,121,59,29,209
660560811,97,28,12,137
660560812,140,101,24,265
660560813,64,84,41,189
660560814,25,65,203,293
660560815,5,58,252,315
660560901,13,41,0,54
660560902,108,84,32,224
660560903,153,47,10,210
660560904,146,57,28,231
660560905,88,124,58,270
660560906,60,107,87,254
660560907,13,55,235,303
660560908,17,78,230,325
660560909,75,209,166,450
660560910,3,13,198,214
660560911,68,39,292,399
660560912,61,148,36,245
660560913,78,154,68,300
660560914,112,87,26,225
660560915,155,173,54,382
660560916,48,143,105,296
660560917,25,35,365,425
660560918,56,73,116,245
660560919,16,65,180,261
660560920,112,93,61,266
660560921,110,85,15,210
660560922,87,120,42,249
660560923,214,24,46,284
660560924,140,67,73,280
660560925,121,60,113,294
660561001,174,22,38,234
660561002,69,88,194,351
660561003,67,72,150,289
660561004,159,57,35,251
660561005,116,79,61,256
660561006,114,60,53,227
660561007,219,7,4,230
660561008,62,46,119,227
660561009,80,40,55,175
660561010,87,52,169,308
660561011,93,143,28,264
660561012,88,60,38,186
660561013,41,69,157,267
660561014,78,60,20,158
660561015,110,81,6,197
660630101,4,0,18,22
660630102,0,3,3,6
660630103,0,0,8,8
660630104,0,0,27,27
660630105,1,1,18,20
660630106,0,0,7,7
660630107,25,5,59,89
660630108,45,2,21,68
660630109,0,2,21,23
660630110,61,105,39,205
660630111,94,85,27,206
660630201,1,0,31,32
660630202,6,29,77,112
660630203,0,0,24,24
660700101,0,1,16,17
660700102,0,8,90,98
660700103,0,1,17,18
660700104,0,1,11,12
660700105,0,4,41,45
660700106,0,0,21,21
660700107,0,5,55,60
660700201,1,15,45,61
660700202,1,1,22,24
660700203,4,32,75,111
660700204,2,5,97,104
660700205,21,124,87,232
660700301,0,2,30,32
660700302,0,0,10,10
660700303,0,1,16,17
660700401,0,0,24,24
660700402,0,0,13,13
660700403,0,0,15,15
660700404,1,1,15,17
660700405,0,0,7,7
660700406,0,0,6,6
660700407,0,0,27,27
660700501,0,0,9,9
660700502,0,0,5,5
660700503,0,0,12,12
660700504,1,2,77,80
660700505,0,0,3,3
660700506,0,0,18,18
660700507,13,26,62,101
660700508,15,33,119,167
660770101,0,0,19,19
660770102,6,7,30,43
660770103,18,13,33,64
660770104,82,42,40,164
660770105,109,74,23,206
660770106,54,57,25,136
660770107,59,70,42,171
660770108,147,54,31,232
660770109,64,50,33,147
660770201,0,0,12,12
660770202,2,0,11,13
660770203,0,3,13,16
660770204,80,107,44,231
660770205,113,108,51,272
660770301,1,3,10,14
660770302,0,2,7,9
660770303,20,28,19,67
660770304,9,6,15,30
660840101,1,8,90,99
660840102,15,26,95,136
660840103,1,2,9,12
660840104,1,3,7,11
660840105,0,6,9,15
660840106,35,77,89,201
660840107,66,81,78,225
660840108,62,66,58,186
660840109,74,85,54,213
660840201,0,7,16,23
660840202,0,11,23,34
660840203,0,10,25,35
660840204,1,2,18,21
660840205,40,82,33,155
660910101,0,0,15,15
660910102,0,0,33,33
660910103,4,0,26,30
660910104,0,0,38,38
660910105,1,3,30,34
660910201,0,2,11,13
660910202,0,1,23,24
660910203,0,0,16,16
660910204,0,0,29,29
660910205,45,35,53,133
660980101,21,39,101,161
660980102,1,3,80,84
660980103,16,23,17,56
660980104,5,8,13,26
660980105,15,107,67,189
660980106,86,115,109,310
660980201,1,2,15,18
660980202,0,0,2,2
660980203,2,8,61,71
660980204,0,2,20,22
660980205,13,26,73,112
660980206,0,0,4,4
660980207,1,7,19,27
660980208,45,66,75,186
660980209,78,91,28,197
661050101,0,0,0,0
661050102,0,0,0,0
661050103,0,0,3,3
661050104,7,30,12,49
661050201,0,8,28,36
661050202,0,12,88,100
661050203,0,0,45,45
661050204,0,0,15,15
661050205,0,2,7,9
661050206,0,0,2,2
661050207,0,0,3,3
661050208,1,0,6,7
661050209,7,36,175,218
661050210,27,55,71,153
661050211,40,83,25,148
661050212,40,43,48,131
661050213,3,27,161,191
661120101,4,19,42,65
661120102,0,0,9,9
661120103,2,2,18,22
661120104,8,12,31,51
661120105,28,109,103,240
661120106,13,24,64,101
661120107,3,11,47,61
661120108,10,29,36,75
661120109,37,105,149,291
661120110,17,34,41,92
661120201,8,17,78,103
661120202,2,3,26,31
661120203,1,3,5,9
661120204,1,6,30,37
661120205,2,5,77,84
661120206,3,6,59,68
661120207,1,1,28,30
661120208,2,8,148,158
661120209,5,6,190,201
661120210,9,56,72,137
661120211,3,8,38,49
661120212,82,82,90,254
661120213,108,134,51,293
661120214,140,181,52,373
661120215,117,125,25,267
661120301,68,96,77,241
661120302,122,109,13,244
661120303,102,52,35,189
661120304,53,87,40,180
661120305,31,82,144,257
661120306,59,133,65,257
661120307,107,50,7,164
661120308,144,27,1,172
661120309,124,88,0,212
661120310,141,150,40,331
661120311,90,98,10,198
661120312,109,58,161,328
661120313,106,80,47,233
661120401,128,118,81,327
661120402,82,69,12,163
661120403,89,53,11,153
661120404,192,38,6,236
661120405,147,96,38,281
661120406,127,81,22,230
661120407,43,86,46,175
661120408,68,113,6,187
661120409,138,207,32,377
661120410,41,106,27,174
661120411,172,85,34,291
661120412,141,126,46,313
661120413,89,116,93,298
661190101,0,2,51,53
661190102,3,12,278,293
661190103,5,22,128,155
661190104,1,7,54,62
661190105,14,35,25,74
661190201,0,0,18,18
661190202,1,0,42,43
661190203,8,5,109,122
661190204,1,3,61,65
661190205,17,51,152,220
661260101,1,2,32,35
661260102,5,26,363,394
661260103,1,7,134,142
661260104,43,45,77,165
661260105,36,73,113,222
661260201,3,2,67,72
661260202,0,2,73,75
661260203,2,11,165,178
661260204,2,16,17,35
661260205,62,52,120,234
661260206,25,63,300,388
661260207,224,3,0,227
661260208,148,138,1,287
661260209,163,106,153,422
661260210,5,69,205,279
661260211,0,9,280,289
661260212,29,8,184,221
661260213,171,71,94,336
661260214,0,11,270,281
661260215,5,23,295,323
661260216,44,25,212,281
661260217,41,117,265,423
661260218,123,30,52,205
661260301,0,1,55,56
661260302,27,41,85,153
661260303,63,77,133,273
661260304,8,56,123,187
661260401,8,7,200,215
661260402,10,5,140,155
661260403,2,6,15,23
661260404,3,7,41,51
661260405,1,2,16,19
661260406,14,13,49,76
661260407,1,4,31,36
661260408,2,15,164,181
661260409,4,22,146,172
661260410,92,167,152,411
661260411,41,92,168,301
661260412,13,42,308,363
661260413,28,63,195,286
661260414,43,63,135,241
661260415,96,115,37,248
661260416,128,161,18,307
661260417,115,31,0,146
661260418,114,90,1,205
661260501,0,3,11,14
661260502,1,9,253,263
661260503,0,0,5,5
661260504,81,170,6,257
661260505,51,113,79,243
661260506,63,131,27,221
661260507,291,23,17,331
661260508,79,134,68,281
661260509,97,149,51,297
661260510,75,72,53,200
661260511,30,88,114,232
661260601,18,23,187,228
661260602,1,2,59,62
661260603,9,17,184,210
661260604,0,2,40,42
661260605,0,5,61,66
661260606,0,1,26,27
661260607,0,2,22,24
661260608,0,0,8,8
661260609,5,23,252,280
661260610,66,46,222,334
661260611,2,28,325,355
661260612,7,46,164,217
661260613,64,132,71,267
661260614,29,102,175,306
661260615,68,107,97,272
661260616,5,35,221,261
661260617,69,57,99,225
661260618,86,123,15,224
661260619,41,136,167,344
661260620,112,162,64,338
661260621,52,63,81,196
661260622,8,46,138,192
661260623,0,0,136,136
661260624,59,74,122,255
661260625,8,28,123,159
661260701,20,142,186,348
661260702,0,46,221,267
661260703,13,96,123,232
661260704,116,121,12,249
661260705,61,70,53,184
661260706,120,52,82,254
661260707,92,108,96,296
661260708,10,87,200,297
661260709,23,118,248,389
661260710,96,76,26,198
661260711,113,53,20,186
661260712,80,84,18,182
661260713,9,80,198,287
661260714,40,126,92,258
661260715,135,51,7,193
661260716,134,41,9,184
661260717,156,76,24,256
661260718,161,76,18,255
661260719,72,65,22,159
661260720,59,107,95,261
661260721,173,74,48,295
661260722,158,52,1,211
661260723,48,101,108,257
661260801,162,95,90,347
661260802,121,91,27,239
661260803,90,47,14,151
661260804,108,31,40,179
661260805,84,61,32,177
661260806,140,32,10,182
661260807,57,48,57,162
661260808,40,72,59,171
661260809,51,156,166,373
661260810,29,77,88,194
661260811,19,88,111,218
661260812,11,71,274,356
661260813,34,143,143,320
661260814,119,103,124,346
661260815,122,138,13,273
661260816,164,83,63,310
661260817,68,141,77,286
661260818,19,63,360,442
661260819,58,130,111,299
661260820,94,31,0,125
661260821,111,145,65,321
661260822,99,151,65,315
661260823,66,100,94,260
661260824,83,173,109,365
661330101,19,42,541,602
661330102,1,0,426,427
661330103,0,1,117,118
661330104,0,0,110,110
661330105,0,0,64,64
661330106,3,7,201,211
661330107,10,17,350,377
661330108,29,82,290,401
661330201,0,1,32,33
661330202,0,0,27,27
661330203,0,0,96,96
661330204,1,0,32,33
661330205,0,0,28,28
661330206,0,0,38,38
661330207,0,3,23,26
661330208,36,9,122,167
661330209,0,0,56,56
661330210,9,0,86,95
661330211,0,0,67,67
661330212,0,0,61,61
661330213,0,0,39,39
661330214,1,0,161,162
661330215,0,2,26,28
661330216,20,8,205,233
661330217,0,0,34,34
661330218,0,0,53,53
661330219,10,11,103,124
661330220,16,20,211,247
661330221,70,53,101,224
661330222,30,29,67,126
661330223,22,65,107,194
661330224,47,14,161,222
661330301,3,1,182,186
661330302,0,1,110,111
661330303,0,0,34,34
661330304,1,1,212,214
661330305,2,0,155,157
661330306,1,0,230,231
661330307,6,19,22,47
661330308,0,27,56,83
661330309,32,36,104,172
661330310,4,37,158,199
661330311,37,58,140,235
661330312,10,17,240,267
661400101,1,9,11,21
661400102,6,10,18,34
661400103,1,9,33,43
661400104,0,1,8,9
661400105,4,4,26,34
661400106,0,1,24,25
661400107,7,17,18,42
661400108,0,18,82,100
661400109,0,1,4,5
661400110,2,16,53,71
661400111,2,13,21,36
661400112,1,6,29,36
661400113,5,12,51,68
661400114,3,17,33,53
661400115,7,27,12,46
661400116,7,104,153,264
661400117,7,89,233,329
661400118,193,17,16,226
661400119,94,160,10,264
661400120,167,100,4,271
661400121,187,266,11,464
661400201,0,1,13,14
661400202,1,0,18,19
661400203,0,5,36,41
661400204,0,0,45,45
661400205,0,0,55,55
661400301,0,5,25,30
661400302,1,7,12,20
661400303,0,4,7,11
661400304,1,6,87,94
661400305,1,2,9,12
661400306,0,3,7,10
661400307,3,2,22,27
661400308,2,1,12,15
661400309,1,0,16,17
661400310,6,37,89,132
661400311,23,56,53,132
661400312,16,72,56,144
661400401,151,114,16,281
661400402,77,120,62,259
661400403,76,152,22,250
661400404,123,54,10,187
661400405,32,109,100,241
661400406,67,90,26,183
661400407,80,91,12,183
661400408,152,69,5,226
661400409,70,113,82,265
661400410,118,138,51,307
661400411,148,86,12,246
661400412,85,107,31,223
661400413,93,107,11,211
661400414,71,158,46,275
661400415,53,167,64,284
661400416,19,75,55,149
661470101,0,0,23,23
661470102,0,0,34,34
661470103,0,0,33,33
661470104,1,0,42,43
661470105,3,3,33,39
661470201,0,0,31,31
661470202,2,5,39,46
661470203,0,0,17,17
661470204,0,0,12,12
661470205,0,3,35,38
661470301,0,0,21,21
661470302,0,0,46,46
661470303,0,0,12,12
661470304,1,3,5,9
661470305,0,1,31,32
661470306,23,28,83,134
661470307,114,189,236,539
661470308,0,0,7,7
661470309,0,1,12,13
661470310,0,0,7,7
661470311,64,125,88,277
661470312,118,149,36,303
661470313,62,80,25,167
661470314,56,50,17,123
661470315,157,154,46,357
661470316,101,178,21,300
661470317,11,115,180,306
661470401,66,73,155,294
661470402,7,33,132,172
661470403,4,12,75,91
661470404,10,13,86,109
661470405,3,5,48,56
661470406,0,0,5,5
661470407,15,121,263,399
661470408,21,137,169,327
661470409,46,77,135,258
661470501,16,99,90,205
661470502,93,98,30,221
661470503,46,144,7,197
661470504,43,201,46,290
661470505,108,89,12,209
661470506,69,106,38,213
661470507,73,135,15,223
661470508,43,137,14,194
661470509,76,128,36,240
661470510,64,137,64,265
661470511,78,152,80,310
661470512,54,85,17,156
661470513,63,155,36,254
661470514,59,134,56,249
661470515,62,94,55,211
661540101,0,0,35,35
661540102,2,0,64,66
661540103,1,1,24,26
661540104,0,0,1,1
661540105,0,1,101,102
661540106,19,34,120,173
661540201,0,1,38,39
661540202,1,0,18,19
661540203,1,4,43,48
661540204,0,0,26,26
661540205,0,0,11,11
661540206,0,1,38,39
661540207,0,0,47,47
661540208,7,8,85,100
661540209,49,89,109,247
661540210,48,74,126,248
661540211,24,36,128,188
661610101,1,0,60,61
661610102,0,7,192,199
661610103,1,3,234,238
661610104,0,0,56,56
661610105,2,0,138,140
661610106,1,2,45,48
661610107,0,1,66,67
661610108,2,1,44,47
661610109,2,0,85,87
661610110,28,103,135,266
661610201,6,11,73,90
661610202,1,17,77,95
661610203,3,9,61,73
661610204,0,1,47,48
661610205,62,109,84,255
661610301,2,1,72,75
661610302,0,11,97,108
661610303,0,0,40,40
661610304,0,27,155,182
661610305,1,2,47,50
661610306,23,94,86,203
700070101,172,102,33,307
700070102,122,127,106,355
700070103,42,94,157,293
700070104,151,57,40,248
700070201,16,58,205,279
700070202,27,41,153,221
700070203,55,56,81,192
700070204,79,214,115,408
700070205,78,106,238,422
700070206,68,138,54,260
700070207,28,42,81,151
700070301,22,167,174,363
700070302,71,72,54,197
700070303,17,29,65,111
700070304,33,50,95,178
700070305,2,6,48,56
700070306,34,94,111,239
700070307,45,130,109,284
700070308,52,64,107,223
700070401,12,29,109,150
700070402,7,9,112,128
700070403,48,61,185,294
700070501,5,10,24,39
700140101,11,15,84,110
700140102,8,17,108,133
700140103,49,102,169,320
700140104,35,63,109,207
700140105,32,23,163,218
700140106,109,102,83,294
700140107,95,223,75,393
700140201,2,5,64,71
700140202,11,17,89,117
700140301,0,1,14,15
700210101,9,4,72,85
700210201,43,56,186,285
700210202,0,2,46,48
700210203,18,89,154,261
700210204,0,4,46,50
700210205,0,0,13,13
700210301,5,4,83,92
700210302,46,64,121,231
700210401,68,103,86,257
700210402,0,2,35,37
700210403,69,61,153,283
700210404,30,188,87,305
700210405,1,8,30,39
700210501,0,1,9,10
700210601,2,2,6,10
700210701,0,2,7,9
700210702,0,0,1,1
700280101,258,20,3,281
700280102,186,49,4,239
700280103,198,29,7,234
700280104,193,20,4,217
700280105,98,10,0,108
700280106,184,49,6,239
700280107,138,14,2,154
700280108,166,50,0,216
700280109,119,25,13,157
700280110,206,21,1,228
700280111,185,16,5,206
700280112,203,23,2,228
700280113,101,26,1,128
700280114,205,20,5,230
700280115,131,11,1,143
700280116,117,84,0,201
700280117,131,28,2,161
700280118,164,15,0,179
700280201,143,64,44,251
700280202,158,41,62,261
700280203,247,77,3,327
700280204,142,33,1,176
700280205,108,74,8,190
700280206,182,16,2,200
700280207,162,26,7,195
700280208,72,48,55,175
700280209,198,31,2,231
700280210,246,10,2,258
700280211,140,37,3,180
700280212,71,34,26,131
700280213,92,70,16,178
700280301,77,77,55,209
700280302,63,70,61,194
700280303,158,118,35,311
700280304,120,111,70,301
700280305,100,73,98,271
700280306,176,95,3,274
700280307,122,50,8,180
700280308,145,33,66,244
700280309,185,67,26,278
700280310,65,47,51,163
700280311,55,54,66,175
700280312,90,38,27,155
700280313,110,66,108,284
700280314,117,53,20,190
700280315,108,27,8,143
700280316,206,61,27,294
700280317,140,43,4,187
700280318,72,182,20,274
700280319,155,32,11,198
700280320,105,41,11,157
700280321,132,31,17,180
700280401,78,40,12,130
700280402,138,15,22,175
700280403,194,23,7,224
700280404,108,29,11,148
700280405,178,70,31,279
700280406,152,97,24,273
700280407,178,34,17,229
700280408,188,56,29,273
700280409,99,29,35,163
700280410,94,100,34,228
700280411,125,38,4,167
700280412,129,96,61,286
700280413,170,29,29,228
700280414,192,64,5,261
700280501,265,22,5,292
700280502,230,53,16,299
700280503,95,60,2,157
700280504,262,15,11,288
700280505,113,20,6,139
700280506,269,49,0,318
700280507,150,26,1,177
700280508,118,42,46,206
700280509,94,62,26,182
700280510,190,10,0,200
700280511,238,47,2,287
700280512,180,19,6,205
700280513,146,39,38,223
700280514,124,16,8,148
700280515,86,49,50,185
700280516,182,8,0,190
700280601,34,167,75,276
700280602,166,114,9,289
700280603,165,29,11,205
700280604,105,51,65,221
700280605,239,49,11,299
700280606,51,35,55,141
700280607,67,88,57,212
700280608,198,89,6,293
700280609,169,50,44,263
700280610,133,24,17,174
700280611,159,60,7,226
700280612,147,101,16,264
700280613,240,36,9,285
700280614,159,28,23,210
700280615,88,63,66,217
700280616,80,36,26,142
700280617,177,75,29,281
700280618,35,146,49,230
700280619,98,29,2,129
700280701,228,37,27,292
700280702,151,71,15,237
700280703,153,64,51,268
700280704,169,95,43,307
700280705,164,76,36,276
700280706,119,50,37,206
700280707,134,58,74,266
700280708,121,79,82,282
700280709,120,62,100,282
700280710,107,70,48,225
700280711,89,77,117,283
700280712,158,120,38,316
700280713,71,34,61,166
700280714,110,44,100,254
700280715,198,36,13,247
700280716,95,37,9,141
700280801,112,58,43,213
700280802,108,67,7,182
700280803,133,40,25,198
700280804,68,62,27,157
700280805,150,33,34,217
700280806,231,33,0,264
700280807,189,53,2,244
700280808,131,33,9,173
700280809,184,51,69,304
700280810,171,49,59,279
700280811,136,17,24,177
700280901,232,60,33,325
700280902,224,54,13,291
700280903,97,54,47,198
700280904,131,27,9,167
700280905,159,67,24,250
700280906,104,31,12,147
700280907,167,29,10,206
700280908,238,47,17,302
700280909,200,40,1,241
700280910,142,87,17,246
700280911,60,18,2,80
700280912,59,40,49,148
700280913,63,38,45,146
700280914,139,35,0,174
700280915,151,120,23,294
700280916,144,34,97,275
700350101,46,103,153,302
700350102,55,50,168,273
700350103,124,59,114,297
700350104,72,61,112,245
700350105,165,95,32,292
700350106,159,85,35,279
700350107,74,115,31,220
700350108,152,62,62,276
700350109,170,36,41,247
700350110,159,39,42,240
700350111,191,77,39,307
700350112,174,106,11,291
700350113,83,130,28,241
700350114,304,31,9,344
700350201,39,59,130,228
700350202,2,14,105,121
700350203,12,25,198,235
700350204,10,20,126,156
700350205,82,79,13,174
700350301,46,88,117,251
700350302,26,70,144,240
700350401,4,9,83,96
700350402,18,55,155,228
700350403,13,40,149,202
700350501,6,1,106,113
700350502,0,0,65,65
700350503,5,30,59,94
700350601,0,1,23,24
700350602,0,1,64,65
700350701,14,99,77,190
700350702,115,234,29,378
700350703,84,96,34,214
700350704,78,74,74,226
700350705,141,100,48,289
700350706,76,117,12,205
700350707,95,141,14,250
700350708,138,82,0,220
700350709,108,121,49,278
700350710,25,37,157,219
700350711,24,129,84,237
700420101,48,88,40,176
700420102,156,184,23,363
700420103,154,36,40,230
700420104,109,227,0,336
700420105,227,46,43,316
700420106,192,152,11,355
700420107,53,53,80,186
700420108,70,55,110,235
700420109,51,61,113,225
700420110,57,83,106,246
700420111,29,60,63,152
700420112,51,66,74,191
700420201,164,142,49,355
700420202,36,133,20,189
700420203,43,160,118,321
700420204,12,46,366,424
700420205,28,86,118,232
700420206,67,100,127,294
700420207,154,224,75,453
700420208,18,102,70,190
700420209,130,78,130,338
700420210,192,59,45,296
700420211,73,54,64,191
700420212,143,59,144,346
700420213,67,102,140,309
700420214,45,72,131,248
700420215,130,32,28,190
700420216,77,141,93,311
700420217,41,200,61,302
700420301,12,158,43,213
700420302,47,90,152,289
700420303,14,30,223,267
700420304,5,8,33,46
700420401,100,109,41,250
700420402,58,371,40,469
700420403,102,27,66,195
700420404,35,39,238,312
700420405,53,182,42,277
700420406,66,234,23,323
700420407,89,227,1,317
700420408,36,155,2,193
700420409,63,98,13,174
700420410,27,85,120,232
700420411,42,93,82,217
700420412,194,90,54,338
700420413,264,62,15,341
700420414,79,197,111,387
700420415,86,78,93,257
700420416,203,97,18,318
700420417,110,88,172,370
700420418,110,66,7,183
700420419,64,58,39,161
700420501,143,43,171,357
700420502,144,69,76,289
700420503,119,57,32,208
700420504,186,105,12,303
700420505,10,26,309,345
700420506,109,148,69,326
700420507,55,238,48,341
700420508,159,107,16,282
700420509,227,55,28,310
700420510,315,69,6,390
700420511,170,33,35,238
700420512,196,47,26,269
700420513,68,72,130,270
700420514,239,88,37,364
700420515,43,44,111,198
700490101,6,17,73,96
700490102,0,1,23,24
700490201,2,7,100,109
700490202,0,18,149,167
700490203,46,70,128,244
700490204,51,72,117,240
700490205,21,40,98,159
700490206,3,7,72,82
700490207,12,57,160,229
700490301,1,5,79,85
700490302,65,50,51,166
700490303,5,9,57,71
700490401,0,1,7,8
700560101,2,10,152,164
700560102,2,13,241,256
700560103,1,15,141,157
700560104,2,24,174,200
700560105,106,101,122,329
700560106,5,3,107,115
700560107,16,39,25,80
700560108,5,70,62,137
700560109,37,57,80,174
700560201,80,72,91,243
700560202,69,57,106,232
700560203,125,46,99,270
700560204,49,31,42,122
700560205,108,68,67,243
700560206,140,102,18,260
700560207,24,33,121,178
700560208,84,59,110,253
700560209,95,31,85,211
700560210,3,3,41,47
700560211,110,59,103,272
700560212,40,41,122,203
700560213,176,4,2,182
700560301,6,22,97,125
700560302,36,40,166,242
700560401,0,1,21,22
700560501,0,1,8,9
700560601,1,5,59,65
700560701,13,38,103,154
700560702,3,7,41,51
700630101,11,17,83,111
700630102,15,41,109,165
700630103,36,113,207,356
700630104,11,13,36,60
700630105,1,9,23,33
700630106,8,115,134,257
700630201,8,16,20,44
700630202,8,111,181,300
700630203,105,101,67,273
700630204,18,55,157,230
700630205,94,106,36,236
700700101,14,28,189,231
700700102,80,75,198,353
700700103,39,135,198,372
700700104,49,62,130,241
700700105,31,52,203,286
700700106,23,110,112,245
700700107,78,158,9,245
700700108,92,48,100,240
700700109,129,57,57,243
700700110,94,34,69,197
700700111,74,25,98,197
700700112,132,89,42,263
700700113,144,40,116,300
700700114,41,54,308,403
700700115,184,144,0,328
700700201,7,14,44,65
700700202,5,15,85,105
700700203,21,40,261,322
700700204,10,22,158,190
700700205,93,77,59,229
700700206,179,99,209,487
700700207,119,102,278,499
700700301,39,32,108,179
700700302,88,21,120,229
700700303,5,24,188,217
700700304,131,106,43,280
700700305,5,8,108,121
700700401,0,8,31,39
700700501,39,162,76,277
700700502,111,98,30,239
700700503,6,23,211,240
700700504,12,94,49,155
700700505,46,122,63,231
700700506,27,221,36,284
700700507,46,203,21,270
700700508,34,96,126,256
700700509,37,62,166,265
700700510,73,160,61,294
700700511,26,189,163,378
700700512,124,94,132,350
700700513,60,56,167,283
700700514,48,130,174,352
700700515,39,74,167,280
700700516,22,48,291,361
700700517,47,192,26,265
700700518,51,71,73,195
700770101,22,30,102,154
700770102,259,119,45,423
700770103,0,1,2,3
700770104,18,208,41,267
700770105,4,224,3,231
700770106,36,129,46,211
700770201,96,103,124,323
700770202,116,102,139,357
700770203,75,126,65,266
700770204,110,202,12,324
700770205,105,169,15,289
700770206,173,113,34,320
700770207,241,49,6,296
700770208,191,153,18,362
700770209,266,19,4,289
700770210,81,51,42,174
700770211,178,82,3,263
700770212,155,39,7,201
700770213,74,56,85,215
700770301,145,88,4,237
700770302,196,53,17,266
700770303,183,65,12,260
700770304,160,126,29,315
700770305,116,36,83,235
700770306,184,95,57,336
700770307,93,71,199,363
700770308,97,74,51,222
700770309,78,83,111,272
700770310,171,96,74,341
700770311,116,68,106,290
700770312,59,49,80,188
700770313,31,67,119,217
700770401,97,35,50,182
700770402,91,45,35,171
700770403,98,49,47,194
700770404,147,40,49,236
700770405,163,30,57,250
700770406,220,58,6,284
700770407,195,36,11,242
700770408,146,63,9,218
700770409,53,57,75,185
700770410,153,100,79,332
700770411,83,34,75,192
700770412,151,81,87,319
700770413,109,58,28,195
700770414,55,53,63,171
700770415,54,69,52,175
700770416,74,99,17,190
700770501,183,78,9,270
700770502,24,61,197,282
700770503,157,21,29,207
700770504,10,19,79,108
700770505,195,8,0,203
700770506,79,15,18,112
700770507,106,136,36,278
700770508,68,94,50,212
700770509,42,92,17,151
700770510,31,294,0,325
700770511,152,162,40,354
700770512,217,71,5,293
700770601,30,66,210,306
700770602,23,39,194,256
700770603,34,75,26,135
700770701,20,39,155,214
700770702,21,31,123,175
700770703,4,26,107,137
700770801,33,55,56,144
700770802,36,35,80,151
700770803,107,95,174,376
700770804,12,141,54,207
700770805,44,52,163,259
700770806,92,145,115,352
700770807,20,31,138,189
700770808,84,87,42,213
700770809,79,69,162,310
700770810,188,173,27,388
700770811,41,91,101,233
700770812,92,129,36,257
700770813,39,62,229,330
700770814,25,46,183,254
700770815,50,51,157,258
700770901,90,103,65,258
700770902,145,63,28,236
700770903,132,69,50,251
700770904,49,61,164,274
700770905,19,351,5,375
700770906,100,102,14,216
700770907,197,24,8,229
700770908,97,105,29,231
700770909,20,206,3,229
700770910,77,62,155,294
700770911,79,61,163,303
700770912,89,44,110,243
700771001,103,74,9,186
700771002,175,100,82,357
700771003,89,86,24,199
700771004,135,113,26,274
700771005,208,61,24,293
700771006,87,63,118,268
700771007,117,95,81,293
700771008,61,46,98,205
700771009,98,44,42,184
700771010,100,88,83,271
700771011,165,17,4,186
700771012,86,77,30,193
700771013,76,132,90,298
700840101,3,2,7,12
700840102,39,3,19,61
700840201,21,119,122,262
700840202,33,151,10,194
700840203,59,153,41,253
700840204,209,43,13,265
700840205,69,73,90,232
700840206,197,28,5,230
700840207,199,35,1,235
700840208,249,56,6,311
700840209,191,35,25,251
700840210,285,40,4,329
700840211,208,84,58,350
700840212,224,99,51,374
700840213,110,63,38,211
700840214,112,39,39,190
700840215,139,79,80,298
700840216,150,50,32,232
700840217,182,38,11,231
700840301,188,90,54,332
700840302,214,62,16,292
700840303,123,78,83,284
700840304,82,59,118,259
700840305,342,90,36,468
700840306,173,92,78,343
700840307,137,107,134,378
700840308,122,121,106,349
700840309,116,89,103,308
700840310,266,66,6,338
700840311,267,61,7,335
700840312,247,77,3,327
700840313,178,67,6,251
700840314,159,78,6,243
700840315,232,61,10,303
700840316,148,84,42,274
700840317,140,15,52,207
700840318,91,40,66,197
700840319,132,90,23,245
700840320,204,37,18,259
700840401,209,101,130,440
700840402,182,31,0,213
700840403,273,21,1,295
700840404,201,18,1,220
700840405,195,85,47,327
700840406,37,32,112,181
700840407,57,34,95,186
700840408,148,62,47,257
700840409,104,42,117,263
700840410,228,34,0,262
700840411,175,10,0,185
700840412,207,70,51,328
700840413,159,38,2,199
700840414,34,21,94,149
700840415,57,61,81,199
700840416,141,67,5,213
700840417,78,51,67,196
700840501,76,146,81,303
700840502,195,27,1,223
700840503,35,201,148,384
700840504,285,98,152,535
700840505,8,139,40,187
700840506,31,150,17,198
700840601,118,55,123,296
700840602,45,118,202,365
700840603,157,50,2,209
700840604,280,45,1,326
700840605,225,25,3,253
700840606,208,74,0,282
700840607,182,74,6,262
700840608,198,69,10,277
700840609,144,60,22,226
700840610,81,127,220,428
700840611,26,185,70,281
700840612,51,136,85,272
700840613,22,24,98,144
700910101,19,23,162,204
700910102,49,66,102,217
700910103,7,13,80,100
700910104,75,93,109,277
700910105,2,6,59,67
700910106,16,19,69,104
700910107,36,56,42,134
700910108,12,23,48,83
700910109,141,72,36,249
700910110,5,19,55,79
700910111,31,37,69,137
700910112,50,223,27,300
700910113,217,22,4,243
700910114,55,36,177,268
700910201,0,1,14,15
700980101,36,90,148,274
700980102,25,168,19,212
700980103,83,78,87,248
700980104,111,79,83,273
700980105,56,43,147,246
700980106,124,119,91,334
700980107,37,100,111,248
700980108,192,34,43,269
700980109,187,63,77,327
700980110,90,108,77,275
700980111,200,65,3,268
700980112,156,49,65,270
700980113,181,23,4,208
700980114,41,72,99,212
700980115,102,80,41,223
700980116,227,118,49,394
700980117,77,66,28,171
700980118,77,73,132,282
700980201,65,76,189,330
700980202,40,30,98,168
700980203,11,22,147,180
700980204,25,55,65,145
700980205,68,68,213,349
700980206,143,71,94,308
700980207,126,107,96,329
700980301,251,135,18,404
700980302,174,47,45,266
700980303,46,59,56,161
700980304,60,50,158,268
700980305,71,97,108,276
700980306,31,35,135,201
700980307,127,89,127,343
700980308,81,83,91,255
700980401,343,53,15,411
700980402,188,48,1,237
700980403,162,77,33,272
700980404,170,65,25,260
700980405,77,47,83,207
700980406,154,37,13,204
700980407,111,16,14,141
700980408,92,31,5,128
700980409,178,38,1,217
700980410,85,20,35,140
700980411,81,79,28,188
700980412,86,75,8,169
701050101,0,6,75,81
701050102,23,37,97,157
701050103,7,32,59,98
701050104,23,40,61,124
701050105,2,31,97,130
701050106,36,85,109,230
701050107,44,88,221,353
701050108,28,72,181,281
701050201,49,113,263,425
701050202,64,92,296,452
701050203,36,35,124,195
701050301,114,72,88,274
701050302,140,176,79,395
701050303,34,100,253,387
701050304,9,19,159,187
701050305,82,35,135,252
701050306,81,86,132,299
701050307,158,91,41,290
701050308,54,57,109,220
701120101,32,61,85,178
701120102,115,100,136,351
701120103,11,37,78,126
701120104,95,96,44,235
701120105,67,115,102,284
701120201,4,4,7,15
701190101,0,4,57,61
701190102,2,40,46,88
701190103,0,2,30,32
701190201,13,91,162,266
701190202,95,201,118,414
701190203,2,5,49,56
701190204,0,2,26,28
701190205,4,25,86,115
701190206,41,124,63,228
701190207,47,112,50,209
701190301,2,3,62,67
701190302,0,9,56,65
701190303,14,39,110,163
701260101,191,100,52,343
701260102,15,27,189,231
701260103,7,14,217,238
701260104,14,93,183,290
701260105,10,65,113,188
701260106,123,37,56,216
701260107,73,130,46,249
701260201,156,119,23,298
701260202,13,12,233,258
701260203,75,108,56,239
701260204,6,27,148,181
701260205,9,39,64,112
701260206,79,79,35,193
701260207,18,114,7,139
701260208,9,66,131,206
701260301,49,28,188,265
701260401,1,1,56,58
701330101,18,41,87,146
701330102,114,229,161,504
701330103,178,107,79,364
701330104,16,36,31,83
701330201,0,2,2,4
740070101,7,2,38,47
740070102,1,6,63,70
740070201,2,3,60,65
740070202,2,7,46,55
740070203,0,5,49,54
740070301,0,1,10,11
740070302,0,5,19,24
740070303,1,2,40,43
740070304,66,75,205,346
740070305,136,77,88,301
740070306,2,5,34,41
740070307,1,2,12,15
740070401,18,35,63,116
740070402,66,96,127,289
740070403,69,21,51,141
740070404,42,105,82,229
740070405,119,116,23,258
740070406,98,99,18,215
740070407,114,71,20,205
740070408,176,62,24,262
740070409,102,54,14,170
740070410,56,62,90,208
740070411,3,13,47,63
740070412,2,2,4,8
740070413,121,93,85,299
740070414,100,134,79,313
740070501,1,2,18,21
740070502,1,3,17,21
740070503,2,6,4,12
740070504,22,45,43,110
740070505,4,9,56,69
740070506,5,10,61,76
740070507,165,115,76,356
740070508,178,95,19,292
740070509,137,72,40,249
740070510,91,76,40,207
740140101,0,0,8,8
740140102,4,3,39,46
740140103,0,3,23,26
740140201,0,2,6,8
740140202,2,4,14,20
740140203,0,5,20,25
740140204,4,2,8,14
740140301,2,3,29,34
740140302,4,6,27,37
740140303,2,6,34,42
740140304,15,15,21,51
740140401,9,6,14,29
740140402,8,16,36,60
740140403,85,72,48,205
740140404,20,35,99,154
740140405,95,63,18,176
740140406,2,2,21,25
740140501,2,2,33,37
740140502,1,1,34,36
740140503,51,45,59,155
740140504,1,0,12,13
740140505,4,0,41,45
740210101,2,0,14,16
740210102,32,24,22,78
740210103,8,11,29,48
740210104,1,5,20,26
740210105,11,14,46,71
740210106,19,20,7,46
740210107,43,20,15,78
740210108,50,17,6,73
740210109,69,55,12,136
740210110,68,20,1,89
740210111,31,41,10,82
740210112,26,16,47,89
740210113,7,5,2,14
740210201,4,5,45,54
740210202,3,2,36,41
740210203,8,10,86,104
740210204,19,20,25,64
740210301,2,5,9,16
740210302,14,14,9,37
740210303,125,120,31,276
740210304,176,68,33,277
740210305,206,185,24,415
740210306,165,75,10,250
740210307,208,99,24,331
740210308,149,184,45,378
740210309,102,82,3,187
740210310,7,9,26,42
740210311,14,8,7,29
740210401,22,51,11,84
740210402,4,4,4,12
740210403,16,4,6,26
740210404,26,15,6,47
740210405,130,110,42,282
740210406,17,15,4,36
740210407,13,8,7,28
740280101,7,11,34,52
740280102,110,172,35,317
740280103,187,77,13,277
740280104,91,73,1,165
740280105,86,54,18,158
740280106,168,57,11,236
740280107,167,90,69,326
740280108,16,29,15,60
740280109,25,29,20,74
740280110,2,4,32,38
740280201,20,27,26,73
740280202,61,60,54,175
740280203,139,93,25,257
740280204,16,31,40,87
740280205,33,64,38,135
740280206,104,74,7,185
740280301,42,57,28,127
740280302,9,12,50,71
740280303,1,8,3,12
740280304,18,29,26,73
740280305,9,16,15,40
740280306,91,114,24,229
740280307,13,8,1,22
740280308,157,94,31,282
740280309,123,90,5,218
740280310,158,102,12,272
740280311,208,30,12,250
740280401,3,9,6,18
740280402,76,54,22,152
740280403,182,119,13,314
740280404,234,77,10,321
740280405,265,106,5,376
740280406,96,74,6,176
740280407,157,81,27,265
740280408,127,63,63,253
740280409,29,26,11,66
740280410,14,12,24,50
740280411,3,1,12,16
740350101,5,4,0,9
740350102,4,8,1,13
740350103,31,31,22,84
740350104,6,9,2,17
740350201,6,4,0,10
740350202,2,3,1,6
740350203,10,3,11,24
740350204,3,13,3,19
740350205,6,6,1,13
740350301,0,11,12,23
740350302,7,20,9,36
740350303,4,9,7,20
740350304,20,43,1,64
740350305,5,14,2,21
740350401,6,11,5,22
740350402,11,8,3,22
740350403,9,19,14,42
740350404,11,14,12,37
740350405,2,5,2,9
740350406,4,4,8,16
740350407,30,44,79,153
740350501,17,8,5,30
740350502,3,14,5,22
740350601,12,8,45,65
740350602,39,23,8,70
740350603,18,10,5,33
740350604,3,5,4,12
740350605,2,6,5,13
740350701,8,10,7,25
740350702,104,50,39,193
740350703,104,106,56,266
740350704,73,74,35,182
740350705,71,56,32,159
740350706,101,67,42,210
740350707,129,82,27,238
740350708,129,107,36,272
740350709,108,75,35,218
740350710,130,137,57,324
740350711,107,76,52,235
740350712,175,65,9,249
740350713,182,131,17,330
740350714,191,70,3,264
740350715,155,42,4,201
740350716,208,37,2,247
740350801,104,80,51,235
740350802,36,43,71,150
740350803,0,1,1,2
740350804,53,158,129,340
740350805,98,144,78,320
740350806,64,70,48,182
740350807,58,51,28,137
740350808,158,83,8,249
740350809,137,75,39,251
740350810,109,73,71,253
740350811,150,131,84,365
740350812,87,69,56,212
740350813,136,35,24,195
740350814,246,49,8,303
740350815,199,63,7,269
740350816,127,102,2,231
740350817,152,148,31,331
740350818,141,83,61,285
740350819,179,101,23,303
740350820,151,33,2,186
740350821,4,6,14,24
740350901,159,29,1,189
740350902,214,56,2,272
740350903,169,75,12,256
740350904,108,117,49,274
740350905,4,6,35,45
740350906,130,46,23,199
740350907,248,68,26,342
740350908,238,31,4,273
740350909,181,34,1,216
740350910,227,92,4,323
740350911,228,66,1,295
740350912,193,46,1,240
740350913,223,33,7,263
740350914,184,101,10,295
740350915,167,68,12,247
740350916,73,174,12,259
740350917,79,82,78,239
740351001,357,88,4,449
740351002,125,77,1,203
740351003,161,67,2,230
740351004,132,62,2,196
740351005,329,98,4,431
740351006,360,34,2,396
740351007,215,100,1,316
740351008,271,7,3,281
740351009,224,29,1,254
740351010,99,74,13,186
740351011,192,76,9,277
740351012,110,12,0,122
740351013,83,62,0,145
740351014,97,60,1,158
740351015,129,62,3,194
740351016,242,65,20,327
740351017,112,61,7,180
740351018,115,72,31,218
740351019,236,101,6,343
740351020,29,11,2,42
740351101,40,12,5,57
740351102,59,88,57,204
740351103,114,101,16,231
740351104,121,91,13,225
740351105,122,39,4,165
740351106,175,33,3,211
740351107,149,24,1,174
740351108,125,38,2,165
740351109,122,33,7,162
740351110,234,51,13,298
740351111,192,93,49,334
740351112,108,111,117,336
740351113,79,65,43,187
740351114,157,98,49,304
740351201,226,48,4,278
740351202,193,61,6,260
740351203,102,105,2,209
740351204,119,89,1,209
740351205,180,134,0,314
740351206,159,43,19,221
740351207,82,66,64,212
740351208,107,93,60,260
740351209,154,94,41,289
740351210,226,73,28,327
740351211,124,23,0,147
740351212,132,40,4,176
740351213,69,61,18,148
740351214,89,95,96,280
740351215,54,73,115,242
740351216,51,62,107,220
740351217,87,52,24,163
740351218,28,47,34,109
740351301,191,85,3,279
740351302,0,0,1,1
740351303,239,99,1,339
740351304,216,61,2,279
740351305,215,43,0,258
740351306,224,17,0,241
740351307,38,0,0,38
740351308,274,33,0,307
740351309,219,51,0,270
740351310,206,55,1,262
740351311,235,46,1,282
740351401,168,208,6,382
740351402,10,6,0,16
740351403,221,63,2,286
740351404,182,83,25,290
740351405,115,86,15,216
740351406,277,64,0,341
740351407,215,96,0,311
740351408,291,53,0,344
740351409,233,28,0,261
740351410,273,57,0,330
740351501,7,4,0,11
740351502,90,29,15,134
740351503,13,14,26,53
740351504,66,5,1,72
740351505,3,0,0,3
740351506,1,0,6,7
740351507,10,7,2,19
740351601,108,52,43,203
740351602,134,31,28,193
740351603,169,22,4,195
740351604,171,46,8,225
740351605,142,14,19,175
740351606,90,32,16,138
740351607,153,55,23,231
740351608,163,51,4,218
740351609,150,89,9,248
740351610,231,100,23,354
740351611,121,117,2,240
740351612,205,37,16,258
740351701,29,11,17,57
740351702,28,22,10,60
740351703,3,9,8,20
740351704,14,11,30,55
740351705,24,19,8,51
740351801,15,26,8,49
740351802,16,18,3,37
740351803,5,7,22,34
740351804,4,10,3,17
740351805,13,12,4,29
740351806,0,20,0,20
740420101,3,4,11,18
740420102,4,16,12,32
740420103,12,9,14,35
740420201,14,9,0,23
740420202,50,39,16,105
740420203,9,8,2,19
740420204,35,51,34,120
740420205,37,36,17,90
740420206,48,34,1,83
740420207,146,105,85,336
740420208,151,115,85,351
740420301,3,2,1,6
740420302,21,30,13,64
740420303,8,7,8,23
740420304,96,79,51,226
740420305,10,11,10,31
740420306,186,125,68,379
740420307,25,17,11,53
740420308,111,41,16,168
740420401,8,5,7,20
740420402,24,20,17,61
740420403,171,93,34,298
740420404,216,112,55,383
740420405,67,5,1,73
740420406,5,10,3,18
740420501,2,10,15,27
740420502,0,0,7,7
740420601,10,11,2,23
740420602,17,9,4,30
740420603,185,86,21,292
740490101,9,2,18,29
740490102,1,12,23,36
740490103,64,40,10,114
740490104,20,27,26,73
740490105,1,6,33,40
740490106,13,12,18,43
740490107,1,2,6,9
740490201,7,10,43,60
740490202,0,4,17,21
740490203,7,15,29,51
740490204,101,127,24,252
740490205,115,62,15,192
740490206,103,98,45,246
740490207,73,85,53,211
740490208,123,39,23,185
740490209,176,63,16,255
740490210,87,71,20,178
740490211,93,33,5,131
740490212,14,15,15,44
740490213,9,19,55,83
740490301,29,45,24,98
740490302,14,14,14,42
740490303,205,123,58,386
740490304,183,81,19,283
740490305,145,67,13,225
740490306,125,79,9,213
740490401,223,131,44,398
740490402,150,108,37,295
740490403,137,37,17,191
740490404,128,28,10,166
740490405,341,81,11,433
740490406,302,114,13,429
740490407,171,59,4,234
740490408,140,38,3,181
740490409,145,31,5,181
740490410,236,32,2,270
740490411,243,43,9,295
740490412,163,48,2,213
740490413,292,48,7,347
740490414,159,72,14,245
740490415,208,197,40,445
740490416,220,34,7,261
740490417,131,55,4,190
740490418,154,21,7,182
740490419,127,50,5,182
740560101,3,7,24,34
740560102,2,2,13,17
740560103,2,7,45,54
740560104,17,17,38,72
740560105,80,46,44,170
740560201,12,26,19,57
740560202,25,28,31,84
740560203,34,42,27,103
740560204,89,50,157,296
740560205,51,39,14,104
740560206,53,45,110,208
740560301,3,6,0,9
740560302,181,22,0,203
740560303,123,4,0,127
740560304,170,12,0,182
740560305,182,23,0,205
740560306,271,49,0,320
740560307,249,16,0,265
740560308,279,3,0,282
740560309,0,0,0,0
740560310,295,33,2,330
740560311,315,24,4,343
740560312,268,37,0,305
740560313,288,46,0,334
740560314,277,2,6,285
740560315,227,13,2,242
740560316,293,41,0,334
740560317,0,0,0,0
740560318,0,8,0,8
740560401,7,19,32,58
740560402,61,16,2,79
740560403,107,30,13,150
740560404,102,39,8,149
740560405,121,20,3,144
740560406,156,72,35,263
740560407,139,46,23,208
740560408,12,22,19,53
740560501,94,50,7,151
740560502,252,63,25,340
740560503,55,26,19,100
740560504,188,21,0,209
740560505,183,19,1,203
740560506,151,45,41,237
740560507,150,47,13,210
740560508,210,80,11,301
740560509,284,99,17,400
740560510,205,48,4,257
740560511,106,21,0,127
740560512,224,93,40,357
740560513,257,49,40,346
740560514,155,66,32,253
740560515,4,1,21,26
740560601,3,2,3,8
740560602,41,20,0,61
740560603,221,12,4,237
740560604,195,10,2,207
740560605,125,114,74,313
740560606,238,82,72,392
740560607,134,79,14,227
740560608,128,24,4,156
740560609,200,48,23,271
740560610,170,78,50,298
740560611,199,74,5,278
740560612,127,108,29,264
740560613,147,110,1,258
740560614,105,104,35,244
740560615,190,83,6,279
740560616,162,49,6,217
740560617,244,64,34,342
740560701,107,87,41,235
740560702,255,55,14,324
740560703,13,8,0,21
740560704,202,127,99,428
740560705,181,170,49,400
740560706,241,77,14,332
740560707,105,13,2,120
740560708,321,18,3,342
740560709,267,25,2,294
740560710,196,90,40,326
740560711,78,43,11,132
740560712,227,56,12,295
740560713,278,59,48,385
740560714,214,30,4,248
740560715,177,58,1,236
740560716,188,82,2,272
740560717,242,60,8,310
740560718,155,24,11,190
740560719,192,55,17,264
740560720,80,56,17,153
740560721,188,144,12,344
740560722,154,38,15,207
740560723,121,32,4,157
740560724,139,43,23,205
740560725,129,51,6,186
740560726,228,71,14,313
740560801,83,95,77,255
740560802,81,101,121,303
740560803,195,13,1,209
740560804,165,69,1,235
740560805,207,31,1,239
740560806,78,19,0,97
740560807,234,11,0,245
740560808,220,25,7,252
740560809,164,58,1,223
740560810,275,19,0,294
740560811,163,8,0,171
740560812,260,24,1,285
740560813,226,5,1,232
740560814,195,6,0,201
740560815,203,20,0,223
740560901,160,59,1,220
740560902,177,84,0,261
740560903,225,45,0,270
740560904,147,12,1,160
740560905,186,28,1,215
740560906,202,53,1,256
740560907,186,27,0,213
740560908,248,33,0,281
740560909,172,59,4,235
740560910,211,94,1,306
740560911,189,34,1,224
740560912,118,41,1,160
740560913,66,1,0,67
740560914,191,28,1,220
740560915,236,39,0,275
740560916,119,14,0,133
740561001,233,63,12,308
740561002,175,9,1,185
740561003,263,59,21,343
740561004,170,54,24,248
740561005,269,26,15,310
740561006,275,31,1,307
740561007,264,44,2,310
740561008,152,61,0,213
740561009,50,23,38,111
740561010,253,31,1,285
740561011,233,92,9,334
740561012,272,84,14,370
740561013,202,70,2,274
740561014,198,46,6,250
740561015,234,46,1,281
740561016,194,68,0,262
740561017,272,32,2,306
740561018,244,42,1,287
740561101,133,50,24,207
740561102,232,73,37,342
740561103,233,63,2,298
740561104,176,55,29,260
740561105,172,39,2,213
740561106,184,60,13,257
740561107,275,70,3,348
740561108,204,22,1,227
740561109,111,33,7,151
740561110,143,20,35,198
740561111,185,13,0,198
740561112,204,13,0,217
740561113,206,18,5,229
740561114,115,2,0,117
740561115,114,37,0,151
740561116,154,7,0,161
740561117,194,16,1,211
740561118,207,51,65,323
740561119,46,54,47,147
740561120,147,34,21,202
740561121,195,26,3,224
740561122,156,69,30,255
740561201,101,149,190,440
740561202,70,87,93,250
740561203,258,136,7,401
740561204,220,66,3,289
740561205,72,102,47,221
740561206,92,63,45,200
740561207,152,15,3,170
740561208,144,28,10,182
740561209,96,46,35,177
740561210,101,42,20,163
740561211,134,26,13,173
740561212,154,38,22,214
740561213,158,77,53,288
740561214,149,87,15,251
740561215,131,104,78,313
740561216,229,111,7,347
740561217,44,60,28,132
740561218,6,10,8,24
740561219,54,81,31,166
740561220,109,46,39,194
740561301,129,44,0,173
740561302,100,39,2,141
740561303,158,57,0,215
740561304,201,10,0,211
740561305,206,10,2,218
740561306,94,29,2,125
740561307,225,28,10,263
740561308,182,44,11,237
740561309,232,80,6,318
740561310,117,32,7,156
740561311,237,68,20,325
740561312,179,41,9,229
740561401,199,29,1,229
740561402,132,66,1,199
740561403,233,40,2,275
740561404,248,38,1,287
740561405,285,17,0,302
740561406,215,50,12,277
740561407,106,38,43,187
740561408,142,94,8,244
740561409,184,68,23,275
740561410,132,24,3,159
740561411,151,19,5,175
740561412,164,36,8,208
740561413,225,42,0,267
740561414,158,95,23,276
740561415,294,43,4,341
740561416,284,42,8,334
740561417,330,15,4,349
740561418,72,95,103,270
740561501,109,46,35,190
740561502,109,69,9,187
740561503,197,93,10,300
740561504,67,8,7,82
740561505,200,10,21,231
740561506,283,14,0,297
740561507,184,114,5,303
740561508,156,134,6,296
740561509,199,35,6,240
740561510,193,23,4,220
740561511,181,76,7,264
740561512,237,40,2,279
740561513,255,35,1,291
740561514,216,18,5,239
740561515,107,1,0,108
740561601,17,26,48,91
740561602,12,18,20,50
740561603,6,5,31,42
740561701,13,2,17,32
740561702,0,1,3,4
740561703,0,0,11,11
740561704,7,5,6,18
740561705,5,8,10,23
740561706,0,2,3,5
740561707,59,81,89,229
740561801,0,1,3,4
740561802,7,29,25,61
740561803,0,2,11,13
740561804,0,2,11,13
740561805,0,2,3,5
740561901,0,4,23,27
740561902,5,21,23,49
740561903,3,2,0,5
740561904,1,2,0,3
740630101,2,5,76,83
740630102,87,86,44,217
740630201,1,1,70,72
740630202,8,10,119,137
740630301,15,16,95,126
740630302,22,29,8,59
740630303,4,10,66,80
740630304,0,6,52,58
740630305,14,17,35,66
740630401,10,17,88,115
740630402,16,1,126,143
740630501,0,2,28,30
740630502,2,5,9,16
740630503,47,61,30,138
740630504,27,15,76,118
780070101,5,4,10,19
780070201,11,7,12,30
780070301,2,1,9,12
780070302,1,3,10,14
780070401,27,4,10,41
780070501,214,73,17,304
780070502,428,37,2,467
780070503,355,39,30,424
780070504,155,10,1,166
780070505,428,38,25,491
780070601,219,15,7,241
780070602,445,55,4,504
780070603,271,18,7,296
780070604,258,26,6,290
780140101,10,8,10,28
780140102,7,8,15,30
780140103,334,44,70,448
780140104,346,72,60,478
780140105,239,46,32,317
780140106,433,85,91,609
780140107,279,71,23,373
780140108,329,78,51,458
780140109,459,74,34,567
780140201,10,15,9,34
780140202,261,50,18,329
780140203,385,66,54,505
780140204,294,78,0,372
780140205,261,83,62,406
780140206,332,48,11,391
780140207,221,73,14,308
780140208,245,50,94,389
780140209,84,36,75,195
780140210,330,22,7,359
780140211,359,62,31,452
780140212,452,56,29,537
780140213,268,61,72,401
780140214,204,60,26,290
780140215,3,4,1,8
780140216,407,22,20,449
780140217,180,55,10,245
780140218,263,70,18,351
780140219,209,55,58,322
780140220,275,47,21,343
780140221,345,79,16,440
780140222,267,21,24,312
780140301,11,1,11,23
780140302,9,3,10,22
780140303,42,3,26,71
780140304,326,11,12,349
780140305,468,28,19,515
780140401,8,5,13,26
780140402,73,14,11,98
780140403,90,9,5,104
780140501,5,3,21,29
780140502,7,4,14,25
780140503,11,1,12,24
780140504,148,13,9,170
780140505,377,76,59,512
780140506,232,21,10,263
780140507,307,45,7,359
780140601,10,2,5,17
780140701,4,3,9,16
780140801,146,19,32,197
780140802,344,56,55,455
780140803,304,60,15,379
780140804,322,31,22,375
780140805,282,43,20,345
780140901,429,60,32,521
780140902,346,49,34,429
780140903,206,36,29,271
780140904,165,54,19,238
780140905,245,67,35,347
780140906,338,86,31,455
780140907,174,33,16,223
780140908,350,71,45,466
780140909,249,52,6,307
780140910,246,46,30,322
780140911,277,42,4,323
780140912,318,32,14,364
780140913,290,57,18,365
780140914,210,60,21,291
780141001,212,27,4,243
780141101,360,35,9,404
780141102,271,38,7,316
780141103,91,38,15,144
780141104,202,64,15,281
780141105,115,42,8,165
780141106,184,40,2,226
780141107,186,17,10,213
780141108,303,82,23,408
780141109,204,69,11,284
780141110,170,47,28,245
780141111,256,95,15,366
780141112,268,84,19,371
780141113,242,78,7,327
780141114,235,58,34,327
780141115,255,105,28,388
780141116,181,32,14,227
780141117,175,46,26,247
780141118,109,18,4,131
780141119,154,34,33,221
780141120,363,89,19,471
780141121,225,29,3,257
780141122,149,71,14,234
780141123,177,34,12,223
780141124,141,43,18,202
780141125,162,44,9,215
780141201,217,34,24,275
780141202,230,89,9,328
780141203,294,87,74,455
780141204,166,61,12,239
780141205,184,22,17,223
780141206,278,37,26,341
780141207,217,48,14,279
780141208,236,33,42,311
780210101,38,16,23,77
780210102,11,3,8,22
780210201,12,8,9,29
780210301,36,8,19,63
780210401,50,20,22,92
780210402,23,1,18,42
780210403,30,4,9,43
780210404,1,0,0,1
780210405,199,64,140,403
780210406,8,2,30,40
780210501,28,1,5,34
780210601,35,6,9,50
780210701,25,9,24,58
780210702,53,20,14,87
780210703,2,4,1,7
780210704,67,13,2,82
780210705,6,1,0,7
780210706,28,4,11,43
780210801,267,32,9,308
780210802,444,117,25,586
780210803,10,1,0,11
780210804,237,23,1,261
780210805,256,31,0,287
780210806,263,89,26,378
780210807,408,29,10,447
780210901,365,79,8,452
780210902,458,95,20,573
780210903,358,109,4,471
780211001,214,24,3,241
780211002,346,36,13,395
780211003,196,18,4,218
780211004,204,24,1,229
780211005,167,13,0,180
780211006,156,48,4,208
780211007,149,10,8,167
780211008,278,44,3,325
780211009,134,14,10,158
780211010,281,32,16,329
780211011,278,33,15,326
780211012,280,24,6,310
780211013,193,12,6,211
780211014,262,44,10,316
780211015,182,8,2,192
780211016,190,22,14,226
780211101,226,15,3,244
780211102,181,14,2,197
780211103,351,14,3,368
780211104,137,17,0,154
780211105,322,26,8,356
780211106,216,33,5,254
780211107,196,30,1,227
780211108,150,10,3,163
780211109,270,15,2,287
780211110,147,27,2,176
780211111,184,12,7,203
780211112,241,38,5,284
780211113,236,11,1,248
780211114,179,60,14,253
780211115,269,25,3,297
780211116,157,8,13,178
780211117,158,11,0,169
780211118,188,28,1,217
780211119,102,14,0,116
780211120,260,10,4,274
780211121,162,19,6,187
780211122,266,33,4,303
780211123,223,30,9,262
780211201,334,19,18,371
780211202,146,19,30,195
780211203,187,25,13,225
780211204,229,36,12,277
780211205,369,45,6,420
780211206,136,14,2,152
780211207,264,86,3,353
780211208,286,60,6,352
780211209,272,46,4,322
780211210,219,5,1,225
780211211,201,21,3,225
780211212,308,72,4,384
780211213,183,8,1,192
780211214,211,21,6,238
780211215,186,16,6,208
780211216,170,41,23,234
780211217,176,38,2,216
780211218,188,12,0,200
780211219,144,62,1,207
780211220,317,48,3,368
780211221,505,41,0,546
780211301,261,16,6,283
780211302,150,29,27,206
780211303,133,18,8,159
780211304,379,39,5,423
780211305,372,67,15,454
780211306,421,50,30,501
780211307,404,41,19,464
780211308,359,53,10,422
780211309,269,29,5,303
780211310,245,48,17,310
780211311,262,1,1,264
780211312,501,43,23,567
780211313,129,11,35,175
780211314,200,26,5,231
780211315,395,14,0,409
780211316,50,1,1,52
780211317,382,66,38,486
780211318,151,28,6,185
780211319,129,2,3,134
780211320,227,169,154,550
780211321,208,54,60,322
780211322,345,9,2,356
780211401,299,32,16,347
780211402,281,30,13,324
780211403,236,16,8,260
780211404,186,23,8,217
780211405,178,22,4,204
780211406,296,29,15,340
780211407,354,32,11,397
780211408,270,47,4,321
780211409,232,23,9,264
780211410,274,29,6,309
780211411,154,9,13,176
780211412,178,33,5,216
780211413,123,18,3,144
780211414,324,55,2,381
780211415,135,96,3,234
780280101,6,2,8,16
780280102,12,4,4,20
780280103,321,68,48,437
780280201,5,2,2,9
780280301,6,0,3,9
780280401,13,5,6,24
780280402,72,6,3,81
780280501,11,6,5,22
780280502,6,3,5,14
780280503,393,50,10,453
780280504,551,114,53,718
780280505,51,13,33,97
780280506,82,12,6,100
780280507,4,0,0,4
780280508,8,3,1,12
780280509,26,3,11,40
780280510,237,37,3,277
780280511,13,1,0,14
780280512,21,3,4,28
780280513,454,106,15,575
780280514,312,57,31,400
780280601,4,14,1,19
780280701,151,23,1,175
780280702,204,56,15,275
780280703,283,42,10,335
780280704,344,79,46,469
780280705,202,34,3,239
780280706,240,31,3,274
780350101,3,2,10,15
780350102,7,3,4,14
780350201,4,5,12,21
780350301,5,3,7,15
780350401,14,4,13,31
780350402,139,25,49,213
780350403,360,38,17,415
780350404,312,28,17,357
780350501,0,0,3,3
780350601,154,31,9,194
780350602,344,37,17,398
780350603,348,33,9,390
780350604,227,22,18,267
780350605,73,11,15,99
780420101,12,3,17,32
780420201,11,0,4,15
780420202,150,8,14,172
780420203,123,7,10,140
780420301,226,36,35,297
780420302,329,29,32,390
780420303,103,12,5,120
780420304,230,34,18,282
780420305,319,29,30,378
780420306,451,58,14,523
780420307,284,22,9,315
780490101,20,3,16,39
780490102,7,0,0,7
780490103,79,7,2,88
780490201,11,10,9,30
780490301,10,0,10,20
780490401,4,0,4,8
780490501,432,63,12,507
780490502,363,70,15,448
780490503,150,34,40,224
820070101,26,31,7,64
820070102,36,67,14,117
820070103,262,100,22,384
820070104,42,24,5,71
820070201,217,95,9,321
820070202,203,127,27,357
820070203,249,36,2,287
820070204,196,115,17,328
820070205,176,107,45,328
820070206,165,88,12,265
820070207,160,52,22,234
820070208,204,216,55,475
820070209,47,35,13,95
820070210,159,43,21,223
820070211,234,106,12,352
820070212,38,45,8,91
820070213,127,113,5,245
820070214,142,79,6,227
820070215,107,87,20,214
820070216,136,90,46,272
820070217,93,109,37,239
820070301,145,134,10,289
820070302,256,106,12,374
820070303,254,111,7,372
820070304,224,120,2,346
820070305,188,106,26,320
820070306,155,141,35,331
820070307,57,32,2,91
820070308,130,87,41,258
820070309,40,39,5,84
820070310,325,123,35,483
820070311,177,131,16,324
820070312,249,139,11,399
820070313,154,84,13,251
820070314,154,80,3,237
820070315,169,114,32,315
820070401,100,97,50,247
820070402,121,67,6,194
820070403,237,66,10,313
820070404,138,60,11,209
820070405,191,78,3,272
820070406,131,125,24,280
820070407,164,98,68,330
820070408,148,110,58,316
820070409,180,139,106,425
820070410,135,79,19,233
820070411,160,69,4,233
820070412,239,118,17,374
820070413,58,99,121,278
820070414,142,131,35,308
820140101,231,150,20,401
820140102,258,112,34,404
820140103,155,111,4,270
820140104,155,63,2,220
820140105,183,89,8,280
820140106,234,116,4,354
820140107,141,141,36,318
820140108,162,89,22,273
820140109,276,145,13,434
820140110,287,124,13,424
820140111,161,123,47,331
820140112,245,147,7,399
820140113,178,106,15,299
820140114,217,145,5,367
820140115,236,191,16,443
820140116,153,73,17,243
820140117,131,126,16,273
820140118,2,4,1,7
820140119,10,7,4,21
820140120,23,9,2,34
820140121,26,19,0,45
820140122,7,5,5,17
820140123,2,4,0,6
820140124,11,14,1,26
820140125,11,6,2,19
820140126,23,16,7,46
820140127,11,17,4,32
820140128,20,29,4,53
820140129,16,20,8,44
820140130,143,113,3,259
820140201,21,25,5,51
820140202,9,11,12,32
820140203,165,116,7,288
820140204,205,216,46,467
820140205,186,91,4,281
820140206,209,96,4,309
820140207,186,118,9,313
820140208,153,98,4,255
820140209,150,71,1,222
820140210,271,58,1,330
820140211,168,62,0,230
820140212,124,40,4,168
820140213,145,52,3,200
820140214,148,48,0,196
820140215,143,40,0,183
820140216,161,34,2,197
820140217,148,85,0,233
820140218,231,133,17,381
820140219,137,94,28,259
820140301,162,50,0,212
820140302,148,100,0,248
820140303,262,136,8,406
820140304,121,77,3,201
820140305,173,102,4,279
820140306,46,20,23,89
820140307,193,207,32,432
820140308,140,104,10,254
820140309,125,132,12,269
820140310,160,113,7,280
820140311,143,123,22,288
820140312,12,13,14,39
820140401,118,132,27,277
820140402,112,201,12,325
820140403,166,161,11,338
820140404,122,179,16,317
820140405,109,181,4,294
820140406,157,202,23,382
820140407,150,118,12,280
820140408,111,167,41,319
820140409,104,108,8,220
820140410,130,116,16,262
820140411,190,126,5,321
820140412,114,188,6,308
820140413,13,5,1,19
820140414,4,1,0,5
820140415,57,28,8,93
820140416,20,39,15,74
820140417,24,23,8,55
820140418,18,49,11,78
820140419,180,142,16,338
820140420,141,126,5,272
820140501,9,6,2,17
820140502,35,9,6,50
820140503,254,126,21,401
820140504,224,123,16,363
820140505,44,33,6,83
820140506,188,158,10,356
820140507,225,69,9,303
820140508,198,120,3,321
820140509,139,76,7,222
820140510,200,135,8,343
820140511,187,113,14,314
820140512,9,7,1,17
820140513,92,85,32,209
820140514,158,135,28,321
820140515,10,9,4,23
820140516,9,10,4,23
820140517,201,107,50,358
820140518,134,63,13,210
820140519,155,100,12,267
820140520,3,7,0,10
820140521,2,3,0,5
820140522,1,6,2,9
820140523,82,141,35,258
820140524,64,93,16,173
820140601,139,242,345,726
820140602,200,188,34,422
820140603,119,98,2,219
820140604,191,146,7,344
820140605,130,208,95,433
820140606,131,92,25,248
820140607,215,188,12,415
820140608,153,157,23,333
820140609,100,187,106,393
820140610,14,0,2,16
820140611,15,10,1,26
820149001,7,15,0,22
820210101,39,5,11,55
820210102,9,5,5,19
820210103,249,73,93,415
820210104,205,65,49,319
820210105,153,56,22,231
820210106,257,50,17,324
820210107,217,54,18,289
820210108,39,29,25,93
820210109,27,6,1,34
820210110,257,55,55,367
820210111,46,24,15,85
820210112,68,31,41,140
820210113,48,12,3,63
820210114,20,9,19,48
820210115,125,58,40,223
820210116,47,25,27,99
820210117,22,25,23,70
820210118,108,65,27,200
820210119,324,55,94,473
820210120,25,9,35,69
820210121,14,12,23,49
820210122,12,5,32,49
820210123,65,4,16,85
820210124,288,37,67,392
820210125,2,2,20,24
820210126,19,17,16,52
820210127,25,10,4,39
820210128,46,32,18,96
820210129,17,10,8,35
820210130,10,22,19,51
820210131,25,12,19,56
820210132,31,23,27,81
820210133,254,34,63,351
820210134,188,39,99,326
820210201,247,98,31,376
820210202,273,88,11,372
820210203,274,87,4,365
820210204,307,97,8,412
820210205,185,126,99,410
820210206,231,69,10,310
820210207,209,106,37,352
820210208,319,35,1,355
820210209,311,56,19,386
820210210,214,103,29,346
820210211,182,81,24,287
820210212,195,112,87,394
820210213,158,39,5,202
820210214,169,90,57,316
820210215,415,94,60,569
820210216,246,56,19,321
820210217,337,69,37,443
820210218,145,136,64,345
820210301,7,6,7,20
820210302,349,121,57,527
820210303,17,10,29,56
820210304,57,15,28,100
820210305,288,72,59,419
820210306,30,9,25,64
820210307,41,7,14,62
820210308,62,9,17,88
820210309,4,3,3,10
820210310,71,18,37,126
820210311,119,28,52,199
820210312,25,1,9,35
820210313,266,31,39,336
820210314,63,13,18,94
820210315,54,1,8,63
820210316,8,3,15,26
820210317,280,51,35,366
820210318,193,93,69,355
820210319,39,10,13,62
820210320,67,29,11,107
820210321,289,102,24,415
820210322,60,12,18,90
820210323,16,4,15,35
820210324,9,6,11,26
820210325,14,5,9,28
820210326,18,3,13,34
820210327,104,31,32,167
820210328,26,4,13,43
820210329,27,6,13,46
820210330,24,5,12,41
820210331,17,17,9,43
820210332,61,17,10,88
820210333,99,25,16,140
820210401,288,116,64,468
820210402,168,88,29,285
820210403,152,52,5,209
820210404,212,74,42,328
820210405,150,60,20,230
820210406,361,41,21,423
820210407,93,40,6,139
820210408,257,71,15,343
820210409,261,63,3,327
820210410,132,22,0,154
820210411,257,47,2,306
820210412,221,17,0,238
820210413,215,26,4,245
820210414,273,33,3,309
820210415,263,45,15,323
820210416,446,134,81,661
820210417,147,100,128,375
820210418,190,127,99,416
820210419,177,95,114,386
820210420,130,68,36,234
820210421,132,56,8,196
820210422,454,274,97,825
820210501,99,108,35,242
820210502,107,69,106,282
820210503,187,104,59,350
820210504,166,61,28,255
820210505,265,96,89,450
820210506,209,79,27,315
820210507,178,36,1,215
820210508,267,78,3,348
820210509,222,19,0,241
820210510,188,11,1,200
820210511,215,27,2,244
820210512,113,134,86,333
820210513,234,155,104,493
820210514,176,125,105,406
820210601,205,110,5,320
820210602,285,66,3,354
820210603,273,18,0,291
820210604,233,38,4,275
820210605,259,89,2,350
820210606,289,27,2,318
820210607,373,60,11,444
820210608,288,70,30,388
820210609,368,36,3,407
820210610,256,63,36,355
820210611,184,146,11,341
820210612,294,55,31,380
820210613,196,56,12,264
820210614,283,72,15,370
820210615,104,12,3,119
820210616,827,87,15,929
820210617,186,66,1,253
820210618,271,114,38,423
820210619,281,86,19,386
820210620,321,68,2,391
820210701,128,72,30,230
820210702,103,134,238,475
820210703,20,16,9,45
820210704,28,8,13,49
820210705,19,8,5,32
820210706,118,53,44,215
820210707,183,56,42,281
820210708,2,0,3,5
820210709,14,10,7,31
820210710,156,53,31,240
820210711,22,6,6,34
820210712,226,71,12,309
820210713,140,51,38,229
820210714,36,6,14,56
820210715,5,5,18,28
820210716,1,4,6,11
820210717,168,155,72,395
820210718,166,86,80,332
820210719,131,50,43,224
820210720,120,112,48,280
820210721,58,112,56,226
820210722,204,172,171,547
820210723,7,0,0,7
820210724,107,98,41,246
820210725,49,90,46,185
820210726,97,103,82,282
820210801,183,12,0,195
820210802,282,38,1,321
820210803,231,33,1,265
820210804,282,21,4,307
820210805,248,42,2,292
820210806,147,42,5,194
820210807,270,75,29,374
820210808,202,37,25,264
820210809,234,50,19,303
820210810,239,82,34,355
820210811,282,60,9,351
820210812,185,11,1,197
820210813,120,75,60,255
820210814,236,88,33,357
820210815,108,80,76,264
820210901,348,69,5,422
820210902,261,67,16,344
820210903,280,43,32,355
820210904,413,71,22,506
820210905,169,56,13,238
820210906,185,56,4,245
820210907,312,14,6,332
820210908,42,14,0,56
820210909,223,25,1,249
820210910,136,39,4,179
820210911,248,68,28,344
820210912,299,78,19,396
820210913,176,50,19,245
820210914,223,47,9,279
820211001,47,17,10,74
820211002,121,70,13,204
820211003,28,14,21,63
820211004,15,6,23,44
820211005,30,11,7,48
820211006,325,99,30,454
820211007,295,72,10,377
820211008,347,60,9,416
820211009,296,76,39,411
820211010,10,3,2,15
820211011,27,9,9,45
820211012,41,8,26,75
820211013,326,72,37,435
820211014,186,125,32,343
820211015,300,82,8,390
820211016,196,71,5,272
820211017,286,55,8,349
820211018,243,66,6,315
820280101,316,178,17,511
820280102,154,79,2,235
820280103,141,70,8,219
820280104,223,159,57,439
820280105,268,219,96,583
820280106,12,4,4,20
820280107,81,35,18,134
820280108,127,96,9,232
820280109,126,73,14,213
820280110,55,17,8,80
820280111,24,20,3,47
820280112,209,125,20,354
820280113,240,101,15,356
820280114,160,101,31,292
820280115,10,2,0,12
820280116,6,11,4,21
820280117,201,93,32,326
820280118,12,5,3,20
820280119,20,17,5,42
820280120,121,44,1,166
820280121,138,73,5,216
820280122,133,120,7,260
820280123,110,78,6,194
820280124,136,81,8,225
820280201,357,162,50,569
820280202,18,19,7,44
820280203,87,39,13,139
820280204,194,118,7,319
820280205,169,220,73,462
820280206,12,25,2,39
820280207,110,160,12,282
820280208,56,24,3,83
820280209,47,45,20,112
820280210,11,3,9,23
820280211,220,95,18,333
820280212,92,104,68,264
820280213,8,4,2,14
820280214,125,77,17,219
820280215,13,7,1,21
820280216,151,57,22,230
820280217,14,8,6,28
820280218,9,3,1,13
820280219,6,7,1,14
820280220,148,110,7,265
820280221,190,84,7,281
820280301,43,84,80,207
820280302,192,119,9,320
820280303,187,132,14,333
820280304,221,92,2,315
820280305,156,99,1,256
820280306,233,131,33,397
820280307,188,137,27,352
820280308,217,95,4,316
820280309,324,279,85,688
820280310,24,13,19,56
820280311,161,100,11,272
820280312,60,36,7,103
820280313,79,61,15,155
820280314,105,56,8,169
820280315,39,20,2,61
820280316,94,114,17,225
820280317,17,13,7,37
820280318,175,122,18,315
820280319,94,53,4,151
820280320,130,60,34,224
820280321,120,82,17,219
820280322,2,38,153,193
820280323,15,25,11,51
820280324,83,111,62,256
820280325,14,8,7,29
820280326,204,222,63,489
820280327,47,30,16,93
820280401,185,109,49,343
820280402,167,70,29,266
820280403,156,120,71,347
820280404,196,138,26,360
820280405,146,101,97,344
820280406,188,50,1,239
820280407,222,94,4,320
820280408,167,61,18,246
820280409,195,107,3,305
820280410,199,228,37,464
820280411,196,77,14,287
820280412,170,162,4,336
820280413,239,116,18,373
820280414,256,122,3,381
820280415,188,93,8,289
820280501,72,40,43,155
820280502,116,104,15,235
820280503,160,109,6,275
820280504,174,117,1,292
820280505,207,209,37,453
820280506,283,193,32,508
820280507,245,54,1,300
820280508,216,150,34,400
820280509,136,166,35,337
820280510,115,97,7,219
820280511,232,205,10,447
820280512,172,235,72,479
820280513,230,139,18,387
820280514,158,144,27,329
820280515,100,155,102,357
820280516,136,89,5,230
820280517,191,172,23,386
820289201,20,18,11,49
820350101,20,22,58,100
820350102,59,76,97,232
820350103,9,14,41,64
820350104,4,1,4,9
820350105,4,6,6,16
820350106,24,30,149,203
820350107,6,6,16,28
820350108,17,8,70,95
820350109,16,9,49,74
820350110,37,35,74,146
820350111,205,102,69,376
820350112,24,73,134,231
820350113,160,86,71,317
820350114,267,38,32,337
820350115,5,8,8,21
820350116,44,60,34,138
820350117,140,55,73,268
820350201,0,1,4,5
820350202,161,172,189,522
820350203,9,5,18,32
820350204,2,3,11,16
820350205,26,9,14,49
820350206,31,22,73,126
820350207,54,47,114,215
820350208,10,16,56,82
820350209,86,70,161,317
820350210,247,71,45,363
820350211,258,119,153,530
820350212,155,76,129,360
820350213,124,62,113,299
820420101,29,14,0,43
820420102,128,68,28,224
820420103,154,107,13,274
820420104,45,32,32,109
820420105,12,17,2,31
820420106,25,27,4,56
820420107,127,124,64,315
820420108,295,115,8,418
820420109,250,149,4,403
820420110,106,36,11,153
820420111,183,134,23,340
820420112,245,53,4,302
820420113,23,25,5,53
820420115,151,96,20,267
820420116,49,35,9,93
820420117,57,27,15,99
820420118,27,23,11,61
820420119,40,34,18,92
820420120,23,15,13,51
820420121,40,20,28,88
820420122,182,98,39,319
820420123,133,78,39,250
820420124,49,45,12,106
820420201,43,22,8,73
820420202,85,49,19,153
820420203,33,19,6,58
820420204,35,27,13,75
820420205,206,100,31,337
820420206,147,84,91,322
820420207,149,85,11,245
820420208,88,95,52,235
820420209,20,11,3,34
820420210,81,50,37,168
820420211,40,42,14,96
820420212,118,100,55,273
820420213,207,80,13,300
820420214,207,136,57,400
820420215,257,138,29,424
820420216,51,37,14,102
820420217,47,30,12,89
820420218,84,31,4,119
820420219,212,129,30,371
820420220,246,78,7,331
820420221,267,139,12,418
820420222,216,70,13,299
820420301,41,25,1,67
820420302,95,55,13,163
820420303,43,16,9,68
820420304,40,30,2,72
820420305,27,14,59,100
820420306,33,9,41,83
820420307,21,20,4,45
820420308,91,67,38,196
820420309,77,40,38,155
820420310,146,77,8,231
820420311,170,73,39,282
820420312,140,130,84,354
820420313,305,109,115,529
820420314,170,80,63,313
820420315,153,102,48,303
820420316,190,144,20,354
820420317,154,87,9,250
820420318,188,117,72,377
820420319,108,51,17,176
820420320,11,9,5,25
820420321,10,13,4,27
820420322,14,5,6,25
820420323,147,59,65,271
820420324,125,89,7,221
820420401,222,170,19,411
820420402,125,170,237,532
820420403,194,152,114,460
820420404,165,214,43,422
820420405,163,52,1,216
820420406,221,101,8,330
820420407,123,103,5,231
820420408,294,86,6,386
820420409,182,88,4,274
820420410,157,52,4,213
820420411,88,61,5,154
820420412,107,77,14,198
820420413,155,124,85,364
820420414,156,83,12,251
820420415,137,145,53,335
820420416,133,56,8,197
820420417,282,185,7,474
820420418,200,81,11,292
820420419,147,115,11,273
820420420,14,22,0,36
820420421,248,146,7,401
820420501,263,117,25,405
820420502,242,114,16,372
820420503,269,118,58,445
820420504,132,56,0,188
820420505,184,58,2,244
820420506,226,107,2,335
820420507,194,123,9,326
820420508,157,184,77,418
820420509,99,52,25,176
820420601,144,101,46,291
820420602,92,79,51,222
820420603,229,122,28,379
820420604,228,117,28,373
820420605,189,107,26,322
820420606,260,113,23,396
820420607,217,84,9,310
820420608,253,86,3,342
820420609,95,28,1,124
820420610,263,154,12,429
820420611,250,95,2,347
820420612,217,79,4,300
820420613,218,90,8,316
820420614,155,95,5,255
820420615,70,26,1,97
820420616,173,78,9,260
820420617,129,45,36,210
820420618,96,87,69,252
820420619,101,118,91,310
820420620,167,154,26,347
820420621,119,105,19,243
820420622,198,24,3,225
820420701,191,57,27,275
820420702,76,82,96,254
820420703,121,58,21,200
820420704,161,130,94,385
820420705,317,107,1,425
820420706,250,112,13,375
820420707,211,153,8,372
820420708,176,62,3,241
820420709,187,76,4,267
820420710,168,150,9,327
820420711,169,102,18,289
820420712,269,49,0,318
820420713,195,45,5,245
820420714,224,124,3,351
820420715,128,135,156,419
820420716,259,145,24,428
820420717,209,106,84,399
820420718,183,70,3,256
820420719,112,70,9,191
820420720,130,61,27,218
820420721,133,71,21,225
820420801,190,91,7,288
820420802,241,111,2,354
820420803,185,52,0,237
820420804,209,56,5,270
820420805,279,89,1,369
820420806,167,129,2,298
820420807,209,50,1,260
820420808,228,66,1,295
820420809,246,74,3,323
820420810,209,124,3,336
820420811,198,78,14,290
820420901,154,168,104,426
820420902,128,140,16,284
820420903,305,184,19,508
820420904,97,94,20,211
820420905,217,99,28,344
820420906,162,231,127,520
820420907,176,193,24,393
820420908,106,134,7,247
820420909,285,114,3,402
820420910,123,66,0,189
820420911,173,56,5,234
820420912,185,64,4,253
820420913,167,68,3,238
820420914,134,140,0,274
820420915,125,95,2,222
820420916,286,179,36,501
820420917,202,79,45,326
820420918,237,59,2,298
820420919,111,133,78,322
820420920,118,113,50,281
820420921,265,141,58,464
820420922,186,95,114,395
820420923,241,207,40,488
820420924,153,71,5,229
820420925,162,115,12,289
820420926,105,130,19,254
820421001,156,76,11,243
820421002,167,171,91,429
820421003,226,79,18,323
820421004,207,111,29,347
820421005,76,102,66,244
820421006,101,115,28,244
820421007,125,181,24,330
820421008,102,143,156,401
820421009,70,83,63,216
820421010,89,105,191,385
820421011,294,227,145,666
820421012,182,89,35,306
820421013,128,122,19,269
820421014,89,99,25,213
820421015,115,170,65,350
820421016,102,131,186,419
820421102,7,10,3,20
820421103,58,33,23,114
820421104,13,4,2,19
820421105,212,100,17,329
820421106,203,99,51,353
820421107,16,14,4,34
820421108,155,44,35,234
820421109,211,81,12,304
820421110,146,32,15,193
820421111,119,72,11,202
820421112,88,103,24,215
820421113,164,73,4,241
820421114,193,80,4,277
820421115,241,67,1,309
820421116,233,110,16,359
820421117,41,37,11,89
820421118,158,115,30,303
820421119,122,81,43,246
820421120,153,92,17,262
820421121,141,63,16,220
820421201,52,41,9,102
820421202,36,29,7,72
820421203,234,145,73,452
820421204,199,79,37,315
820421205,226,61,10,297
820421206,198,68,2,268
820421207,168,90,21,279
820421208,254,104,43,401
820421209,71,43,6,120
820421210,225,176,60,461
820421211,260,70,8,338
820421212,318,61,6,385
820421213,216,58,7,281
820421214,259,111,18,388
820421215,9,15,6,30
820421216,192,108,35,335
820429101,8,6,1,15
820490101,115,82,206,403
820490102,270,143,236,649
820490103,29,29,93,151
820490104,0,0,13,13
820490105,6,15,66,87
820490106,0,3,25,28
820490107,28,44,100,172
820490108,213,127,77,417
820490109,117,135,96,348
820490110,22,70,54,146
820490111,11,8,42,61
820490112,96,53,118,267
820490113,10,0,29,39
820490114,14,5,71,90
820490115,6,3,33,42
820490116,123,261,292,676
820490117,270,40,13,323
820490118,186,106,76,368
820490119,130,109,45,284
820490120,1,4,11,16
820490121,150,217,154,521
820490122,12,5,32,49
820490123,189,165,259,613
820490124,256,59,23,338
820490125,200,54,54,308
820490126,0,8,63,71
820490127,69,56,45,170
820490128,151,115,82,348
820490201,93,73,83,249
820490202,76,81,114,271
820490203,3,12,19,34
820490204,1,0,3,4
820490205,1,3,24,28
820490206,1,2,6,9
820490207,2,1,8,11
820490208,1,2,9,12
820490209,4,4,17,25
820490210,13,9,34,56
820490211,2,1,5,8
820490212,1,2,19,22
820490213,42,80,113,235
820490301,70,79,113,262
820490302,194,78,67,339
820490303,251,37,11,299
820490304,245,40,18,303
820490305,241,128,75,444
820490306,200,78,46,324
820490307,22,13,68,103
820490308,48,40,247,335
820490309,4,1,5,10
820490310,10,14,61,85
820490311,25,25,152,202
820490312,2,4,30,36
820490313,18,5,94,117
820490314,14,1,17,32
820490315,15,10,44,69
820490316,3,2,7,12
820490317,2,5,16,23
820490318,1,1,20,22
820490319,10,3,36,49
820490320,0,0,23,23
820490321,5,6,20,31
820490322,2,0,21,23
820490323,15,11,66,92
820490324,42,50,45,137
820490325,9,7,18,34
820490326,142,112,144,398
820490327,4,15,67,86
820490328,28,20,49,97
820490329,183,103,49,335
820490330,194,69,43,306
820490331,284,31,3,318
820490332,234,47,39,320
820490333,159,50,33,242
820490334,171,88,45,304
820490401,3,15,23,41
820490402,25,15,55,95
820490403,70,31,43,144
820490404,47,20,44,111
820490405,36,14,12,62
820490406,191,26,10,227
820490407,13,1,19,33
820490408,130,87,90,307
820490409,42,26,10,78
820490410,88,19,11,118
820490411,34,11,82,127
820490412,47,24,58,129
820490413,17,17,46,80
820490414,0,0,10,10
820490415,24,13,29,66
820490416,40,48,105,193
820490417,5,1,1,7
820490418,22,31,48,101
820490419,1,0,2,3
820490501,4,3,15,22
820490502,29,33,9,71
820490503,21,7,18,46
820490504,80,22,30,132
820490505,21,11,43,75
820490506,29,14,32,75
820490507,33,17,40,90
820490508,11,11,37,59
820490509,211,55,36,302
820490510,305,310,111,726
820490511,220,53,19,292
820490512,263,22,6,291
820490513,347,11,11,369
820490514,233,196,110,539
820490515,196,60,11,267
820490516,302,52,15,369
820490517,200,47,11,258
820490518,233,49,14,296
820490519,0,0,4,4
820490520,0,0,1,1
820490521,148,41,13,202
820490522,285,42,9,336
820490523,69,48,44,161
820490524,275,98,37,410
820490525,257,36,6,299
820490526,254,38,11,303
820490527,329,106,46,481
820490601,191,40,18,249
820490602,221,29,31,281
820490603,353,66,38,457
820490604,382,61,9,452
820490605,283,63,30,376
820490606,285,20,9,314
820490607,37,57,33,127
820490608,124,139,187,450
820490609,110,8,8,126
820490610,313,44,11,368
820490611,239,9,22,270
820490612,223,6,0,229
820490613,285,10,2,297
820490614,184,3,0,187
820490615,223,7,5,235
820490616,317,16,3,336
820490701,171,57,65,293
820490702,255,44,8,307
820490703,191,22,6,219
820490704,194,56,7,257
820490705,124,73,46,243
820490706,379,15,0,394
820490707,357,97,38,492
820490708,362,56,9,427
820490709,378,26,6,410
820490710,245,24,3,272
820490711,241,10,5,256
820490712,408,23,13,444
820490713,199,5,0,204
820490714,208,17,7,232
820490715,344,87,44,475
820490716,193,148,66,407
820490717,272,64,137,473
820490718,194,105,266,565
820490719,38,136,283,457
820490801,55,40,41,136
820490802,4,6,47,57
820490803,43,16,60,119
820490804,0,0,3,3
820490805,2,2,6,10
820490806,46,20,18,84
820490807,12,14,49,75
820490808,18,23,47,88
820490809,24,7,57,88
820490810,30,78,123,231
820490811,0,0,0,0
820490812,13,20,18,51
820490813,7,0,2,9
820490814,10,21,43,74
820490815,17,10,17,44
820490816,0,4,13,17
820490817,27,20,0,47
820490818,32,41,63,136
820490819,26,14,39,79
820490901,72,28,8,108
820490902,14,6,8,28
820490903,46,28,48,122
820490904,31,21,41,93
820490905,47,23,32,102
820490906,250,141,103,494
820490907,191,35,4,230
820490908,183,63,31,277
820490909,30,20,25,75
820490910,92,6,7,105
820490911,50,35,18,103
820490912,7,20,47,74
820490913,40,41,123,204
820490914,245,28,21,294
820490915,174,76,73,323
820490916,244,35,5,284
820491001,218,33,14,265
820491002,187,54,15,256
820491003,279,7,0,286
820491004,334,5,3,342
820491005,320,95,15,430
820491006,37,93,122,252
820491007,198,175,307,680
820491008,219,84,69,372
820491009,249,92,16,357
820491010,240,92,32,364
820491011,190,108,100,398
820491012,172,80,65,317
820491013,171,50,47,268
820491014,359,141,104,604
820491015,189,113,124,426
820491016,106,56,281,443
820491017,163,93,235,491
820491018,264,74,44,382
820491019,221,175,117,513
820560101,118,126,62,306
820560102,27,25,9,61
820560103,147,138,40,325
820560104,135,74,2,211
820560105,157,149,30,336
820560106,50,35,24,109
820560107,10,2,1,13
820560108,77,132,67,276
820560109,156,99,18,273
820560110,34,50,19,103
820560111,96,106,54,256
820560112,57,37,36,130
820560113,75,41,15,131
820560114,39,37,3,79
820560115,122,90,33,245
820560116,120,83,11,214
820560117,176,110,22,308
820560118,40,36,26,102
820560201,90,76,7,173
820560202,174,116,30,320
820560203,155,75,6,236
820560204,271,82,14,367
820560205,235,127,19,381
820560206,151,142,36,329
820560207,66,60,54,180
820560208,67,84,24,175
820560209,25,54,26,105
820560210,131,166,14,311
820560211,19,47,14,80
820560212,35,50,22,107
820560213,37,22,22,81
820560214,81,50,11,142
820560215,318,126,24,468
820560216,115,91,22,228
820560217,156,84,24,264
820560218,131,157,40,328
820560219,133,129,25,287
820560301,231,97,44,372
820560302,76,60,11,147
820560303,230,204,64,498
820560304,144,66,8,218
820560305,257,126,14,397
820560306,115,115,19,249
820560307,162,108,7,277
820560308,55,83,74,212
820560309,112,115,28,255
820560310,145,72,4,221
820560311,313,198,21,532
820560312,34,47,9,90
820560313,42,45,10,97
820560314,49,23,16,88
820560401,207,128,70,405
820560402,269,88,11,368
820560403,250,76,0,326
820560404,205,60,4,269
820560405,302,90,5,397
820560406,240,48,1,289
820560407,138,35,1,174
820560408,200,57,1,258
820560409,241,73,1,315
820560410,188,57,3,248
820560411,232,68,5,305
820560412,98,124,2,224
820560413,132,35,2,169
820560414,296,165,24,485
820560415,185,49,4,238
820560501,90,49,9,148
820560502,355,131,14,500
820560503,195,114,12,321
820560504,182,78,8,268
820560505,256,105,6,367
820560506,182,49,2,233
820560507,135,213,104,452
820560508,119,51,10,180
820560509,142,141,114,397
820560510,126,105,38,269
820560511,191,161,56,408
820560512,144,105,45,294
820560513,156,77,29,262
820560514,215,79,20,314
820560515,162,53,5,220
820560516,104,100,42,246
820630101,182,26,11,219
820630102,10,5,5,20
820630103,270,39,16,325
820630104,168,71,40,279
820630105,308,54,15,377
820630106,71,21,9,101
820630107,185,46,38,269
820630108,27,25,25,77
820630109,194,63,28,285
820630110,142,118,97,357
820630111,51,25,74,150
820630112,65,14,10,89
820630113,14,13,10,37
820630114,75,15,8,98
820630115,35,8,7,50
820630116,16,5,8,29
820630117,18,5,8,31
820630118,128,38,95,261
820630119,288,57,53,398
820630120,224,34,17,275
820630121,161,27,22,210
820630122,306,24,13,343
820630123,194,36,19,249
820630124,158,45,40,243
820630125,183,95,25,303
820630126,294,95,96,485
820630127,235,45,18,298
820630128,37,97,190,324
820630129,196,104,241,541
820630201,29,31,28,88
820630202,10,4,23,37
820630203,6,8,8,22
820630204,182,48,84,314
820630205,234,24,31,289
820630206,284,19,18,321
820630207,308,49,25,382
820630208,187,124,148,459
820630209,226,19,26,271
820630210,247,8,6,261
820630211,240,10,8,258
820630212,316,35,29,380
820630213,199,63,129,391
820630214,47,10,14,71
820630215,38,21,19,78
820630216,161,29,29,219
820630217,4,1,19,24
820630218,22,9,18,49
820630219,10,14,21,45
820630220,104,100,82,286
820630221,307,78,78,463
820630222,180,103,104,387
820630223,45,15,36,96
820630224,49,9,33,91
820630225,77,68,19,164
820630226,34,11,26,71
820630227,40,14,29,83
820630228,37,18,25,80
820630229,2,4,19,25
820630230,12,4,12,28
820630231,181,43,63,287
820630232,242,88,42,372
820630301,37,54,83,174
820630302,81,62,74,217
820630303,91,40,33,164
820630304,0,0,1,1
820630305,137,38,27,202
820630306,129,47,12,188
820630307,193,97,49,339
820630308,91,81,97,269
820630309,206,51,61,318
820630310,201,98,49,348
820630311,72,132,192,396
820630312,225,88,107,420
820630313,101,39,75,215
820630314,241,56,33,330
820630315,47,26,144,217
820630316,105,112,141,358
820630317,42,46,220,308
820630318,0,0,10,10
820630319,259,57,81,397
820630320,2,0,0,2
820630321,0,0,0,0
820630322,130,98,93,321
820630323,118,72,46,236
820630324,266,75,68,409
820630325,225,66,60,351
820630326,157,30,24,211
820630327,124,47,40,211
820630401,0,1,13,14
820630402,333,23,1,357
820630403,75,40,1,116
820630404,263,99,2,364
820630405,5,25,28,58
820630406,2,1,2,5
820630407,66,88,99,253
820630408,78,48,72,198
820630409,80,186,471,737
820630410,159,163,498,820
820630411,40,96,115,251
820630412,372,142,0,514
820630501,23,198,280,501
820630502,93,211,83,387
820630503,85,105,75,265
820630504,121,96,75,292
820630505,72,91,103,266
820630506,79,133,320,532
820630507,39,85,111,235
820630508,24,178,176,378
820630509,46,146,357,549
820630510,37,80,74,191
820630511,178,95,47,320
820630512,123,57,43,223
820630513,94,71,123,288
820630601,120,162,105,387
820630602,194,68,34,296
820630603,364,30,15,409
820630604,238,74,37,349
820630605,113,65,23,201
820630606,162,45,38,245
820630607,179,28,6,213
820630608,184,19,1,204
820630609,345,53,31,429
820630610,170,35,6,211
820630611,156,40,22,218
820630612,178,42,17,237
820630613,246,13,4,263
820630614,278,22,3,303
820630615,242,25,9,276
820630616,249,28,9,286
820630617,263,21,6,290
820630618,187,23,7,217
820630701,96,45,145,286
820630702,199,33,10,242
820630703,184,12,0,196
820630704,381,20,17,418
820630705,407,4,1,412
820630706,448,9,3,460
820630707,278,5,0,283
820630708,232,8,0,240
820630709,222,7,3,232
820630710,222,13,3,238
820630711,258,9,1,268
820630712,243,8,31,282
820630713,282,24,3,309
820630714,204,7,1,212
820630801,220,8,3,231
820630802,292,23,6,321
820630803,221,26,3,250
820630804,250,11,2,263
820630805,212,10,10,232
820630806,222,28,4,254
820630807,203,17,1,221
820630808,272,8,1,281
820630809,245,13,0,258
820630810,287,9,3,299
820630811,246,15,3,264
820630812,303,12,3,318
820630813,170,12,16,198
820630814,195,22,2,219
820630901,327,51,14,392
820630902,201,30,4,235
820630903,301,22,32,355
820630904,207,13,2,222
820630905,220,9,4,233
820630906,293,31,8,332
820630907,222,11,2,235
820630908,328,18,4,350
820630909,271,5,2,278
820630910,306,19,6,331
820631001,195,50,19,264
820631002,302,39,16,357
820631003,190,28,10,228
820631004,134,46,18,198
820631005,168,38,21,227
820631006,169,57,9,235
820631007,182,110,98,390
820631008,302,101,53,456
820631009,116,121,61,298
820631010,271,56,11,338
820631011,230,127,7,364
820631012,159,25,12,196
820631013,210,91,98,399
820631101,59,121,189,369
820631102,55,107,106,268
820631103,152,136,63,351
820631104,178,29,18,225
820631105,187,59,73,319
820631106,168,135,90,393
820631107,68,87,432,587
820631108,44,54,94,192
820631109,51,38,21,110
820631110,125,92,152,369
820631111,121,139,90,350
820631112,34,69,116,219
820631113,90,65,144,299
820631114,28,78,125,231
820631115,103,110,121,334
820631116,162,77,38,277
820631117,125,71,49,245
820631118,33,76,167,276
820631119,35,57,107,199
820631201,255,48,24,327
820631202,169,14,9,192
820631203,99,39,19,157
820631204,107,112,95,314
820631205,65,71,69,205
820631206,39,22,26,87
820631207,293,42,19,354
820631208,231,86,42,359
820631209,350,24,7,381
820631210,46,76,119,241
820631211,169,13,6,188
820631212,271,3,8,282
820631213,185,18,10,213
820631214,75,107,56,238
820631215,48,66,46,160
820631301,215,33,14,262
820631302,294,34,11,339
820631303,158,4,3,165
820631304,270,13,7,290
820631305,213,26,7,246
820631306,172,34,19,225
820631307,200,30,14,244
820631308,140,52,27,219
820631309,162,123,102,387
820631310,161,36,16,213
820631311,245,11,0,256
820631312,250,28,7,285
820631313,328,19,7,354
820631314,251,20,3,274
820631315,334,17,0,351
820631316,354,21,14,389
820631317,327,25,6,358
820631318,238,17,5,260
820631319,183,23,6,212
820631320,171,29,12,212
820631401,274,14,3,291
820631402,363,6,1,370
820631403,326,13,28,367
820631404,319,7,4,330
820631405,262,9,5,276
820631406,248,9,9,266
820631407,243,29,1,273
820631408,291,4,1,296
820631409,342,7,0,349
820631410,310,9,11,330
820631411,304,12,1,317
820631501,324,17,8,349
820631502,272,10,0,282
820631503,272,13,6,291
820631504,224,11,0,235
820631505,283,16,0,299
820631506,175,9,2,186
820631507,251,10,1,262
820631508,234,12,4,250
820631509,254,9,1,264
820631510,290,24,13,327
820631511,223,34,10,267
820631512,287,17,3,307
820631513,148,6,2,156
820631601,283,15,3,301
820631602,306,11,1,318
820631603,370,14,0,384
820631604,227,12,3,242
820631605,208,8,2,218
820631606,220,11,1,232
820631607,159,6,1,166
820631608,245,68,18,331
820631609,187,28,5,220
820631610,322,23,15,360
820631611,210,17,3,230
820631612,210,29,1,240
820631701,340,8,2,350
820631702,395,34,16,445
820631703,108,59,38,205
820631704,165,4,1,170
820631705,312,23,1,336
820631706,299,8,1,308
820631707,222,14,1,237
820631708,278,10,0,288
820631709,268,8,1,277
820631710,265,13,3,281
820631711,299,6,1,306
820631712,250,13,2,265
820631713,299,11,1,311
820631714,294,18,1,313
820631801,288,29,3,320
820631802,367,11,2,380
820631803,293,10,4,307
820631804,256,6,2,264
820631805,91,3,0,94
820631806,224,25,1,250
820631807,436,13,5,454
820631808,318,18,0,336
820631809,207,7,0,214
820631810,227,16,17,260
820631811,320,15,1,336
820631812,187,4,0,191
820631813,171,5,0,176
820631901,174,88,34,296
820631902,221,17,5,243
820631903,325,19,11,355
820631904,163,19,2,184
820631905,213,16,5,234
820631906,140,10,3,153
820631907,331,17,8,356
820631908,59,48,62,169
820631909,271,77,39,387
820631910,159,125,108,392
820631911,97,77,65,239
820631912,256,19,1,276
820631913,114,177,297,588
820632001,267,34,3,304
820632002,115,3,0,118
820632003,194,9,2,205
820632004,0,0,0,0
820632005,152,2,0,154
820632006,224,3,0,227
820632007,156,7,0,163
820632008,269,30,3,302
820632009,180,30,19,229
820632010,261,24,9,294
820632011,232,13,9,254
820632012,244,32,11,287
820632101,301,18,0,319
820632102,317,9,0,326
820632103,272,10,1,283
820632104,436,8,2,446
820632105,325,8,1,334
820632106,241,11,1,253
820632107,286,16,9,311
820632108,245,9,2,256
820632109,324,17,3,344
820632110,94,4,1,99
820632111,286,13,1,300
820632112,331,9,0,340
820632113,186,21,1,208
820632114,313,12,0,325
820632115,145,5,13,163
820632201,211,2,4,217
820632202,232,5,0,237
820632203,146,17,19,182
820632204,118,4,3,125
820632205,127,21,2,150
820632206,99,5,1,105
820632207,285,26,1,312
820632208,309,5,0,314
820632209,237,15,0,252
820632210,192,7,1,200
820632211,156,3,0,159
820632212,232,4,0,236
820632213,215,9,1,225
820632214,214,9,1,224
820632301,272,5,0,277
820632302,292,13,0,305
820632303,246,10,1,257
820632304,302,14,0,316
820632305,238,9,0,247
820632306,412,12,0,424
820632307,150,5,0,155
820632308,345,13,0,358
820632309,269,8,0,277
820632310,341,5,0,346
820632311,153,4,0,157
820632312,252,3,2,257
820632313,138,3,4,145
820632314,274,10,10,294
820632401,262,21,9,292
820632402,249,5,1,255
820632403,280,15,0,295
820632404,218,12,1,231
820632405,169,13,0,182
820632406,169,2,0,171
820632407,132,1,1,134
820632408,219,3,2,224
820632409,241,6,1,248
820632410,193,6,31,230
820632411,230,12,0,242
820632412,241,10,3,254
820632413,169,5,3,177
820632414,222,3,1,226
820632415,210,3,2,215
820632416,202,8,0,210
820632417,213,6,0,219
820632418,98,3,0,101
820632501,86,51,35,172
820632502,291,52,13,356
820632503,384,12,0,396
820632504,183,6,0,189
820632505,167,2,1,170
820632506,98,48,23,169
820632507,161,9,2,172
820632508,187,3,1,191
820632509,307,6,3,316
820632510,273,6,0,279
820632511,223,18,3,244
820632512,100,13,6,119
820632513,205,13,0,218
820632601,74,197,265,536
820632602,56,97,79,232
820632603,127,116,52,295
820632604,136,69,62,267
820632605,106,101,131,338
820632606,170,73,27,270
820632607,313,85,10,408
820632608,270,37,8,315
820632609,291,50,29,370
820632610,183,55,5,243
820632611,221,20,10,251
820632612,278,64,5,347
820632613,106,168,171,445
820632614,192,68,33,293
820632615,107,50,40,197
820632616,15,58,84,157
820632617,183,95,78,356
820632701,115,75,21,211
820632702,190,44,21,255
820632703,233,16,13,262
820632704,322,16,1,339
820632705,249,12,18,279
820632706,381,18,1,400
820632707,281,18,3,302
820632708,239,13,2,254
820632709,292,119,70,481
820632710,363,55,39,457
820632711,298,53,15,366
820632712,188,103,62,353
820632713,50,110,275,435
820632714,264,130,72,466
820632715,223,77,30,330
820632716,58,15,45,118
820632801,267,26,8,301
820632802,282,67,17,366
820632803,363,41,5,409
820632804,15,0,0,15
820632805,454,47,12,513
820632806,385,90,82,557
820632807,324,59,21,404
820632808,250,32,19,301
820632809,216,93,90,399
820632810,259,141,53,453
820632811,119,169,350,638
820632812,3,0,0,3
820632813,7,0,0,7
820632814,217,117,117,451
820632815,57,57,49,163
820632816,68,38,49,155
820632817,173,40,22,235
820632818,68,89,57,214
820632819,217,64,64,345
820632820,2,3,0,5
820632821,19,11,24,54
820632822,34,3,17,54
820632823,58,61,77,196
820632824,0,0,2,2
820632825,109,19,26,154
820632826,123,56,19,198
820632827,62,11,5,78
820632828,171,46,39,256
820632829,130,64,90,284
820632901,370,35,102,507
820632902,83,42,95,220
820632903,234,18,4,256
820632904,333,54,20,407
820632905,124,83,115,322
820632906,114,110,112,336
820632907,147,68,29,244
820632908,160,84,32,276
820632909,192,94,41,327
820632910,208,34,15,257
820632911,183,35,8,226
820632912,211,12,1,224
820632913,311,12,3,326
820632914,197,12,2,211
820632915,288,33,13,334
820633001,291,22,2,315
820633002,365,8,0,373
820633003,210,4,1,215
820633004,174,15,5,194
820633005,209,12,1,222
820633006,264,15,4,283
820633007,393,38,7,438
820633008,428,23,6,457
820633009,367,48,9,424
820633010,361,26,10,397
820633011,326,27,0,353
820633012,217,29,6,252
820633013,261,74,32,367
820633101,333,175,52,560
820633102,109,55,12,176
820633103,220,84,18,322
820633104,409,151,81,641
820633105,5,5,18,28
820633106,219,42,47,308
820633107,205,102,79,386
820633108,87,77,40,204
820633109,495,112,32,639
820633110,80,128,147,355
820633111,83,110,88,281
820633112,184,79,71,334
820633113,255,44,54,353
820633114,231,55,53,339
820633115,80,139,145,364
820633201,238,51,44,333
820633202,168,65,61,294
820633203,205,129,51,385
820633204,125,76,30,231
820633205,77,123,114,314
820633206,153,66,27,246
820633207,327,97,27,451
820633208,283,35,18,336
820633209,327,98,14,439
820633210,208,73,2,283
820633211,177,97,87,361
820633212,308,134,114,556
820633213,367,149,4,520
820633214,212,30,39,281
820633215,212,12,0,224
820633216,185,70,22,277
820633301,28,68,98,194
820633302,60,76,119,255
820633303,101,110,86,297
820633304,129,74,62,265
820633305,132,62,45,239
820633306,290,25,5,320
820633307,274,17,3,294
820633308,283,6,3,292
820633309,106,39,64,209
820633310,121,85,61,267
820633401,207,339,162,708
820633402,170,127,69,366
820633403,178,166,89,433
820633404,121,57,72,250
820633405,801,439,137,1377
820633406,266,232,31,529
820633407,176,48,34,258
820633408,127,37,45,209
820633409,59,75,122,256
820633410,92,75,67,234
820633411,190,60,26,276
820633412,253,86,62,401
820633413,474,237,113,824
820633501,63,85,56,204
820633502,187,48,23,258
820633503,128,61,43,232
820633504,192,29,6,227
820633505,195,20,3,218
820633506,309,6,3,318
820633507,296,6,3,305
820633508,308,7,1,316
820633509,270,22,4,296
820700101,223,16,42,281
820700102,41,26,23,90
820700103,20,7,5,32
820700104,183,30,64,277
820700105,50,25,22,97
820700106,21,4,3,28
820700107,29,7,10,46
820700108,171,11,47,229
820700109,35,13,13,61
820700110,141,19,25,185
820700111,396,37,30,463
820700112,43,9,24,76
820700113,24,8,4,36
820700114,17,6,11,34
820700115,42,23,14,79
820700116,29,6,10,45
820700117,170,19,12,201
820700201,323,23,7,353
820700202,105,31,20,156
820700203,68,12,8,88
820700204,299,14,6,319
820700205,70,13,29,112
820700206,42,6,17,65
820700207,162,10,16,188
820700208,71,14,22,107
820700209,234,23,17,274
820700210,88,24,24,136
820700211,135,10,6,151
820700212,54,15,25,94
820700213,359,22,5,386
820700214,110,11,28,149
820700215,33,5,2,40
820700216,28,4,24,56
820700217,48,7,6,61
820700218,262,41,45,348
820700219,423,40,6,469
820700220,109,16,29,154
820700221,319,27,4,350
820700222,283,34,16,333
820700301,103,17,72,192
820700302,70,11,28,109
820700303,308,54,39,401
820700304,122,10,28,160
820700305,316,24,12,352
820700306,222,13,4,239
820700307,229,17,2,248
820700308,309,14,0,323
820700309,305,11,1,317
820700310,390,37,15,442
820700311,312,65,25,402
820700312,220,17,5,242
820700313,235,24,6,265
820700314,290,25,12,327
820700315,285,109,48,442
820700316,261,16,4,281
820700317,259,21,2,282
820700318,355,69,41,465
820700319,274,47,27,348
820700320,243,42,24,309
820700401,196,177,234,607
820700402,486,42,20,548
820700403,334,36,3,373
820700404,322,18,1,341
820700405,279,7,2,288
820700406,224,59,14,297
820700407,217,6,0,223
820700408,203,8,0,211
820700409,242,7,1,250
820700410,491,17,9,517
820700411,297,15,3,315
820700412,271,20,0,291
820700413,322,11,4,337
820700414,257,33,12,302
820700415,321,69,41,431
820700416,387,32,6,425
820700417,431,112,59,602
820700418,214,13,4,231
820700419,287,13,18,318
820700420,174,17,1,192
820700501,297,52,40,389
820700502,169,18,9,196
820700503,375,17,11,403
820700504,173,14,6,193
820700505,123,28,26,177
820700506,42,4,1,47
820700507,51,2,8,61
820700508,407,25,6,438
820700509,269,6,3,278
820700510,341,5,0,346
820700511,558,34,5,597
820700512,222,8,23,253
820700513,31,5,8,44
820700514,20,2,11,33
820700515,79,14,10,103
820700516,41,1,6,48
820700517,280,11,5,296
820700518,91,12,14,117
820700519,56,18,28,102
820700520,49,6,12,67
820700521,162,12,4,178
820700522,239,12,0,251
820700523,438,26,2,466
820700524,353,34,9,396
820700525,382,30,6,418
820700601,438,42,29,509
820700602,67,18,9,94
820700603,121,21,94,236
820700604,37,7,8,52
820700605,174,36,31,241
820700606,59,4,9,72
820700607,173,25,14,212
820700608,69,13,20,102
820700609,44,12,12,68
820700610,25,14,5,44
820700611,243,55,35,333
820700612,300,84,82,466
820700613,100,58,31,189
820700701,229,21,4,254
820700702,242,20,13,275
820700703,255,17,3,275
820700704,220,9,3,232
820700705,233,35,35,303
820700706,215,16,4,235
820700707,226,56,18,300
820700708,358,81,40,479
820700709,55,27,20,102
820700710,148,24,47,219
820700711,38,6,10,54
820700712,270,31,35,336
820700713,263,22,5,290
820700714,43,3,5,51
820700715,322,28,16,366
820700716,207,24,19,250
820700717,280,28,8,316
820700718,266,19,11,296
820770101,13,2,91,106
820770102,2,6,84,92
820770103,83,11,273,367
820770104,4,4,126,134
820770105,16,9,78,103
820770106,46,10,203,259
820770107,38,9,212,259
820770201,43,18,98,159
820770202,66,23,112,201
820770203,87,37,198,322
820770204,18,13,118,149
820770205,2,1,48,51
820770206,111,62,272,445
820770207,130,54,237,421
820770301,26,24,89,139
820770302,104,39,138,281
820770303,97,57,235,389
820770304,172,87,231,490
820770305,140,73,223,436
820770306,200,40,76,316
820770307,276,26,36,338
820770308,36,48,315,399
820770309,104,34,98,236
820770310,22,23,52,97
820770311,7,10,73,90
820770312,191,23,38,252
820770313,177,70,125,372
820770314,139,21,75,235
820770315,169,20,23,212
820770316,120,40,142,302
820770317,142,46,82,270
820770401,19,19,43,81
820770402,114,47,32,193
820770403,8,11,27,46
820770404,6,0,50,56
820770405,1,0,4,5
820770406,6,1,8,15
820770407,13,8,28,49
820770408,11,8,23,42
820770409,1,2,0,3
820840101,70,57,46,173
820840102,240,132,58,430
820840103,378,168,74,620
820840201,25,53,38,116
820840202,58,66,42,166
820840203,142,150,41,333
820840204,194,112,34,340
820840205,146,97,10,253
820840206,232,241,95,568
820840207,151,68,7,226
820840208,288,141,9,438
820840209,311,109,22,442
820840210,293,167,33,493
820840211,68,122,82,272
820840212,69,147,67,283
820840213,2,6,6,14
820840214,160,200,36,396
820840301,5,15,78,98
820840302,34,94,128,256
820840303,108,116,73,297
820840304,130,99,34,263
820840305,136,209,67,412
820840306,150,191,54,395
820840307,472,66,49,587
820840308,45,113,292,450
820840309,152,99,37,288
820840310,96,42,49,187
820840311,39,156,109,304
820840401,93,45,17,155
820840402,158,86,4,248
820840403,227,100,4,331
820840404,133,163,16,312
820840405,262,97,3,362
820840406,226,110,1,337
820840407,173,32,3,208
820840408,204,63,9,276
820840409,340,56,1,397
820840410,199,41,1,241
820840411,170,114,5,289
820840412,195,89,9,293
820840413,148,132,36,316
820840414,165,86,2,253
820840415,130,84,14,228
820840416,95,16,1,112
820840417,71,19,0,90
820840418,118,15,1,134
820840419,46,22,1,69
820840420,181,150,2,333
820840421,232,123,26,381
820840422,145,84,6,235
820840501,166,66,20,252
820840502,452,126,64,642
820840503,207,32,7,246
820840504,90,37,1,128
820840505,293,111,15,419
820840506,266,60,3,329
820840507,277,50,2,329
820840508,230,70,1,301
820840509,194,89,6,289
820840510,206,36,1,243
820840511,262,32,2,296
820840512,130,36,8,174
820840513,156,66,0,222
820840514,255,68,27,350
820840515,185,26,0,211
820840516,266,29,9,304
820840517,245,87,6,338
820840518,254,139,2,395
820840519,303,68,1,372
820840601,122,96,4,222
820840602,221,107,0,328
820840603,178,88,5,271
820840604,113,152,80,345
820840605,42,133,261,436
820840606,173,133,18,324
820840607,169,93,0,262
820840608,151,138,0,289
820840609,180,82,0,262
820840610,254,98,1,353
820840611,140,192,3,335
820840612,240,109,7,356
820840613,206,159,2,367
820840614,194,200,57,451
820840615,65,58,10,133
820840616,223,264,63,550
820840617,135,105,26,266
820840618,96,137,13,246
820840619,100,89,10,199
820840620,175,114,3,292
820840621,122,153,0,275
820840622,166,162,1,329
820840623,84,135,51,270
820840624,94,40,13,147
820840701,64,120,41,225
820840702,101,146,59,306
820840703,223,185,30,438
820840704,184,162,46,392
820840705,214,228,16,458
820840706,152,289,177,618
820840707,79,142,63,284
820840708,123,118,19,260
820840709,255,205,17,477
820840710,135,69,1,205
820840711,175,47,0,222
820840712,159,108,1,268
820840713,144,31,0,175
820840714,171,84,6,261
820840715,177,88,3,268
820840716,126,82,2,210
820840717,128,134,54,316
820840718,177,131,66,374
820840719,199,65,0,264
820840720,220,91,3,314
820840721,24,78,87,189
820840722,41,57,71,169
820840723,51,209,16,276
820840724,191,29,17,237
820840801,201,45,2,248
820840802,182,109,2,293
820840803,230,52,3,285
820840804,236,63,0,299
820840805,218,90,5,313
820840806,184,106,7,297
820840807,247,58,17,322
820840808,263,65,2,330
820840809,245,41,2,288
820840810,195,56,20,271
820840811,33,59,234,326
820840901,189,84,3,276
820840902,274,65,3,342
820840903,142,77,3,222
820840904,171,92,2,265
820840905,196,108,0,304
820840906,162,100,2,264
820840907,356,174,138,668
820840908,172,91,12,275
820840909,142,54,0,196
820840910,149,50,2,201
820840911,130,63,1,194
820841001,19,46,68,133
820841002,85,167,145,397
820841003,103,92,18,213
820841004,51,135,104,290
820841005,41,86,70,197
820841006,70,82,57,209
820841007,97,163,120,380
820841008,150,185,37,372
820841009,156,180,47,383
820841010,133,153,55,341
820841011,109,186,60,355
820841012,186,129,59,374
820841013,103,116,40,259
820841014,136,97,33,266
820841015,47,47,23,117
820841016,74,63,13,150
820841017,154,108,43,305
820841018,183,144,25,352
820841019,379,504,372,1255
820841020,32,70,185,287
820841101,228,9,0,237
820841102,164,20,2,186
820841103,227,60,4,291
820841104,167,56,1,224
820841105,125,134,24,283
820841106,93,168,29,290
820841107,262,143,46,451
820841108,206,56,2,264
820841109,12,6,1,19
820841110,309,140,14,463
820841111,283,76,4,363
820841112,249,42,4,295
820841113,86,73,6,165
820841114,58,87,72,217
820841115,124,75,4,203
820841116,174,96,0,270
820841117,240,78,3,321
820841118,242,61,2,305
820841119,221,81,10,312
820841201,138,182,48,368
820841202,92,115,23,230
820841203,150,124,22,296
820841204,94,196,33,323
820841205,95,161,32,288
820841206,63,87,55,205
820841207,83,112,20,215
820841208,112,98,9,219
820841209,65,182,30,277
820841210,85,115,17,217
820841211,154,108,5,267
820841212,89,143,10,242
820841213,78,135,49,262
820841214,174,137,6,317
820841215,137,137,17,291
820841216,76,54,7,137
820841217,90,46,4,140
820841218,52,105,60,217
820841219,40,56,16,112
820841220,47,140,25,212
820841221,165,100,64,329
820841301,206,93,8,307
820841302,199,135,69,403
820841303,167,105,41,313
820841304,131,153,267,551
820841305,189,70,4,263
820841306,145,125,48,318
820841307,72,48,15,135
820841308,111,115,51,277
820841309,144,53,10,207
820841310,174,111,15,300
820841311,154,106,5,265
820841312,154,65,5,224
820841313,229,166,7,402
820841314,109,95,18,222
820841401,152,108,10,270
820841402,136,46,18,200
820841403,148,117,6,271
820841404,188,102,0,290
820841405,197,59,2,258
820841406,241,85,2,328
820841407,191,86,7,284
820841408,180,110,1,291
820841409,157,66,0,223
820841410,186,149,1,336
820841411,103,46,1,150
820841501,156,85,3,244
820841502,190,57,5,252
820841503,181,52,1,234
820841504,176,71,1,248
820841505,180,47,0,227
820841506,192,60,2,254
820841507,129,46,2,177
820841508,140,78,9,227
820841509,130,55,27,212
820841601,224,82,1,307
820841602,241,87,1,329
820841603,294,77,3,374
820841604,223,60,4,287
820841605,252,89,0,341
820841606,216,66,7,289
820841607,310,112,5,427
820841608,156,42,3,201
820841609,265,94,2,361
820841610,152,70,2,224
820841611,117,43,17,177
820841612,143,49,2,194
820841701,109,40,11,160
820841702,164,67,8,239
820841703,142,55,2,199
820841704,205,53,18,276
820841705,155,42,22,219
820841706,188,62,8,258
820841707,191,54,3,248
820841708,116,26,0,142
820841709,265,44,0,309
820841710,173,72,7,252
820841711,312,43,2,357
820841712,204,47,0,251
820841713,234,28,1,263
820841714,151,63,1,215
820841715,315,44,0,359
820841716,120,35,16,171
820841717,144,31,1,176
820841718,233,49,1,283
820841719,226,27,0,253
820841801,325,81,1,407
820841802,131,20,0,151
820841803,156,16,0,172
820841804,337,91,0,428
820841805,227,27,3,257
820841806,174,53,1,228
820841807,353,76,0,429
820841808,222,25,0,247
820841809,231,13,0,244
820841810,188,11,4,203
820841811,275,56,0,331
820841812,172,42,0,214
820841813,318,35,16,369
820841814,186,19,0,205
820841815,174,46,1,221
820841816,134,15,1,150
820841817,162,33,0,195
820841818,229,39,1,269
820841901,217,28,0,245
820841902,193,52,0,245
820841903,320,32,0,352
820841904,180,9,0,189
820841905,174,19,0,193
820841906,166,34,1,201
820841907,140,33,1,174
820841908,269,33,0,302
820841909,313,38,0,351
820841910,282,58,0,340
820841911,235,21,1,257
820841912,216,46,2,264
820841913,142,11,1,154
820841914,131,13,0,144
820841915,213,5,2,220
820841916,183,7,1,191
820841917,231,35,0,266
820841918,280,42,3,325
820841919,128,25,0,153
820841920,163,23,0,186
820841921,144,9,0,153
820841922,62,8,2,72
820841923,54,62,0,116
820841924,208,36,0,244
820842001,203,6,1,210
820842002,195,54,0,249
820842003,328,17,2,347
820842004,179,29,0,208
820842005,153,5,0,158
820842006,189,50,0,239
820842007,236,24,0,260
820842008,152,62,12,226
820842009,259,28,0,287
820842010,152,9,0,161
820842011,207,20,0,227
820842012,190,18,0,208
820842013,258,39,0,297
820842014,192,45,3,240
820842015,122,5,0,127
820842016,148,3,0,151
820842017,103,9,3,115
820842101,215,41,1,257
820842102,249,31,5,285
820842103,250,23,15,288
820842104,291,53,2,346
820842105,151,14,0,165
820842106,42,1,0,43
820842107,220,18,52,290
820842108,230,23,2,255
820842109,204,31,8,243
820842110,222,15,7,244
820842111,139,76,0,215
820842112,102,30,14,146
820842113,60,0,0,60
820842114,240,56,20,316
820842115,174,19,0,193
820842116,244,19,0,263
820842117,192,8,0,200
820842201,206,34,0,240
820842202,201,20,30,251
820842203,211,13,8,232
820842204,0,0,4,4
820842205,251,14,2,267
820842206,274,26,0,300
820842207,290,27,3,320
820842208,241,55,0,296
820842209,207,35,5,247
820842210,329,23,0,352
820842211,292,26,6,324
820842212,330,16,5,351
820842213,157,27,1,185
820842301,238,25,20,283
820842302,168,54,1,223
820842303,195,100,0,295
820842304,179,9,0,188
820842305,261,11,1,273
820842306,245,10,0,255
820842307,259,58,1,318
820842308,276,50,0,326
820842309,201,35,2,238
820842310,199,16,0,215
820842311,360,29,0,389
820842312,265,47,0,312
820842313,241,73,5,319
820842314,249,30,0,279
820842315,206,16,9,231
820842316,188,46,0,234
820842317,160,10,0,170
820842318,172,32,26,230
820842319,176,21,0,197
820842320,156,35,0,191
820842321,108,6,0,114
820842322,146,42,0,188
820842323,183,26,12,221
820842324,141,26,0,167
820842401,170,22,1,193
820842402,174,76,4,254
820842403,115,30,2,147
820842404,254,40,0,294
820842405,200,33,1,234
820842406,188,35,0,223
820842407,200,58,0,258
820842408,182,30,1,213
820842409,283,44,0,327
820842410,136,46,0,182
820842411,144,27,2,173
820842412,261,34,2,297
820842413,286,18,1,305
820842414,153,12,0,165
820842415,181,38,0,219
820842416,212,24,1,237
820842417,100,12,0,112
820842418,155,92,0,247
820842419,185,26,0,211
820842501,234,9,0,243
820842502,137,70,0,207
820842503,180,9,0,189
820842504,83,30,58,171
820842505,213,27,1,241
820842506,252,76,2,330
820842507,256,5,1,262
820842508,217,61,26,304
820842509,206,44,5,255
820842510,137,15,0,152
820842511,203,49,0,252
820842512,485,58,3,546
820842513,289,37,2,328
820842514,70,16,0,86
820842515,177,8,0,185
820842516,69,8,0,77
820842601,226,36,4,266
820842602,181,37,0,218
820842603,245,59,0,304
820842604,286,39,4,329
820842605,180,14,0,194
820842606,163,5,0,168
820842607,221,30,3,254
820842608,251,22,0,273
820842609,129,17,0,146
820842610,268,46,0,314
820842611,144,34,6,184
820842612,148,19,2,169
820842613,293,56,1,350
820842614,225,60,1,286
820842615,268,19,4,291
820842616,284,54,2,340
820842617,162,24,1,187
820842618,129,72,2,203
820842619,98,36,3,137
820842620,156,30,1,187
820842621,273,39,3,315
820842622,127,24,2,153
820842623,166,51,0,217
820842701,281,26,1,308
820842702,215,61,0,276
820842703,140,33,1,174
820842704,156,22,0,178
820842705,172,8,0,180
820842706,134,11,1,146
820842707,197,26,0,223
820842708,230,49,2,281
820842709,112,3,0,115
820842710,233,21,0,254
820842711,207,17,0,224
820842712,299,45,2,346
820842713,167,63,0,230
820842714,167,61,1,229
820842715,266,33,0,299
820842716,233,17,2,252
820842717,136,14,0,150
820842718,147,9,0,156
820842719,139,35,4,178
820842720,155,40,0,195
820842721,218,21,0,239
820842722,159,22,0,181
820842801,138,12,0,150
820842802,292,81,1,374
820842803,164,16,6,186
820842804,187,39,0,226
820842805,100,7,0,107
820842806,28,0,0,28
820842807,304,45,1,350
820842808,179,28,1,208
820842809,266,67,2,335
820842810,321,24,15,360
820842811,337,73,0,410
820842812,153,31,1,185
820842813,192,33,0,225
820842814,129,28,1,158
820842815,180,97,5,282
820842816,257,37,0,294
820842817,265,47,2,314
820842818,169,28,0,197
820842819,161,52,0,213
820842820,205,49,0,254
820842821,188,14,0,202
820842822,160,37,0,197
820842823,120,23,1,144
820842824,221,56,1,278
820842825,178,39,0,217
820842901,437,43,1,481
820842902,268,64,4,336
820842903,280,30,1,311
820842904,289,30,2,321
820842905,323,40,3,366
820842906,129,32,3,164
820842907,227,65,1,293
820842908,230,56,0,286
820842909,165,38,0,203
820842910,318,47,1,366
820842911,297,63,2,362
820842912,245,17,1,263
820842913,178,74,0,252
820842914,214,69,3,286
820842915,275,31,2,308
820842916,122,57,0,179
820842917,206,41,1,248
820842918,248,35,13,296
820842919,180,35,12,227
820842920,173,44,3,220
820842921,127,28,1,156
820842922,119,29,1,149
820842923,119,33,0,152
820842924,243,30,2,275
820843001,120,102,7,229
820843002,172,85,20,277
820843003,173,291,63,527
820843004,204,175,16,395
820843005,145,116,15,276
820843006,78,97,33,208
820843007,151,211,51,413
820843008,163,89,17,269
820843009,165,145,15,325
820843010,214,115,3,332
820843011,77,168,1,246
820843012,112,124,26,262
820843013,95,110,24,229
820843014,143,144,57,344
820843101,209,148,8,365
820843102,148,132,10,290
820843103,159,122,3,284
820843104,176,100,7,283
820843105,110,51,2,163
820843106,169,116,3,288
820843107,95,93,0,188
820843108,157,60,12,229
820843109,139,55,1,195
820843110,138,109,34,281
820843111,166,137,16,319
820843112,188,111,1,300
820843113,209,72,0,281
820843114,172,87,0,259
820843115,153,93,1,247
820843116,199,112,4,315
820843117,167,99,2,268
820843118,157,104,2,263
820843119,169,64,4,237
820843120,105,113,5,223
820843121,145,121,6,272
820843201,228,171,7,406
820843202,157,147,13,317
820843203,177,138,3,318
820843204,195,120,3,318
820843205,173,111,5,289
820843206,132,178,13,323
820843207,68,150,44,262
820843208,142,185,99,426
820843209,116,76,24,216
820843210,51,102,47,200
820843211,155,134,13,302
820843212,169,164,41,374
820843213,128,176,83,387
820843214,85,96,39,220
820843215,83,102,84,269
820843301,84,140,61,285
820843302,117,128,51,296
820843303,120,167,73,360
820843304,76,170,50,296
820843305,185,179,34,398
820843306,151,146,24,321
820843307,107,71,38,216
820843308,161,82,3,246
820843309,233,168,25,426
820843310,136,192,62,390
820843311,131,169,61,361
820843312,139,188,37,364
820843313,138,136,9,283
820843314,87,124,52,263
820843315,156,178,119,453
820843316,137,148,60,345
820843317,32,85,224,341
820843318,78,107,144,329
820843319,157,81,12,250
820843401,56,35,19,110
820843402,71,104,171,346
820843403,74,54,3,131
820843404,74,130,60,264
820843405,200,145,1,346
820843406,237,96,2,335
820843407,216,95,2,313
820843408,261,65,6,332
820843409,205,56,11,272
820843410,185,104,3,292
820843411,132,51,0,183
820843412,137,66,3,206
820843413,125,48,0,173
820843414,155,123,3,281
820843415,105,110,22,237
820843416,67,128,188,383
820843417,169,64,14,247
820843418,107,42,1,150
820843419,25,68,36,129
820843501,100,129,74,303
820843502,64,24,18,106
820843503,152,80,4,236
820843504,165,149,6,320
820843505,200,67,8,275
820843506,141,104,0,245
820843507,100,81,3,184
820843508,43,60,15,118
820843509,235,133,13,381
820843510,95,76,36,207
820843511,97,79,53,229
820843512,110,177,160,447
820843513,91,109,38,238
820843514,119,116,49,284
820843515,197,162,27,386
820843516,16,90,137,243
820843517,28,152,441,621
820843601,179,61,0,240
820843602,183,48,4,235
820843603,199,24,1,224
820843604,228,34,20,282
820843605,124,36,4,164
820843606,130,30,0,160
820843607,224,41,1,266
820843608,236,86,0,322
820843609,221,84,2,307
820843610,224,97,1,322
820843611,189,104,5,298
820843612,378,215,14,607
820843613,218,60,1,279
820843614,154,52,2,208
820843615,119,65,6,190
820843616,195,184,1,380
820843617,154,39,2,195
820843618,149,45,0,194
820843619,152,48,2,202
820843701,280,67,4,351
820843702,340,38,10,388
820843703,221,59,0,280
820843704,157,35,2,194
820843705,182,39,20,241
820843706,255,76,3,334
820843707,192,76,2,270
820843708,311,64,2,377
820843709,186,25,0,211
820843710,253,62,1,316
820843711,183,44,0,227
820843712,245,72,5,322
820843713,251,69,2,322
820843714,243,58,0,301
820843715,225,18,0,243
820843716,218,34,1,253
820843801,322,95,0,417
820843802,229,78,1,308
820843803,227,68,2,297
820843804,285,59,2,346
820843805,248,32,1,281
820843806,236,58,1,295
820843807,177,57,3,237
820843808,101,82,0,183
820843809,148,34,1,183
820843810,217,76,1,294
820843811,197,104,12,313
820843812,68,87,13,168
820843813,203,119,1,323
820843814,338,9,0,347
820843815,137,57,0,194
820843901,150,21,1,172
820843902,165,33,3,201
820843903,232,39,1,272
820843904,181,45,1,227
820843905,338,57,3,398
820843906,253,49,0,302
820843907,289,49,0,338
820843908,314,96,2,412
820843909,150,50,1,201
820843910,120,48,0,168
820843911,183,22,2,207
820843912,305,48,1,354
820843913,227,74,0,301
820843914,88,58,1,147
820843915,157,60,1,218
820843916,108,48,1,157
820843917,142,40,0,182
820843918,261,67,4,332
820843919,178,20,0,198
820843920,139,49,5,193
820844001,206,105,6,317
820844002,258,63,0,321
820844003,259,105,6,370
820844004,142,123,39,304
820844005,31,110,139,280
820844006,208,47,6,261
820844007,212,50,1,263
820844008,143,41,2,186
820844009,148,41,11,200
820844010,196,86,6,288
820844011,57,48,11,116
820844012,40,30,4,74
820844013,111,60,31,202
820844014,269,66,0,335
820844015,192,28,1,221
820844101,199,83,6,288
820844102,142,94,18,254
820844103,101,50,5,156
820844104,107,59,7,173
820844105,0,0,0,0
820844106,178,73,7,258
820844107,221,112,7,340
820844108,179,127,17,323
820844109,144,133,36,313
820844110,115,174,89,378
820844111,117,93,21,231
820844112,100,124,48,272
820844201,102,32,3,137
820844202,27,42,32,101
820844203,8,23,54,85
820844204,69,115,37,221
820844205,42,107,23,172
820844206,36,55,13,104
820844207,75,113,39,227
820844208,33,66,71,170
820844209,137,105,11,253
820844210,246,90,6,342
820844211,45,75,60,180
820844212,77,156,19,252
820844213,134,135,25,294
820844214,36,35,14,85
820844301,177,65,6,248
820844302,111,84,1,196
820844303,168,75,0,243
820844304,189,81,1,271
820844305,158,69,0,227
820844306,162,78,1,241
820844307,216,103,1,320
820844308,128,35,2,165
820844309,161,82,0,243
820844310,153,76,5,234
820844311,190,68,9,267
820844312,210,123,13,346
820844313,152,124,7,283
820844314,257,107,3,367
820844401,245,112,2,359
820844402,98,61,1,160
820844403,188,120,20,328
820844404,60,174,17,251
820844405,108,55,31,194
820844406,158,66,2,226
820844407,182,84,5,271
820844408,84,118,6,208
820844409,175,97,1,273
820844410,171,96,1,268
820844411,160,64,0,224
820844412,184,65,0,249
820844413,251,60,0,311
820844414,158,45,25,228
820844415,152,97,5,254
820844416,171,131,4,306
820844417,178,90,3,271
820844418,192,75,7,274
820844501,125,109,9,243
820844502,100,62,1,163
820844503,201,156,3,360
820844504,179,94,5,278
820844505,109,74,2,185
820844506,83,90,3,176
820844507,133,98,2,233
820844508,109,114,8,231
820844509,230,100,4,334
820844510,168,92,4,264
820844511,244,114,2,360
820844512,249,65,1,315
820844513,67,53,1,121
820844514,158,161,11,330
820844515,165,68,2,235
820844516,59,76,98,233
820844517,124,145,38,307
820844518,230,107,6,343
820844519,142,153,11,306
820844520,94,100,58,252
820844521,90,84,2,176
820844522,155,85,0,240
820844523,212,137,2,351
820844524,197,87,3,287
820844601,190,97,13,300
820844602,178,82,11,271
820844603,175,114,8,297
820844604,228,71,3,302
820844605,117,26,1,144
820844606,203,134,10,347
820844607,249,117,16,382
820844608,194,97,3,294
820844609,81,155,128,364
820844610,213,69,17,299
820844611,79,100,172,351
820844612,96,81,23,200
820844613,164,184,27,375
820844614,189,144,38,371
820844615,98,89,24,211
820844701,49,90,42,181
820844702,81,114,26,221
820844703,37,68,138,243
820844704,79,134,79,292
820844705,118,149,42,309
820844706,96,133,30,259
820844707,87,104,21,212
820844708,100,90,31,221
820844709,121,98,7,226
820844710,82,140,52,274
820844711,58,73,6,137
820844712,66,128,14,208
820844713,98,100,5,203
820844714,28,73,25,126
820844715,68,129,8,205
820844716,97,187,55,339
820844801,269,215,40,524
820844802,143,117,19,279
820844803,151,180,16,347
820844804,61,120,32,213
820844805,76,96,8,180
820844806,134,83,18,235
820844807,29,60,237,326
820844808,113,84,16,213
820844809,46,111,18,175
820844810,122,134,35,291
820844811,161,258,15,434
820844812,184,104,10,298
820844813,46,202,59,307
820844814,33,184,70,287
820844815,194,44,15,253
820844816,179,98,21,298
820844817,316,61,29,406
820844818,240,7,10,257
820844819,76,162,37,275
820844820,275,32,8,315
820844821,121,182,127,430
820844822,52,165,174,391
820844901,29,45,53,127
820844902,139,146,3,288
820844903,60,181,21,262
820844904,156,145,21,322
820844905,91,118,32,241
820844906,44,79,22,145
820844907,50,118,166,334
820844908,182,343,13,538
820844909,182,179,6,367
820844910,84,73,29,186
820844911,65,164,197,426
820844912,138,32,38,208
820844913,72,135,141,348
820844914,31,57,50,138
820844915,49,77,146,272
820845001,146,126,9,281
820845002,194,101,30,325
820845003,145,144,21,310
820845004,229,133,10,372
820845005,171,157,5,333
820845006,158,152,14,324
820845007,158,176,28,362
820845008,136,180,21,337
820845009,90,90,9,189
820845010,106,78,4,188
820845011,138,157,22,317
820845012,217,159,33,409
820845013,135,167,19,321
820845101,207,135,16,358
820845102,178,111,3,292
820845103,173,125,0,298
820845104,152,130,5,287
820845105,202,86,6,294
820845106,193,184,8,385
820845107,119,140,23,282
820845108,163,119,63,345
820845109,175,93,4,272
820845110,195,69,1,265
820845111,153,146,6,305
820845112,155,88,7,250
820845113,57,110,5,172
820845114,41,67,16,124
820845201,170,238,48,456
820845202,154,100,34,288
820845203,228,125,21,374
820845204,137,144,79,360
820845205,90,142,45,277
820845206,73,141,131,345
820845207,53,177,206,436
820845208,74,98,75,247
820845209,53,70,39,162
820845210,100,86,37,223
820845211,89,158,119,366
820845212,42,158,67,267
820845213,152,142,16,310
820845214,128,133,111,372
820845301,164,73,4,241
820845302,151,141,14,306
820845303,132,138,35,305
820845304,66,104,153,323
820845305,41,83,24,148
820845306,109,253,6,368
820845307,258,119,3,380
820845308,241,149,25,415
820845309,127,154,60,341
820845310,249,136,2,387
820845311,142,59,0,201
820845312,162,128,1,291
820845313,113,48,1,162
820845314,76,136,9,221
820845315,216,75,3,294
820845316,115,132,2,249
820845317,99,84,13,196
820845318,229,283,5,517
820845319,109,82,5,196
820845320,73,132,1,206
820845321,135,57,0,192
820845322,45,14,0,59
820845323,155,269,34,458
820845401,77,53,0,130
820845402,181,52,1,234
820845403,123,80,0,203
820845404,177,104,4,285
820845405,123,93,8,224
820845406,0,16,55,71
820845407,72,56,55,183
820845408,104,136,41,281
820845409,124,128,10,262
820845410,80,55,4,139
820845411,277,69,0,346
820845412,216,104,2,322
820845413,134,61,0,195
820845414,220,87,15,322
820845415,262,66,0,328
820845416,211,66,0,277
820845417,191,53,3,247
820845418,207,65,5,277
820845419,125,43,0,168
820845501,167,150,8,325
820845502,161,165,21,347
820845503,135,124,2,261
820845504,199,96,11,306
820845505,216,130,58,404
820845506,131,100,6,237
820845507,168,128,24,320
820845508,126,148,113,387
820845509,107,144,11,262
820845510,94,213,34,341
820845511,67,148,30,245
820845512,64,142,52,258
820845513,129,244,39,412
820845514,157,197,48,402
820845515,100,83,11,194
820845516,35,88,101,224
820845517,72,112,38,222
820845518,24,116,122,262
820845519,86,84,2,172
820845520,115,187,14,316
820845521,102,104,43,249
820845522,28,120,234,382
820845523,100,119,13,232
820845601,4,11,0,15
820845602,8,0,0,8
820845603,0,0,8,8
820845701,49,14,1,64
820845702,167,56,42,265
820845703,205,70,18,293
820845704,165,61,3,229
820845705,245,65,4,314
820845706,89,17,5,111
820845707,160,44,13,217
820845708,291,90,25,406
820845709,98,21,16,135
820845710,273,88,24,385
820845711,283,22,3,308
820845712,181,37,39,257
820845713,167,92,9,268
820845714,21,6,0,27
820845715,4,2,10,16
820845801,13,10,3,26
820845802,222,162,34,418
820845803,187,156,25,368
820845804,11,8,1,20
820845805,236,160,43,439
820845806,4,1,2,7
820845807,220,145,3,368
820845901,5,7,6,18
820845902,10,10,5,25
820845903,3,4,12,19
820845904,88,149,206,443
820845905,44,127,200,371
820845906,73,47,80,200
820845907,156,193,132,481
820845908,114,98,39,251
820845909,85,128,138,351
820845910,324,169,63,556
820845911,126,126,70,322
820845912,253,119,4,376
820845913,182,72,3,257
820845914,195,89,7,291
820845915,116,55,5,176
820845916,125,50,4,179
820845917,219,186,111,516
820845918,281,119,21,421
820845919,2,0,2,4
820845920,109,139,26,274
820845921,77,125,145,347
820845922,39,72,240,351
820845923,26,66,280,372
820845924,117,118,37,272
820846001,16,10,24,50
820846002,65,35,44,144
820846003,6,3,2,11
820846004,264,88,23,375
820846005,194,109,49,352
820846101,83,84,31,198
820846102,108,131,3,242
820846103,122,104,14,240
820846104,73,145,70,288
820846105,140,77,19,236
820846106,118,103,6,227
820846107,114,138,90,342
820846108,62,153,127,342
820846109,56,245,101,402
820846110,219,161,10,390
820846111,218,167,11,396
820846112,72,179,47,298
820846113,151,108,15,274
820846114,17,78,148,243
820846115,62,188,282,532
820846201,76,64,52,192
820846202,72,46,25,143
820846203,74,65,30,169
820846204,123,73,31,227
820846205,53,117,96,266
820846206,85,167,102,354
820846207,120,194,55,369
820846208,138,182,28,348
820846209,100,125,144,369
820846210,62,158,123,343
820846211,66,126,47,239
820846212,72,128,57,257
820846213,160,205,25,390
820846214,118,91,25,234
820846215,147,81,11,239
820846216,174,133,30,337
820846217,107,201,87,395
820846218,98,249,89,436
820846219,170,104,4,278
820846220,60,134,25,219
820846221,86,156,31,273
820846301,24,67,117,208
820846302,65,215,106,386
820846303,89,125,92,306
820846304,31,121,113,265
820846305,71,112,38,221
820846306,91,218,58,367
820846307,128,168,24,320
820846308,77,155,124,356
820846309,45,134,87,266
820846310,92,176,107,375
820846311,80,192,210,482
820846312,17,35,133,185
820846313,53,142,204,399
820846401,48,65,25,138
820846402,104,103,92,299
820846403,116,37,28,181
820846404,152,176,37,365
820846405,20,26,36,82
820846406,68,84,31,183
820846501,184,145,101,430
820846502,190,82,23,295
820846503,250,209,51,510
820846504,96,63,42,201
820846505,323,216,80,619
820846601,145,81,60,286
820846602,316,380,78,774
820846701,58,54,16,128
820846702,8,4,5,17
820846703,12,3,4,19
820846704,166,88,12,266
820846801,65,57,51,173
820846802,78,75,25,178
820846901,21,21,17,59
820846902,196,124,14,334
820846903,245,85,19,349
820846904,207,241,116,564
820846905,85,76,24,185
820846906,129,193,17,339
820847001,8,7,0,15
820847002,97,81,6,184
820847101,0,7,0,7
820847102,33,57,4,94
820847201,27,18,2,47
820847202,230,115,21,366
820847203,258,72,13,343
820847204,107,86,5,198
820847205,49,18,6,73
820847206,89,139,15,243
820847207,194,112,10,316
820847301,51,63,29,143
820847302,47,45,15,107
820847401,44,27,5,76
820847402,119,130,13,262
820847501,6,1,0,7
820847502,10,1,1,12
820847503,97,28,3,128
820847504,95,35,7,137
820847601,4,17,6,27
820847602,33,39,7,79
820847701,14,22,15,51
820847702,12,26,30,68
820847703,29,48,20,97
820847704,126,24,22,172
820847705,212,84,11,307
820847706,7,6,5,18
820847707,3,1,0,4
820847708,172,145,13,330
820847709,149,137,18,304
820847710,138,161,24,323
820847711,132,185,40,357
820847712,210,104,8,322
820847713,129,222,20,371
820847714,108,109,6,223
820847715,72,103,5,180
820847716,112,152,8,272
820847717,107,109,14,230
820847718,51,100,126,277
820847719,125,185,11,321
820847720,173,180,5,358
820847721,202,157,8,367
820847722,178,102,3,283
820847723,234,196,4,434
820847724,116,91,6,213
820847725,148,124,6,278
820847801,4,5,2,11
820847802,29,45,26,100
820847803,125,145,7,277
820847804,121,178,30,329
820847805,23,75,63,161
820847806,124,151,19,294
820847807,138,153,21,312
820847901,4,2,2,8
820847902,35,6,1,42
820847903,5,10,13,28
820847904,2,2,0,4
820847905,165,125,20,310
820847906,163,138,30,331
820848001,278,58,29,365
820848002,270,76,5,351
820848003,278,56,9,343
820848004,241,96,0,337
820848005,198,66,0,264
820848006,128,80,1,209
820848007,171,53,11,235
820848008,341,70,4,415
820848009,261,81,5,347
820848010,114,43,5,162
820848011,114,43,17,174
820848012,154,25,1,180
820848013,217,92,2,311
820848014,150,46,46,242
820848015,168,59,20,247
820848016,217,66,0,283
820848017,232,58,0,290
820848018,157,62,1,220
820848019,167,74,12,253
820848020,189,91,31,311
820848021,149,77,4,230
820848022,225,54,19,298
820848101,219,93,2,314
820848102,179,63,1,243
820848103,157,59,7,223
820848104,147,74,7,228
820848105,177,34,1,212
820848106,146,78,2,226
820848107,165,79,2,246
820848108,128,91,4,223
820848109,245,76,4,325
820848110,168,98,13,279
820848111,153,36,3,192
820848112,203,76,4,283
820848113,143,66,5,214
820848114,147,50,2,199
820848115,80,19,0,99
820848116,235,87,0,322
820848117,184,76,4,264
820848118,174,89,2,265
820848119,156,108,30,294
820848120,118,126,15,259
820848121,150,61,1,212
820848201,151,216,77,444
820848202,193,161,13,367
820848203,138,163,37,338
820848204,137,172,40,349
820848205,133,158,4,295
820848206,138,172,4,314
820848207,194,143,5,342
820848208,213,177,32,422
820848209,97,179,183,459
820848210,87,222,131,440
820848211,171,148,57,376
820848212,112,127,42,281
820848213,186,191,29,406
820848214,320,56,2,378
820848215,86,107,58,251
820848216,287,61,1,349
820848301,261,84,1,346
820848302,224,122,0,346
820848303,167,100,2,269
820848304,206,142,2,350
820848305,180,118,6,304
820848306,176,104,2,282
820848307,193,92,2,287
820848308,222,110,12,344
820848309,121,72,7,200
820848310,128,67,1,196
820848311,177,138,2,317
820848312,139,88,4,231
820848313,105,114,7,226
820848314,183,160,8,351
820848315,178,104,2,284
820848401,46,80,157,283
820848402,164,115,42,321
820848403,337,108,27,472
820848404,275,188,31,494
820848405,154,93,6,253
820848406,158,111,5,274
820848407,75,58,7,140
820848408,186,115,2,303
820848409,219,304,14,537
820848410,189,286,15,490
820848411,347,122,0,469
820848412,349,142,68,559
820848413,73,150,117,340
820848414,32,227,31,290
820848415,95,123,22,240
820848416,3,5,68,76
820848501,120,202,172,494
820848502,38,137,214,389
820848503,84,120,46,250
820848504,82,121,24,227
820848505,141,88,5,234
820848506,133,73,6,212
820848507,133,115,14,262
820848508,118,130,10,258
820848509,75,116,65,256
820848510,149,192,70,411
820848511,122,120,16,258
820848512,148,184,53,385
820848513,68,110,49,227
820848514,130,146,68,344
820848515,60,162,30,252
820848516,114,99,19,232
820848601,101,106,21,228
820848602,184,238,10,432
820848603,161,148,8,317
820848604,187,119,13,319
820848605,121,198,64,383
820848606,215,226,21,462
820848607,163,199,71,433
820848608,88,138,22,248
820848609,77,117,34,228
820848610,61,279,70,410
820848611,85,90,6,181
820848701,59,46,0,105
820848702,216,43,7,266
820848703,154,84,2,240
820848704,166,222,4,392
820848705,191,68,17,276
820848706,265,170,97,532
820848707,253,167,22,442
820848708,195,205,12,412
820848709,170,136,6,312
820848710,185,173,11,369
820848711,68,120,21,209
820848712,72,137,22,231
820848713,107,146,17,270
820848714,98,113,12,223
820848715,114,74,7,195
820848801,60,107,36,203
820848802,61,131,42,234
820848803,158,77,22,257
820848804,214,74,5,293
820848805,165,103,17,285
820848806,100,99,54,253
820848807,165,125,124,414
820848808,251,81,0,332
820848809,187,67,3,257
820848810,209,127,10,346
820848811,316,121,7,444
820848812,89,151,61,301
820848813,121,112,38,271
820848814,149,79,25,253
820848815,100,89,51,240
820848816,153,174,28,355
820848817,57,32,36,125
820848901,113,110,12,235
820848902,154,136,48,338
820848903,196,139,156,491
820848904,113,87,116,316
820848905,148,153,62,363
820848906,114,106,2,222
820848907,111,105,40,256
820848908,15,32,92,139
820848909,158,144,54,356
820848910,143,243,111,497
820848911,205,309,206,720
820848912,268,215,146,629
820849001,140,48,0,188
820849002,204,160,104,468
820849003,245,160,35,440
820849004,196,78,3,277
820849005,154,34,4,192
820849006,69,23,5,97
820849007,308,144,44,496
820849008,177,52,25,254
820849009,104,34,1,139
820849010,206,79,15,300
820849011,259,66,28,353
820849012,223,61,25,309
820849013,125,66,20,211
820849501,2,1,0,3
820910101,47,27,115,189
820910102,225,89,52,366
820910103,183,84,27,294
820910104,29,33,66,128
820910105,48,35,43,126
820910106,61,17,29,107
820910107,159,33,54,246
820910108,40,30,54,124
820910109,38,19,13,70
820910110,10,16,17,43
820910111,21,28,39,88
820910112,123,74,57,254
820910113,169,56,72,297
820910201,17,20,28,65
820910202,28,17,30,75
820910203,36,43,61,140
820910204,21,15,22,58
820910205,1,2,7,10
820910206,50,37,43,130
820910207,14,18,73,105
820910208,4,3,12,19
820910209,49,16,24,89
820910210,23,9,21,53
820910211,76,33,89,198
820910212,11,9,15,35
820910213,2,8,40,50
820910214,134,54,123,311
820910216,12,8,7,27
820910217,40,44,36,120
820910218,20,6,12,38
820910301,23,27,22,72
820910302,171,81,46,298
820910303,65,48,35,148
820910304,157,108,105,370
820910305,54,76,53,183
820910306,100,138,94,332
820910307,7,30,45,82
820910308,173,92,13,278
820910309,108,72,20,200
820910310,204,133,30,367
820910311,111,42,21,174
820910312,174,153,125,452
820910313,156,114,14,284
820910314,113,130,78,321
820910315,39,56,42,137
820910316,1,3,0,4
820910317,327,133,15,475
820910318,219,85,19,323
820910319,100,138,26,264
820910320,84,81,58,223
820910321,196,99,33,328
820910322,219,166,40,425
820910323,136,63,12,211
820910401,44,49,33,126
820910402,39,7,34,80
820910403,72,25,60,157
820910404,53,13,36,102
820910405,11,2,11,24
820910406,9,6,23,38
820910407,13,8,16,37
820910408,230,39,49,318
820910409,124,8,14,146
820910410,141,53,99,293
820910411,23,19,33,75
820910412,3,9,22,34
820910413,5,3,22,30
820910414,12,17,14,43
820910415,24,26,30,80
820910501,147,70,70,287
820910502,252,86,14,352
820910503,123,49,88,260
820910504,262,78,16,356
820910505,344,178,102,624
820910506,221,98,16,335
820910507,388,171,145,704
820910508,229,100,165,494
820910509,184,99,171,454
820910510,18,22,47,87
820910511,33,38,64,135
820910512,54,38,97,189
820910513,208,67,44,319
820910601,225,44,179,448
820910602,217,26,64,307
820910603,256,28,43,327
820910604,187,21,10,218
820910605,216,23,25,264
820910606,226,15,6,247
820910607,163,15,11,189
820910608,146,62,223,431
820910609,171,41,92,304
820910610,239,49,134,422
820910611,270,43,45,358
820910612,335,40,128,503
820910613,84,30,78,192
820910614,203,14,19,236
820910615,40,21,104,165
820910616,146,26,3,175
820980101,8,6,9,23
820980102,8,1,9,18
820980103,1,4,2,7
820980104,4,4,11,19
820980105,15,9,17,41
820980106,7,3,8,18
820980107,5,2,7,14
820980108,40,23,43,106
820980109,6,4,1,11
820980110,10,9,11,30
820980111,16,5,17,38
820980112,7,20,16,43
820980113,230,38,10,278
820980114,238,131,18,387
820980115,13,11,8,32
820980116,10,5,25,40
820980117,16,19,19,54
820980118,291,75,25,391
820980119,73,131,61,265
820980120,205,36,5,246
820980121,115,171,97,383
820980122,34,148,135,317
820980201,13,14,50,77
820980202,17,9,14,40
820980203,87,38,98,223
820980204,4,6,12,22
820980205,26,21,116,163
820980206,85,49,141,275
820980207,160,112,138,410
820980301,2,3,12,17
820980302,28,23,108,159
820980303,0,0,15,15
820980304,17,10,93,120
820980305,13,21,39,73
820980306,10,19,21,50
820980307,3,3,8,14
820980308,10,13,19,42
820980309,2,2,36,40
820980310,22,10,148,180
820980311,265,119,106,490
820980312,8,6,95,109
820980313,3,6,34,43
820980314,15,14,17,46
820980315,22,31,46,99
820980316,57,124,554,735
820980401,112,78,119,309
820980402,164,83,72,319
820980403,165,27,23,215
820980404,33,42,127,202
820980405,161,37,48,246
820980406,176,36,30,242
820980407,151,132,7,290
820980408,191,24,15,230
820980409,136,49,17,202
820980410,44,86,149,279
821050101,37,37,32,106
821050102,99,22,66,187
821050103,90,50,97,237
821050104,32,6,8,46
821050105,240,24,10,274
821050106,19,2,2,23
821050107,58,19,11,88
821050108,39,17,127,183
821050109,32,12,151,195
821050110,63,53,104,220
821050111,149,44,25,218
821050112,156,64,55,275
821050113,14,17,7,38
821050114,151,85,21,257
821050115,97,68,128,293
821050116,155,86,23,264
821050117,189,99,8,296
821050118,151,77,12,240
821050119,174,86,24,284
821050120,192,107,29,328
821050121,56,28,89,173
821050201,25,18,12,55
821050202,18,8,1,27
821050203,12,13,6,31
821050204,49,15,5,69
821050205,38,8,3,49
821050206,29,12,17,58
821050207,11,5,4,20
821050208,11,10,10,31
821050209,24,37,12,73
821050210,36,23,12,71
821050211,38,37,15,90
821050212,185,75,22,282
821050213,296,163,20,479
821050214,295,82,31,408
821050215,47,4,3,54
821050216,22,4,2,28
821050217,211,53,21,285
821050218,185,57,48,290
821050219,20,16,20,56
821050220,147,70,7,224
821050221,243,97,38,378
821050222,181,145,45,371
821050223,140,68,3,211
821050224,137,139,36,312
821050225,88,51,1,140
821050226,124,72,12,208
821050227,177,51,20,248
821050228,179,137,58,374
821050229,124,90,4,218
821050230,160,73,3,236
821050231,112,94,59,265
821050301,110,123,183,416
821050302,195,89,31,315
821050303,305,25,10,340
821050304,220,20,4,244
821050305,263,18,5,286
821050306,228,113,60,401
821050307,214,21,12,247
821050308,256,69,55,380
821050309,5,11,1,17
821050310,205,93,121,419
821050311,161,29,33,223
821050312,225,21,6,252
821050313,160,30,14,204
821050314,145,49,27,221
821050315,56,17,61,134
821050316,177,85,40,302
821050401,195,101,39,335
821050402,183,71,18,272
821050403,266,19,6,291
821050404,220,32,0,252
821050405,153,61,12,226
821050406,241,15,3,259
821050407,282,81,10,373
821050408,200,28,12,240
821050409,282,61,1,344
821050410,273,96,12,381
821050411,201,59,2,262
821050412,296,84,11,391
821050413,151,108,80,339
821050414,273,107,39,419
821050415,175,50,26,251
821050416,175,58,63,296
821050417,174,50,11,235
821050418,183,55,14,252
821050419,398,62,10,470
821050420,180,71,8,259
821050501,19,13,14,46
821050502,231,75,38,344
821050503,74,50,59,183
821050504,36,82,50,168
821050505,155,108,30,293
821050506,170,133,26,329
821050507,26,25,72,123
821050508,88,112,98,298
821050509,69,63,76,208
821050510,11,8,11,30
821050511,99,103,77,279
821050512,138,92,13,243
821050513,257,135,14,406
821050514,227,105,27,359
821050515,147,57,13,217
821050516,152,65,9,226
821050517,22,50,118,190
821120101,79,44,35,158
821120102,32,18,12,62
821120103,200,90,31,321
821120104,56,45,71,172
821120105,152,89,45,286
821120106,19,18,12,49
821120107,11,18,27,56
821120108,196,50,14,260
821120201,6,9,5,20
821120202,31,8,2,41
821120203,142,79,21,242
821120204,11,54,39,104
821120205,25,35,48,108
821120206,42,50,18,110
821120207,97,51,38,186
821120208,157,38,28,223
821120209,337,84,16,437
821120210,278,55,6,339
821120211,27,8,15,50
821120212,21,7,10,38
821120213,28,19,9,56
821120214,6,10,2,18
821120215,7,6,7,20
821120216,39,40,17,96
821120217,126,71,71,268
821120218,217,108,29,354
821120219,259,27,3,289
821120301,7,12,32,51
821120302,20,14,8,42
821120303,50,24,18,92
821120304,7,5,4,16
821120305,14,11,6,31
821120306,10,15,20,45
821120307,49,14,14,77
821120308,11,3,1,15
821120309,3,17,8,28
821120310,30,32,31,93
821120311,254,22,11,287
821120312,42,26,33,101
821120313,40,17,19,76
821120314,231,90,60,381
821120315,10,2,3,15
821120316,253,36,7,296
821120401,401,27,3,431
821120402,164,59,23,246
821120403,199,5,1,205
821120404,343,17,15,375
821120405,132,106,194,432
821120406,127,112,117,356
821120407,198,81,45,324
821120408,315,10,3,328
821120409,257,10,3,270
821120410,376,17,2,395
821120411,226,13,4,243
821120412,333,75,34,442
821120413,173,187,187,547
821120414,259,36,7,302
821120415,445,21,6,472
821120416,264,25,4,293
821120417,203,10,1,214
821120418,106,81,36,223
821120419,247,68,65,380
821190101,77,62,43,182
821190102,195,240,135,570
821190103,13,15,10,38
821190104,71,145,18,234
821190105,164,215,42,421
821190106,183,154,19,356
821190107,90,54,19,163
821190108,141,113,21,275
821190109,112,64,7,183
821190110,267,128,31,426
821190111,116,86,62,264
821190112,20,20,6,46
821190113,5,5,1,11
821190114,0,0,2,2
821190115,11,23,6,40
821190116,23,13,4,40
821190117,192,152,71,415
821190118,89,115,34,238
821190119,61,131,64,256
821190120,510,255,81,846
821190121,113,290,101,504
821190122,138,105,39,282
821190201,142,159,68,369
821190202,326,67,45,438
821190203,253,134,12,399
821190204,206,105,2,313
821190205,261,107,2,370
821190206,240,108,4,352
821190207,141,57,4,202
821190208,126,92,5,223
821190209,157,70,3,230
821190301,5,14,15,34
821190302,138,209,105,452
821190303,194,59,5,258
821190304,390,82,0,472
821190305,170,54,4,228
821190306,96,154,40,290
821190307,37,74,24,135
821190308,136,321,154,611
821190309,150,106,3,259
821190310,51,90,17,158
821190311,82,125,44,251
821190312,35,126,72,233
821190313,108,100,17,225
821190314,131,139,18,288
821190315,3,6,18,27
821190401,1,6,35,42
821190402,66,104,44,214
821190403,174,129,31,334
821190404,135,160,10,305
821190405,49,7,13,69
821190406,120,83,27,230
821190407,203,69,44,316
821190408,180,128,21,329
821190409,206,230,32,468
821190410,220,100,8,328
821190411,82,6,3,91
821190412,128,131,11,270
821190413,127,162,52,341
821190414,130,275,104,509
821190415,121,177,87,385
821190416,100,126,58,284
821190417,174,256,52,482
821190418,137,83,2,222
821190419,189,138,4,331
821190420,149,113,17,279
821190422,156,138,16,310
821190423,71,101,31,203
821190424,106,133,31,270
821190425,144,121,5,270
821190426,6,25,63,94
821190501,24,18,2,44
821190502,172,197,20,389
821190503,244,180,17,441
821190504,52,15,13,80
821190505,0,0,1,1
821190506,29,10,15,54
821190507,136,161,134,431
821190508,108,148,30,286
821190509,180,75,6,261
821190510,170,153,71,394
821190511,185,127,32,344
821190512,137,57,5,199
821190513,145,104,8,257
821190514,182,147,22,351
821190515,177,207,142,526
821190516,88,24,6,118
821190517,105,85,9,199
821190518,143,57,10,210
821190519,283,82,29,394
821190601,52,35,7,94
821190602,167,99,2,268
821190603,176,239,53,468
821190604,118,171,4,293
821190605,8,6,4,18
821190606,113,91,8,212
821190607,6,7,3,16
821190608,229,255,21,505
821190609,228,165,11,404
821190610,9,31,13,53
821190611,164,157,4,325
821190612,192,153,23,368
821190613,8,10,3,21
821190614,150,149,17,316
821190701,185,145,43,373
821190702,115,204,73,392
821190703,142,170,52,364
821190704,169,118,34,321
821190705,167,169,69,405
821190706,195,117,8,320
821190707,123,59,1,183
821190708,157,114,14,285
821190709,143,113,25,281
821190710,131,109,20,260
821190711,111,77,16,204
821190712,181,89,8,278
821190713,49,32,6,87
821190714,142,107,14,263
821190715,186,182,102,470
821190716,145,136,58,339
821190801,131,147,26,304
821190802,206,208,24,438
821190803,200,142,12,354
821190804,192,114,7,313
821190805,62,136,116,314
821190806,108,75,6,189
821190807,170,138,15,323
821190808,169,174,11,354
821190809,152,112,5,269
821190810,182,132,6,320
821190811,70,118,19,207
821190812,86,87,4,177
821190813,104,148,28,280
821190814,129,161,66,356
821190815,158,106,53,317
821190816,121,116,52,289
821190817,10,12,13,35
821190818,130,107,4,241
821190901,1,3,26,30
821190902,38,63,39,140
821190903,86,112,76,274
821190904,120,134,6,260
821190905,34,67,34,135
821190906,186,220,73,479
821190907,151,106,12,269
821190908,161,68,3,232
821190909,150,81,10,241
821190910,122,50,2,174
821190911,113,69,4,186
821190912,108,108,5,221
821190913,92,226,75,393
821190914,6,7,28,41
821191001,164,65,2,231
821191002,167,42,1,210
821191003,170,46,3,219
821191004,155,105,9,269
821191005,143,115,8,266
821191006,92,54,51,197
821191007,113,186,58,357
821191008,171,101,7,279
821191009,196,43,0,239
821191010,106,48,1,155
821191011,191,99,3,293
821191012,234,121,5,360
821191013,195,73,4,272
821191014,126,87,0,213
821199301,3,4,13,20
821199401,2,0,2,4
821199402,3,2,0,5
821199403,2,1,2,5
821199601,1,0,0,1
821199701,1,1,0,2
821260101,124,43,42,209
821260102,29,11,36,76
821260103,73,21,24,118
821260104,189,84,46,319
821260105,57,39,29,125
821260106,281,102,21,404
821260107,125,115,83,323
821260108,245,116,18,379
821260109,159,68,19,246
821260110,156,89,23,268
821260111,20,15,17,52
821260112,33,26,30,89
821260113,12,16,32,60
821260114,156,57,12,225
821260201,301,62,21,384
821260202,263,54,9,326
821260203,10,2,11,23
821260204,45,23,8,76
821260205,7,11,32,50
821260206,101,51,60,212
821260207,278,89,16,383
821260208,345,114,27,486
821260209,256,71,11,338
821260210,234,130,86,450
821260211,11,13,10,34
821260212,18,30,4,52
821260213,33,17,13,63
821260214,21,13,2,36
821260215,62,28,8,98
821260216,22,8,12,42
821260217,254,81,37,372
821260301,44,28,11,83
821260302,210,135,15,360
821260303,248,94,4,346
821260304,115,140,95,350
821260305,50,59,11,120
821260306,61,24,5,90
821260307,208,137,36,381
821260308,64,44,68,176
821260309,163,130,45,338
821260310,185,54,12,251
821260311,271,92,12,375
821260312,202,51,1,254
821260313,269,112,69,450
821260314,217,92,29,338
821260315,179,89,5,273
821260316,150,37,1,188
821260317,312,112,29,453
821260318,167,62,4,233
821260319,265,53,10,328
821260401,286,102,51,439
821260402,35,25,13,73
821260403,24,34,3,61
821260404,280,128,13,421
821260405,103,131,108,342
821260406,221,153,19,393
821260407,140,46,11,197
821260408,204,79,5,288
821260409,323,151,34,508
821260410,205,61,2,268
821260411,316,121,49,486
821260501,138,71,6,215
821260502,136,84,72,292
821260503,245,87,40,372
821260504,221,74,11,306
821260505,201,96,11,308
821260506,172,143,210,525
821260507,251,52,2,305
821260508,212,77,3,292
821260509,158,93,57,308
821260510,202,98,24,324
821260511,287,102,7,396
821260512,260,103,21,384
821260513,182,63,17,262
821260514,84,75,111,270
821260515,248,53,7,308
821260516,185,142,22,349
821260517,347,33,10,390
821330101,1,1,17,19
821330102,0,1,38,39
821330103,0,0,11,11
821330104,0,3,21,24
821330105,0,2,15,17
821330106,0,0,3,3
821330107,1,4,59,64
821330108,1,0,22,23
821330109,0,0,3,3
821330110,0,0,0,0
821330201,39,23,224,286
821330202,3,4,19,26
821330203,0,2,4,6
821330204,2,0,85,87
821330205,0,0,4,4
821330206,4,12,67,83
821330207,6,4,26,36
821330208,1,1,3,5
821330209,13,39,40,92
821330210,0,2,3,5
821330211,4,9,37,50
821330212,110,127,176,413
821330213,86,70,108,264
821330214,1,8,27,36
821330215,4,4,42,50
821330216,4,4,16,24
821330217,2,1,15,18
821330218,3,1,23,27
821330219,45,12,203,260
821330220,1,2,0,3
821330301,1,1,6,8
821330302,0,0,0,0
821330303,8,8,37,53
821330304,0,0,13,13
821330305,2,1,9,12
821330306,0,0,1,1
821330307,0,0,39,39
821330308,0,1,60,61
821330309,0,0,15,15
821330310,2,5,36,43
821330311,10,21,56,87
821330312,11,13,50,74
821330313,119,165,204,488
821330314,7,7,52,66
821330315,0,1,19,20
821330316,2,5,10,17
821330317,2,1,17,20
821330318,5,6,32,43
821330401,83,80,192,355
821330402,167,80,80,327
821330403,109,52,68,229
821330404,235,57,66,358
821330405,311,17,14,342
821330406,147,47,94,288
821330407,198,24,10,232
821330408,149,5,2,156
821330409,198,37,37,272
821330410,218,67,77,362
821330411,200,17,20,237
821330412,247,57,40,344
821330413,100,70,132,302
821330414,161,51,47,259
821330415,128,114,236,478
821330416,66,69,122,257
821330417,271,38,62,371
821330501,2,2,35,39
821330502,3,3,15,21
821330503,1,0,7,8
821330504,4,9,94,107
821330505,5,8,47,60
821330506,0,0,2,2
821330507,1,0,3,4
821330508,0,2,5,7
821330509,7,7,44,58
821330510,1,2,13,16
821330511,4,0,69,73
821330512,2,3,16,21
821330513,0,0,8,8
821330514,2,14,23,39
821330515,1,2,16,19
821330516,0,1,11,12
821330517,22,38,58,118
821330518,27,9,16,52
821330519,0,0,0,0
821330520,7,1,7,15
821330521,0,0,0,0
821330522,2,1,38,41
821330523,0,2,24,26
821330524,0,0,34,34
821330525,4,2,35,41
821330526,2,4,7,13
821330527,0,8,9,17
821330528,5,32,17,54
821330529,0,7,3,10
821330530,0,2,13,15
821330531,4,1,8,13
821330532,3,3,6,12
821330533,144,132,63,339
821330534,47,87,99,233
821330601,3,2,6,11
821330602,17,9,48,74
821330603,16,46,45,107
821330604,382,103,42,527
821330605,146,147,114,407
821330606,4,3,3,10
821330607,2,2,1,5
821330608,71,10,16,97
821330609,5,2,2,9
821330610,7,5,7,19
821330611,5,2,1,8
821330612,5,2,3,10
821330613,7,7,2,16
821330614,12,17,11,40
821330615,5,0,3,8
821330616,2,1,3,6
821330617,105,48,133,286
821330618,169,65,52,286
821330619,391,73,18,482
821330620,173,104,167,444
821330621,247,17,13,277
821330622,6,5,8,19
821330623,8,10,5,23
821330624,7,7,2,16
821330625,4,2,3,9
821330626,4,10,4,18
821330627,3,10,1,14
821330628,0,3,5,8
821330629,174,134,151,459
821330630,189,42,32,263
821330631,142,82,40,264
860070101,1,1,36,38
860070102,7,1,76,84
860070103,6,9,113,128
860070104,0,0,106,106
860070105,111,48,36,195
860070106,123,89,148,360
860070107,90,103,153,346
860070108,85,54,141,280
860070201,1,2,5,8
860070202,0,0,27,27
860070203,6,2,36,44
860070204,3,1,2,6
860070205,1,1,5,7
860070206,107,26,169,302
860070301,4,0,4,8
860070302,0,1,22,23
860070303,0,1,26,27
860070304,0,0,34,34
860140101,1,1,240,242
860140102,0,0,44,44
860140103,0,0,78,78
860140201,0,0,48,48
860140202,1,3,83,87
860140203,0,0,43,43
860140301,2,3,53,58
860140302,0,0,10,10
860140401,5,1,14,20
860140402,10,1,28,39
860140501,2,1,35,38
860140502,21,10,243,274
860140503,27,21,191,239
860140504,35,6,203,244
860140601,0,0,22,22
860140602,8,1,38,47
860140603,1,1,125,127
860140701,0,0,2,2
860140702,3,2,254,259
860140703,75,58,182,315
860140704,27,46,272,345
860140705,99,39,160,298
860140706,48,46,214,308
860140801,0,1,64,65
860140802,0,1,41,42
860140901,2,2,87,91
860140902,0,0,43,43
860140903,0,0,33,33
860210101,0,0,30,30
860210102,0,0,57,57
860210103,4,6,135,145
860210104,2,0,123,125
860210105,0,1,36,37
860210201,1,0,372,373
860210202,0,0,273,273
860210203,0,0,38,38
860210204,0,0,183,183
860210205,0,0,76,76
860210206,32,25,97,154
860210207,46,11,185,242
860210208,93,34,134,261
860210209,24,7,225,256
860210301,0,1,51,52
860210302,0,0,55,55
860210303,0,0,18,18
860210304,0,0,43,43
860210305,0,0,10,10
860210306,0,0,26,26
860280101,1,0,93,94
860280102,0,0,105,105
860280103,0,1,19,20
860280104,0,0,41,41
860280201,0,1,51,52
860280202,0,0,32,32
860280203,0,0,101,101
860280204,0,0,57,57
860280205,0,0,73,73
860280206,15,39,128,182
860280207,42,41,155,238
860280301,0,0,85,85
860280302,0,0,69,69
860280303,0,0,52,52
860280304,67,18,150,235
860280305,35,28,116,179
860280401,2,0,46,48
860280402,0,0,29,29
860280403,1,1,156,158
860280404,4,3,90,97
860280405,0,0,80,80
860280406,0,0,126,126
860280407,46,30,115,191
860280408,94,68,230,392
860280409,135,119,114,368
860280410,56,48,111,215
860280501,2,0,62,64
860280502,2,0,98,100
860280503,2,1,73,76
860280504,49,44,245,338
860350101,0,1,58,59
860350102,0,0,75,75
860350201,0,0,45,45
860350202,0,0,28,28
860350203,3,0,134,137
860350301,0,0,40,40
860350302,0,0,23,23
860350303,0,0,48,48
860350401,0,0,142,142
860350402,2,0,126,128
860350501,0,0,156,156
860350502,1,0,122,123
860350503,0,0,67,67
860350601,7,3,284,294
860350602,9,11,165,185
860350701,14,5,76,95
860350702,5,2,111,118
860350703,1,1,84,86
860350704,19,19,256,294
860350705,2,2,67,71
860350706,5,2,86,93
860350707,73,64,111,248
860350801,2,2,82,86
860350802,2,0,69,71
860350803,0,8,160,168
860350804,123,86,76,285
860350805,207,43,124,374
860350806,98,98,63,259
860350807,131,67,228,426
860350808,135,72,53,260
860350809,101,56,126,283
860350810,235,149,61,445
860350901,12,5,134,151
860350902,28,2,61,91
860351001,13,24,357,394
860351002,9,6,178,193
860351003,1,1,50,52
860351004,10,16,125,151
860351005,2,0,109,111
860351101,202,30,46,278
860351102,13,10,165,188
860351103,3,7,47,57
860351104,6,3,58,67
860351105,2,1,34,37
860351106,91,44,38,173
860351107,123,84,302,509
860351108,449,18,0,467
860351109,286,144,45,475
860351110,0,0,1,1
860351111,95,0,0,95
860351112,147,144,25,316
860351113,208,141,0,349
860351114,125,59,116,300
860351201,10,6,78,94
860351202,21,14,130,165
860351203,19,12,111,142
860351204,2,2,122,126
860351205,75,60,244,379
860351206,75,79,72,226
860351207,96,182,123,401
860351208,135,109,22,266
860351209,225,51,0,276
860351210,253,21,4,278
860351211,181,83,2,266
860351213,67,59,134,260
860351214,93,285,2,380
860351215,168,39,62,269
860351216,158,28,29,215
860351217,121,123,10,254
860351218,68,99,3,170
860351219,72,107,263,442
860351220,174,66,34,274
860351221,17,5,13,35
860351301,121,217,29,367
860351302,108,59,158,325
860351303,155,123,139,417
860351304,138,40,36,214
860351305,129,39,12,180
860351306,158,40,27,225
860351307,134,145,123,402
860351308,188,64,167,419
860351309,95,104,49,248
860351310,40,18,91,149
860351311,107,173,1,281
860351312,152,107,6,265
860351313,118,142,36,296
860351314,80,124,92,296
860351315,40,40,238,318
860351316,27,23,258,308
860351317,144,38,50,232
860351318,59,34,170,263
860351319,131,178,73,382
860351401,33,37,395,465
860351402,20,18,200,238
860351403,176,76,168,420
860351404,145,83,74,302
860351405,100,114,133,347
860351406,142,62,55,259
860351407,21,27,142,190
860351408,155,87,49,291
860351409,207,48,20,275
860351410,216,32,9,257
860351411,203,32,2,237
860351412,188,78,33,299
860351413,176,32,34,242
860351414,134,65,174,373
860351415,84,38,98,220
860351416,95,46,87,228
860351501,180,58,8,246
860351502,160,79,26,265
860351503,116,44,63,223
860351504,197,129,44,370
860351505,95,76,78,249
860351506,129,57,151,337
860351507,222,36,14,272
860351508,118,41,1,160
860351509,192,48,10,250
860351510,169,77,83,329
860351511,136,78,114,328
860351512,45,35,70,150
860351513,104,43,138,285
860351514,92,44,142,278
860351515,233,38,43,314
860351516,118,36,172,326
860351517,51,45,153,249
860351601,140,32,11,183
860351602,202,18,7,227
860351603,232,39,3,274
860351604,288,74,17,379
860351605,187,47,14,248
860351606,93,41,45,179
860351607,221,77,28,326
860351608,192,28,25,245
860351609,238,62,60,360
860351610,267,45,39,351
860351611,92,46,112,250
860351612,90,69,238,397
860351613,148,33,86,267
860420101,9,7,62,78
860420102,2,4,9,15
860420103,2,5,12,19
860420201,5,1,5,11
860420202,57,87,38,182
860420203,8,3,4,15
860420204,0,1,10,11
860420205,43,11,135,189
860420206,124,43,177,344
860420207,106,51,215,372
860420208,174,63,82,319
860420209,129,50,124,303
860420301,58,30,26,114
860420302,5,1,8,14
860420303,7,5,15,27
860420304,3,3,11,17
860420305,5,0,122,127
860490101,0,1,196,197
860490102,1,2,127,130
860490103,0,0,64,64
860490201,17,17,225,259
860490202,32,16,260,308
860490301,1,1,9,11
860490302,0,2,7,9
860490303,274,60,16,350
860490304,146,85,9,240
860490305,245,49,9,303
860490306,176,83,20,279
860490307,48,48,160,256
860490308,16,17,209,242
860490309,25,22,197,244
860490310,30,21,156,207
860490311,19,16,241,276
860490312,113,17,45,175
860490313,54,52,16,122
860490314,193,115,37,345
860490401,0,0,66,66
860490402,0,0,135,135
860490403,0,1,32,33
860490404,0,0,35,35
860490501,140,58,444,642
860490502,88,41,389,518
860490503,51,44,169,264
860490504,196,26,74,296
860490505,63,62,67,192
860490506,96,60,142,298
860490507,97,94,33,224
860490508,268,28,13,309
860490509,146,179,12,337
860490510,16,58,37,111
860490511,77,120,15,212
860490512,41,164,20,225
860490513,67,139,7,213
860490514,256,105,18,379
860490515,215,80,5,300
860490516,260,103,1,364
860490517,136,18,47,201
860490518,208,75,23,306
860490519,265,92,6,363
860490520,109,56,102,267
860490521,103,73,10,186
860490522,161,79,45,285
860490523,110,1,9,120
860490601,0,0,94,94
860490602,0,1,62,63
860490801,139,61,78,278
860490802,81,65,83,229
860490803,104,37,19,160
860490804,92,39,29,160
860490805,171,23,3,197
860490806,122,25,2,149
860490807,172,9,10,191
860490808,122,31,7,160
860490809,129,72,28,229
860490810,245,70,1,316
860490811,106,66,14,186
860490812,256,72,49,377
860490813,116,56,50,222
860490814,60,103,21,184
860490815,130,41,55,226
860490816,100,39,62,201
860490817,182,104,77,363
860490818,88,61,47,196
860490819,110,66,51,227
860490901,143,73,55,271
860490902,121,65,13,199
860490903,178,41,4,223
860490904,176,38,38,252
860490905,181,36,5,222
860490906,202,21,0,223
860490907,132,20,1,153
860490908,172,25,0,197
860490909,243,30,0,273
860490910,99,6,8,113
860490911,127,10,0,137
860490912,149,13,0,162
860490913,174,28,0,202
860490914,193,10,0,203
860490915,222,31,2,255
860490916,154,69,4,227
860490917,187,34,23,244
860490918,227,41,23,291
860490919,207,42,0,249
860490920,126,9,1,136
860490921,161,19,4,184
860490922,132,19,1,152
860491001,193,64,86,343
860491002,24,33,177,234
860491003,59,45,364,468
860491004,20,22,229,271
860491005,150,99,21,270
860491006,56,27,286,369
860491007,180,59,83,322
860491008,48,14,203,265
860491009,247,36,3,286
860491010,147,48,0,195
860491011,167,17,0,184
860491012,274,6,0,280
860491013,158,9,3,170
860491014,174,25,1,200
860491015,212,30,5,247
860491016,206,45,4,255
860491017,148,69,135,352
860491018,116,57,119,292
860491019,94,70,122,286
860491020,153,35,64,252
860491101,148,49,129,326
860491102,186,50,47,283
860491103,164,71,92,327
860491104,130,57,21,208
860491105,107,117,7,231
860491106,113,88,132,333
860491107,169,43,15,227
860491108,210,30,0,240
860491109,256,70,3,329
860491110,164,80,2,246
860491111,240,43,4,287
860491112,295,45,22,362
860491113,191,70,88,349
860491114,224,79,34,337
860491115,225,41,47,313
860491201,198,11,6,215
860491202,189,35,5,229
860491203,226,21,8,255
860491204,174,44,30,248
860491205,128,45,31,204
860491206,227,63,1,291
860491207,147,71,11,229
860491208,178,91,9,278
860491209,133,84,4,221
860491210,148,161,2,311
860491211,65,99,7,171
860491212,93,74,8,175
860491213,130,118,5,253
860491214,187,14,17,218
860491215,134,89,17,240
860491216,129,127,10,266
860491217,114,110,19,243
860491218,80,91,31,202
860491219,150,54,10,214
860491220,82,37,86,205
860491301,240,33,1,274
860491302,166,40,2,208
860491303,176,33,32,241
860491304,221,59,7,287
860491305,244,53,3,300
860491306,206,67,11,284
860491307,131,62,33,226
860491308,138,45,39,222
860491309,272,51,27,350
860491310,209,56,3,268
860491311,199,60,15,274
860491312,174,17,3,194
860491313,117,14,0,131
860491314,132,35,3,170
860491401,146,27,5,178
860491402,206,23,7,236
860491403,217,49,55,321
860491404,135,35,52,222
860491405,199,48,6,253
860491406,151,57,41,249
860491407,103,38,33,174
860491408,105,18,63,186
860491409,117,19,20,156
860491410,197,59,17,273
860491411,188,30,17,235
860491412,237,46,47,330
860491413,199,29,17,245
860491414,64,74,48,186
860491415,148,96,19,263
860491501,194,40,43,277
860491502,111,40,63,214
860491503,289,28,6,323
860491504,186,57,6,249
860491505,123,71,1,195
860491506,131,49,136,316
860491507,98,37,88,223
860491508,199,109,126,434
860491509,219,36,42,297
860491510,155,68,26,249
860491511,78,43,120,241
860491512,116,26,126,268
860491513,165,18,0,183
860491514,117,51,208,376
860491515,105,27,70,202
860491601,144,49,153,346
860491602,129,43,177,349
860491603,145,41,89,275
860491604,193,75,71,339
860491605,119,47,161,327
860491606,60,64,137,261
860491607,44,41,225,310
860491608,208,47,0,255
860491609,240,22,3,265
860491610,45,62,187,294
860491611,200,43,0,243
860491612,196,77,0,273
860491613,198,112,4,314
860491614,10,4,210,224
860491615,41,50,234,325
860491616,16,12,203,231
860491701,50,11,94,155
860491702,93,20,96,209
860491703,129,50,61,240
860491704,136,88,58,282
860491705,166,41,58,265
860491706,121,27,98,246
860491707,67,36,182,285
860491708,48,33,131,212
860491709,121,60,136,317
860491710,85,52,157,294
860491711,105,56,126,287
860491712,206,98,111,415
860491713,79,157,45,281
860491714,90,136,57,283
860491715,128,128,27,283
860491716,76,125,71,272
860491717,78,135,74,287
860491718,90,47,123,260
860491801,10,11,223,244
860491802,103,51,206,360
860491803,47,29,213,289
860491804,130,103,103,336
860491805,241,63,3,307
860491806,178,21,37,236
860491807,156,93,41,290
860491808,171,93,9,273
860491809,244,56,32,332
860491810,175,109,4,288
860491811,118,38,51,207
860491812,32,15,36,83
860491813,187,6,35,228
860491814,144,59,3,206
860491815,147,138,9,294
860491816,100,134,32,266
860491817,117,157,10,284
860491901,235,11,4,250
860491902,363,42,4,409
860491903,373,31,26,430
860491904,199,157,4,360
860491905,272,85,4,361
860491906,338,60,0,398
860491907,276,18,4,298
860491908,327,44,4,375
860491909,190,93,3,286
860491910,65,6,4,75
860491911,233,43,23,299
860491912,168,137,17,322
860491913,147,33,5,185
860491914,300,25,3,328
860491915,156,36,2,194
860491916,117,48,122,287
860560101,1,2,178,181
860560102,0,0,200,200
860560103,0,1,155,156
860560104,4,9,193,206
860560201,0,0,52,52
860560202,10,12,98,120
860560203,0,1,132,133
860560204,1,0,89,90
860560205,0,0,111,111
860560206,0,0,60,60
860560301,0,0,26,26
860560302,1,0,62,63
860560303,0,2,118,120
860560304,0,0,114,114
860560305,0,0,71,71
860560306,20,82,288,390
860560307,84,106,151,341
860560308,63,82,150,295
860560309,10,26,191,227
860560310,64,51,87,202
860560311,27,54,145,226
860560312,169,140,177,486
860560313,88,53,55,196
860560314,16,31,167,214
860560315,27,40,202,269
860560401,0,0,63,63
860560402,2,10,100,112
860560403,1,0,82,83
860560404,7,3,134,144
860560405,54,43,244,341
860560501,6,13,314,333
860560502,43,49,165,257
860560503,33,55,163,251
860560504,19,54,174,247
860560505,79,60,140,279
860630101,0,1,11,12
860630102,3,3,142,148
860630103,5,6,125,136
860630104,6,5,88,99
860630105,1,1,29,31
860630106,66,29,105,200
860630201,9,0,86,95
860630202,0,0,50,50
860630203,0,0,49,49
860630204,0,0,27,27
860630205,16,11,266,293
860630301,1,1,98,100
860630302,0,1,39,40
860630303,50,52,167,269
860630401,0,1,28,29
860630402,2,1,37,40
860630403,15,24,106,145
860630501,0,0,69,69
860630502,0,0,34,34
860630601,24,81,85,190
860630602,137,112,31,280
860630603,111,30,13,154
860630604,33,101,66,200
860630605,263,64,2,329
860630606,65,114,45,224
860630607,130,65,11,206
860630608,147,80,2,229
860630609,180,69,28,277
860630610,213,63,17,293
860630611,137,52,73,262
860630612,123,97,26,246
860630613,85,65,89,239
860630614,153,70,41,264
860630615,151,48,20,219
860630701,0,0,0,0
860630702,0,0,0,0
860630703,0,0,0,0
860630801,59,134,129,322
860630802,110,93,43,246
860630803,95,48,26,169
860630804,148,43,17,208
860630805,111,70,19,200
860630806,174,53,23,250
860630807,201,50,1,252
860630808,105,32,71,208
860630809,78,54,19,151
860630810,238,50,15,303
860630811,131,57,89,277
860630812,38,32,104,174
860630813,133,104,57,294
860630814,78,31,72,181
860630815,91,73,153,317
860700101,0,0,116,116
860700102,0,0,89,89
860700103,0,0,153,153
860700104,0,0,158,158
860700201,12,3,254,269
860700202,3,0,429,432
860700203,41,18,134,193
860700301,0,1,42,43
860700302,0,0,150,150
860700401,30,7,548,585
860700402,3,1,282,286
860700403,1,1,179,181
860700501,0,0,125,125
860700502,0,0,138,138
860700503,1,0,145,146
860700504,0,0,39,39
860700505,1,0,89,90
860700601,2,0,86,88
860700602,0,0,85,85
860700603,40,106,197,343
860770101,1,2,275,278
860770102,2,0,200,202
860770103,36,2,128,166
860770201,2,1,109,112
860770202,4,5,405,414
860770203,6,7,93,106
860770204,2,1,76,79
860770205,81,36,249,366
860770206,24,16,204,244
860770207,52,15,156,223
860770301,18,11,188,217
860770302,23,22,156,201
860770303,20,8,31,59
860770401,0,2,39,41
860770402,2,1,146,149
860770403,1,0,53,54
860770404,1,1,35,37
860770405,2,0,203,205
860770501,23,15,136,174
860770502,124,63,118,305
860770503,31,18,132,181
860770504,74,22,98,194
860770505,84,23,186,293
860770506,47,27,157,231
860770507,58,37,86,181
860770508,144,58,99,301
860770509,118,33,31,182
860770510,78,25,65,168
860770511,104,22,74,200
860770512,99,57,56,212
860770601,38,23,110,171
860770602,154,32,21,207
860770603,127,31,42,200
860770604,153,26,30,209
860770605,111,36,46,193
860770606,67,41,55,163
860770607,32,29,91,152
860770608,61,31,253,345
860770609,105,35,68,208
860770610,102,32,103,237
860770611,86,50,92,228
860770612,51,35,145,231
860840101,0,4,22,26
860840102,3,8,113,124
860840103,0,0,26,26
860840201,3,0,86,89
860840202,0,0,47,47
860840301,4,16,121,141
860840302,0,0,49,49
860840303,1,0,85,86
860840304,9,4,68,81
860840305,5,6,75,86
860840401,0,2,40,42
860840402,0,0,22,22
860840403,2,0,24,26
860840404,3,0,20,23
860840405,7,18,44,69
860840406,52,73,67,192
860840407,57,85,107,249
860840408,71,66,81,218
860840409,64,63,72,199
860910101,0,1,116,117
860910102,0,0,26,26
860910103,2,0,22,24
860910104,0,2,39,41
860910105,7,17,63,87
860910106,0,10,54,64
860910107,7,6,25,38
860910108,3,4,5,12
860910109,52,95,113,260
860910201,1,5,23,29
860910202,0,0,14,14
860910203,0,0,12,12
860910204,2,0,5,7
860910301,0,0,30,30
860910302,0,0,27,27
860910401,1,6,14,21
860910402,0,1,57,58
860910403,37,23,36,96
860910404,9,17,49,75
860910405,5,9,80,94
860910406,33,38,105,176
860910407,8,5,83,96
860910408,0,0,34,34
860910409,10,9,13,32
860910410,86,66,123,275
860910411,69,78,127,274
860980101,0,0,71,71
860980102,1,0,16,17
860980103,0,0,93,93
860980104,1,0,33,34
860980105,0,1,31,32
860980106,0,1,29,30
860980107,0,0,11,11
860980108,93,68,204,365
860980109,85,102,272,459
860980110,113,61,148,322
860980111,51,58,153,262
860980112,41,41,102,184
860980201,3,2,121,126
860980202,0,0,12,12
860980203,0,0,40,40
860980204,1,3,36,40
860980205,24,43,167,234
860980301,3,6,51,60
860980302,3,4,20,27
860980303,1,1,10,12
860980304,0,0,19,19
860980305,16,12,352,380
860980401,15,17,187,219
860980402,8,0,136,144
860980403,10,14,131,155
860980501,0,1,25,26
860980502,0,0,117,117
860980503,3,1,139,143
860980601,1,0,27,28
860980602,0,0,52,52
860980603,0,0,14,14
860980701,1,0,32,33
860980702,0,0,18,18
860980703,4,1,3,8
861050101,23,19,452,494
861050102,0,0,57,57
861050201,183,22,80,285
861050202,1,0,40,41
861050203,1,0,369,370
861050204,3,1,397,401
861050205,126,44,113,283
861050206,140,69,69,278
861050207,169,51,121,341
861050208,175,53,60,288
861050209,129,50,135,314
861050210,171,83,80,334
861050211,92,42,127,261
861050212,138,65,75,278
861050301,3,1,157,161
861050302,1,0,160,161
861050303,0,1,70,71
861120101,0,0,27,27
861120102,2,1,64,67
861120103,0,0,44,44
861120104,0,0,36,36
861120105,0,1,46,47
861120201,2,2,69,73
861120202,0,0,25,25
861120203,8,1,151,160
861120302,0,1,41,42
861190101,3,1,386,390
861190102,36,35,309,380
861190103,79,52,204,335
861190104,139,102,185,426
861190201,1,3,49,53
861190202,1,2,20,23
861190203,3,2,12,17
861190301,7,3,89,99
861190302,6,0,60,66
861190303,8,7,74,89
861190304,0,1,31,32
861190401,11,12,104,127
861190402,2,2,16,20
861190403,3,0,29,32
861190404,6,9,199,214
861190405,3,8,110,121
861190406,94,52,143,289
861190407,162,58,62,282
861190408,198,53,122,373
861190409,158,95,111,364
861190410,54,39,150,243
861190411,57,13,59,129
861190412,94,96,148,338
861190413,108,50,329,487
861190414,124,87,162,373
861190415,21,19,178,218
861190501,6,3,169,178
861190502,1,1,154,156
861190503,2,1,156,159
861260101,0,2,44,46
861260102,0,0,7,7
861260201,5,5,155,165
861260202,3,0,33,36
861260203,2,1,117,120
861260204,1,5,85,91
861260301,6,2,200,208
861260302,0,3,83,86
861260303,0,3,73,76
861260304,0,1,31,32
861260305,2,4,52,58
861260306,3,0,27,30
861260307,72,80,141,293
861260308,56,64,169,289
861260309,131,42,92,265
861260310,119,137,226,482
861260311,156,56,67,279
861260312,112,109,101,322
861260313,119,70,76,265
861260401,2,5,79,86
861260402,3,7,70,80
861260403,1,3,122,126
861260404,4,4,21,29
861330101,0,0,68,68
861330102,0,1,81,82
861330103,9,8,69,86
861330201,0,1,106,107
861330202,0,3,63,66
861330203,10,24,212,246
861330204,1,6,184,191
861330205,87,131,108,326
861330301,2,3,148,153
861330302,0,1,83,84
861330303,1,1,135,137
861330304,1,0,29,30
861330305,0,1,45,46
861330401,0,1,56,57
861330402,0,0,43,43
861330403,10,23,141,174
861330404,5,24,284,313
861330405,0,1,45,46
861330406,4,10,94,108
861330407,77,36,77,190
861330408,50,51,77,178
861330409,96,31,48,175
861330410,74,125,305,504
861330501,2,1,11,14
861330502,3,3,10,16
861330503,1,0,20,21
861330504,3,5,105,113
861330505,17,54,220,291
861330601,0,2,73,75
861330602,2,1,53,56
861330603,0,0,73,73
861330701,3,7,217,227
861330702,0,0,139,139
861330801,0,0,31,31
861330802,3,5,229,237
861400101,0,1,88,89
861400102,2,1,44,47
861400103,4,9,180,193
861400104,0,1,59,60
861400105,1,5,122,128
861400201,4,7,79,90
861400202,1,8,38,47
861400203,2,1,40,43
861400204,0,0,125,125
861400205,67,91,38,196
861400206,129,119,81,329
861400207,105,63,63,231
861400208,87,86,28,201
861400209,41,95,131,267
861400210,116,78,45,239
861400301,0,3,115,118
861400302,0,2,68,70
861400303,1,0,125,126
861470101,5,17,118,140
861470102,27,30,146,203
861470103,31,26,218,275
861470104,6,12,123,141
861470201,2,0,120,122
861470202,10,17,251,278
861470301,42,16,181,239
861470302,18,19,127,164
861470401,11,15,233,259
861470402,33,27,59,119
861470403,29,27,60,116
861470501,10,28,145,183
861470502,18,23,211,252
861470503,1,2,116,119
861470504,41,38,42,121
861470601,2,2,142,146
861470602,0,0,86,86
861470603,0,1,78,79
861470701,0,0,42,42
861470702,0,1,75,76
861470703,25,21,143,189
861470704,6,17,189,212
861470705,16,20,74,110
861470706,17,23,123,163
861470801,167,89,63,319
861470802,136,100,60,296
861470803,205,55,12,272
861470804,126,46,4,176
861470805,111,68,8,187
861470806,145,49,52,246
861470807,148,53,120,321
861470808,96,82,133,311
861470809,80,73,66,219
861470810,76,37,77,190
861470811,84,63,130,277
861470812,122,65,56,243
861470813,60,37,126,223
861470814,218,62,19,299
861470815,83,25,7,115
861470816,111,47,13,171
861470817,71,51,41,163
861470901,91,54,81,226
861470902,108,52,173,333
861470903,97,67,62,226
861470904,48,34,122,204
861470905,96,58,94,248
861470906,113,40,21,174
861470907,55,9,0,64
861470908,117,31,5,153
861470909,102,53,37,192
861470910,73,56,6,135
861470911,69,9,0,78
861470912,107,43,49,199
861470913,100,36,26,162
861470914,48,35,136,219
861470915,105,68,24,197
861470916,38,31,145,214
861470917,118,52,27,197
861470918,40,23,91,154
861470919,58,26,111,195
861540101,5,11,14,30
861540102,10,5,61,76
861540103,5,3,6,14
861540104,17,9,19,45
861540105,9,9,13,31
861540106,123,142,15,280
861540107,94,139,102,335
861540108,131,64,26,221
861540201,4,10,13,27
861540202,16,16,27,59
861540203,32,31,45,108
861540204,0,0,10,10
861540301,0,0,26,26
861540302,16,21,17,54
861540303,19,30,14,63
861610101,5,10,138,153
861610102,3,4,102,109
861610103,8,3,72,83
861610104,6,7,103,116
861610105,32,31,243,306
861610106,10,19,166,195
861610107,36,88,101,225
861610108,114,47,100,261
861610109,192,90,42,324
861610110,111,73,139,323
861610111,49,54,166,269
861610112,52,55,169,276
861610201,0,1,44,45
861610202,8,4,29,41
861610203,34,44,96,174
861610204,41,59,109,209
861610205,21,45,94,160
861610206,17,53,123,193
861610301,10,12,239,261
861610302,2,3,168,173
861610303,1,1,43,45
861610304,9,3,39,51
861610305,3,5,91,99
861610306,3,2,49,54
861610307,3,5,31,39
861610308,206,85,159,450
861610309,98,66,86,250
861610310,137,63,9,209
861610311,129,37,31,197
861610312,142,57,56,255
861610313,123,39,23,185
861610314,175,31,18,224
861610315,29,53,146,228
861610316,56,77,140,273
861610317,103,37,71,211
861610318,230,44,16,290
861610319,89,46,86,221
861610401,3,0,54,57
861610402,1,4,64,69
861610403,7,6,106,119
861610404,23,27,152,202
861610405,7,3,108,118
861610406,6,9,106,121
861610407,3,2,39,44
861610408,1,2,17,20
861610409,94,77,122,293
861610410,132,63,106,301
861610411,105,31,60,196
861610412,39,43,217,299
861610413,72,23,90,185
861680101,0,0,110,110
861680102,0,0,107,107
861680103,0,0,146,146
861680104,1,0,85,86
861680105,20,12,112,144
861680201,0,0,159,159
861680202,0,1,201,202
861680203,2,0,124,126
861680204,1,0,129,130
861680205,19,15,157,191
861680206,113,43,215,371
861680207,60,30,204,294
861680301,0,0,223,223
861680302,0,1,179,180
861680303,0,1,63,64
861680304,0,0,119,119
861750101,15,13,287,315
861750102,0,0,62,62
861750103,0,0,118,118
861750201,3,7,49,59
861750202,0,0,72,72
861750203,1,0,125,126
861750204,55,37,162,254
861750301,6,8,127,141
861750302,0,0,54,54
861750303,0,0,147,147
861750304,1,1,167,169
861750305,0,0,160,160
861750306,66,17,88,171
861750307,35,17,166,218
861820101,0,0,14,14
861820102,0,3,31,34
861820103,1,0,82,83
861820201,4,3,49,56
861820202,0,1,7,8
861820203,1,1,72,74
861820204,0,1,40,41
861820205,66,31,161,258
861820206,43,52,244,339
861820301,0,0,72,72
861820302,0,1,61,62
861890101,27,10,248,285
861890102,5,3,75,83
861890103,74,38,129,241
861890201,34,15,200,249
861890202,5,4,148,157
861890203,0,0,9,9
861890301,2,0,106,108
861890302,16,12,223,251
861890303,49,21,167,237
900070101,1,3,10,14
900070102,2,0,17,19
900070103,5,6,29,40
900070104,11,32,41,84
900070105,23,31,22,76
900070201,1,3,26,30
900070202,0,1,24,25
900070203,0,0,20,20
900070204,2,21,109,132
900070205,12,38,96,146
900070206,1,7,69,77
900070301,1,1,24,26
900070302,0,1,16,17
900070303,0,3,15,18
900070304,4,1,13,18
900070305,4,4,22,30
900070306,20,22,76,118
900070401,7,14,49,70
900070402,5,9,40,54
900070403,30,48,47,125
900070404,10,20,46,76
900070405,61,79,90,230
900070406,1,1,11,13
900070407,9,23,61,93
900070408,102,99,131,332
900070409,95,109,88,292
900070410,17,54,205,276
900070501,2,2,66,70
900070502,1,2,48,51
900070503,6,6,73,85
900070504,3,9,53,65
900070505,7,4,85,96
900070506,2,20,63,85
900070507,7,6,51,64
900070508,21,12,47,80
900070509,28,46,36,110
900070601,5,31,85,121
900070602,13,31,45,89
900070603,8,10,22,40
900070604,17,38,77,132
900070605,7,20,20,47
900070606,19,37,63,119
900070607,42,55,76,173
900070608,24,16,29,69
900070609,38,15,72,125
900070610,31,15,62,108
900070611,46,88,115,249
900070701,13,31,60,104
900070702,24,33,43,100
900070703,17,32,85,134
900070704,17,57,67,141
900070705,4,11,42,57
900070706,5,2,9,16
900070707,3,6,49,58
900070708,7,18,44,69
900070709,8,21,31,60
900070710,86,111,142,339
900070711,26,45,57,128
900070712,77,151,144,372
900070801,5,29,73,107
900070802,1,5,21,27
900070803,9,21,53,83
900070804,4,6,26,36
900070805,29,42,108,179
900070806,10,17,42,69
900070807,47,87,140,274
900070808,24,58,97,179
900070809,2,1,59,62
900070901,2,2,17,21
900070902,2,18,58,78
900070903,27,44,78,149
900070904,9,55,138,202
900070905,7,24,21,52
900071001,10,48,102,160
900071002,2,11,41,54
900071003,15,14,32,61
900071004,10,13,27,50
900071005,32,45,132,209
900071006,0,8,35,43
900071007,82,111,99,292
900140101,9,25,87,121
900140102,16,49,193,258
900140103,37,76,277,390
900140104,30,55,75,160
900140105,42,60,68,170
900140106,85,38,28,151
900140107,9,95,155,259
900140108,53,69,66,188
900140109,161,150,127,438
900140110,96,132,99,327
900140111,3,29,132,164
900140112,266,232,89,587
900140113,157,163,69,389
900140114,104,202,104,410
900140115,82,207,120,409
900140116,64,255,128,447
900140117,201,3,6,210
900140118,221,54,11,286
900140119,127,64,59,250
900140120,73,80,66,219
900140121,213,95,49,357
900140122,64,148,206,418
900140123,102,155,52,309
900140124,109,122,37,268
900140125,46,55,133,234
900140126,132,189,176,497
900140127,85,142,170,397
900140128,84,98,46,228
900140129,54,102,131,287
900140130,57,134,214,405
900140131,131,158,116,405
900140201,4,6,49,59
900140202,1,32,84,117
900140203,11,14,7,32
900140204,7,45,91,143
900140205,41,41,74,156
900140206,3,7,30,40
900140207,121,113,86,320
900140208,122,116,104,342
900140209,47,76,84,207
900140210,70,76,83,229
900140211,45,53,121,219
900140301,56,87,79,222
900140302,4,12,27,43
900140303,2,4,20,26
900140304,1,16,43,60
900140401,4,11,21,36
900140402,6,5,46,57
900140403,43,70,84,197
900140404,91,80,59,230
900140501,0,1,28,29
900140502,5,8,80,93
900140503,2,19,107,128
900140504,1,4,68,73
900140505,3,8,57,68
900140506,3,5,82,90
900140601,10,20,95,125
900140602,0,4,10,14
900140603,0,0,6,6
900140604,1,0,19,20
900140605,1,0,5,6
900140606,47,57,29,133
900140607,1,8,38,47
900140608,49,57,52,158
900140609,177,40,23,240
900140610,136,95,110,341
900140611,58,101,104,263
900140612,53,85,139,277
900140613,44,92,149,285
900140614,30,86,103,219
900140701,25,26,60,111
900140702,1,0,7,8
900140703,24,50,107,181
900140704,28,37,139,204
900140705,12,11,21,44
900140706,32,46,60,138
900140707,1,8,22,31
900140708,50,61,102,213
900140709,2,5,56,63
900140710,96,154,61,311
900140711,51,86,130,267
900140712,109,81,58,248
900140713,83,135,178,396
900140714,41,91,125,257
900140801,9,14,54,77
900140802,15,9,38,62
900140803,6,23,69,98
900140804,5,11,37,53
900140805,58,55,50,163
900140806,4,20,43,67
900140901,46,52,133,231
900140902,33,44,43,120
900140903,24,45,79,148
900140904,13,21,39,73
900140905,18,36,85,139
900140906,34,33,57,124
900141001,27,38,82,147
900141002,33,31,49,113
900141003,43,43,75,161
900141101,9,19,36,64
900141102,91,95,82,268
900141103,3,13,29,45
900141104,28,42,93,163
900141105,200,89,32,321
900141106,100,128,130,358
900141201,72,65,114,251
900141202,26,24,86,136
900141203,5,18,41,64
900141204,59,68,186,313
900141205,105,74,131,310
900141206,92,51,43,186
900141207,43,109,141,293
900141208,58,85,95,238
900141209,126,107,55,288
900141210,132,147,108,387
900141211,36,85,154,275
900141212,89,75,57,221
900141213,90,122,77,289
900141214,95,108,105,308
900141215,55,58,73,186
900141216,111,63,42,216
900141217,92,112,105,309
900141218,84,99,54,237
900141219,95,114,95,304
900141220,8,6,11,25
900141221,24,55,71,150
900141222,67,108,193,368
900141223,106,107,104,317
900141224,158,40,2,200
900141225,77,55,66,198
900141301,152,139,38,329
900141302,110,65,41,216
900141303,119,121,66,306
900141304,116,60,2,178
900141305,62,72,90,224
900141306,164,152,99,415
900141307,70,104,96,270
900141308,65,82,74,221
900141309,78,98,38,214
900141310,109,133,195,437
900141311,50,118,163,331
900141312,119,152,86,357
900141313,58,116,60,234
900141314,13,53,99,165
900141401,1,2,3,6
900141402,0,3,5,8
900141403,4,8,17,29
900141404,2,4,40,46
900141405,67,85,122,274
900141406,52,79,106,237
900141407,80,92,138,310
900141408,114,162,184,460
900141409,75,114,141,330
900141410,28,47,157,232
900141501,33,70,142,245
900141502,21,66,152,239
900141503,0,2,24,26
900141504,77,159,179,415
900141505,6,28,32,66
900141506,140,152,55,347
900141507,147,171,97,415
900141601,14,39,88,141
900141602,210,112,24,346
900141603,125,54,33,212
900141604,88,45,38,171
900141605,111,85,68,264
900141606,77,61,46,184
900141607,179,46,21,246
900141608,123,86,32,241
900141609,110,81,24,215
900141610,126,41,14,181
900141611,125,66,22,213
900141612,111,66,11,188
900141613,138,127,100,365
900141614,57,84,118,259
900141615,65,117,112,294
900141616,89,177,215,481
900141617,103,92,35,230
900141618,110,109,94,313
900210101,1,0,1,2
900210102,5,26,68,99
900210103,0,0,0,0
900210104,57,68,166,291
900210105,22,40,71,133
900210106,6,15,106,127
900210107,3,5,53,61
900210108,10,32,130,172
900210109,19,60,123,202
900210110,31,68,62,161
900210111,15,45,50,110
900210201,7,16,39,62
900210202,5,15,51,71
900210203,10,29,68,107
900210204,49,46,84,179
900210205,180,149,115,444
900210206,24,81,72,177
900210207,27,40,94,161
900210208,25,37,63,125
900210209,3,23,114,140
900210301,19,41,56,116
900210302,7,25,92,124
900210303,14,37,87,138
900210304,31,38,51,120
900210401,11,36,60,107
900210402,4,14,30,48
900210403,20,38,68,126
900210404,18,25,20,63
900210405,2,2,18,22
900210406,58,60,52,170
900210407,46,82,137,265
900210408,102,76,19,197
900210409,171,81,61,313
900210410,113,86,31,230
900210411,67,104,90,261
900210501,17,24,98,139
900210502,32,70,181,283
900210503,24,24,139,187
900210504,4,40,101,145
900210505,3,7,11,21
900210506,57,57,84,198
900210507,59,129,139,327
900210601,0,10,16,26
900210602,148,154,124,426
900210603,74,147,75,296
900210604,216,108,29,353
900210605,251,53,14,318
900210606,164,79,32,275
900210607,79,98,106,283
900210608,260,79,26,365
900210609,149,9,3,161
900210610,222,105,30,357
900210611,248,44,13,305
900210612,227,35,18,280
900210613,166,31,7,204
900210614,253,78,10,341
900210615,115,81,30,226
900210616,206,47,6,259
900210617,39,80,30,149
900210618,85,91,69,245
900210619,67,94,36,197
900210620,129,29,7,165
900210701,197,104,115,416
900210702,110,117,85,312
900210703,88,70,36,194
900210704,64,53,54,171
900210705,60,75,42,177
900210706,244,88,20,352
900210707,163,74,39,276
900210708,163,15,2,180
900210709,51,102,94,247
900210710,160,98,74,332
900210711,111,23,9,143
900210712,113,59,25,197
900210713,102,56,12,170
900210714,127,85,14,226
900210715,71,179,2,252
900210716,92,132,29,253
900210717,55,129,87,271
900210718,27,69,114,210
900210719,71,197,134,402
900210720,88,109,83,280
900210721,14,114,87,215
900210722,26,129,114,269
900210723,147,37,30,214
900210724,201,80,1,282
900210725,26,113,240,379
900210726,61,207,5,273
900280101,65,154,109,328
900280102,84,178,59,321
900280103,158,101,77,336
900280104,88,121,78,287
900280105,70,135,63,268
900280106,119,77,20,216
900280107,89,110,34,233
900280108,64,182,63,309
900280109,84,70,42,196
900280110,87,76,31,194
900280111,122,142,49,313
900280112,260,83,35,378
900280113,144,80,25,249
900280201,0,0,10,10
900280202,2,12,30,44
900280203,3,54,1,58
900280204,0,13,30,43
900280205,19,45,44,108
900280206,141,194,153,488
900280207,5,66,160,231
900280208,29,111,55,195
900280301,0,0,5,5
900280302,6,29,37,72
900280303,0,17,9,26
900280304,13,28,60,101
900280305,29,69,121,219
900280306,38,57,51,146
900280307,18,65,153,236
900280308,2,0,6,8
900280309,17,26,27,70
900280310,9,31,50,90
900280311,1,8,45,54
900280312,15,17,74,106
900280313,0,1,1,2
900280314,0,0,20,20
900280315,1,0,2,3
900280316,29,125,53,207
900280317,32,124,108,264
900280318,55,160,124,339
900280319,33,142,113,288
900280320,142,46,2,190
900350101,14,66,146,226
900350102,0,5,28,33
900350103,0,2,30,32
900350104,0,0,8,8
900350105,1,1,19,21
900350106,0,2,37,39
900350107,1,1,21,23
900350108,3,1,7,11
900350109,1,2,37,40
900350110,4,8,52,64
900350111,16,26,102,144
900350112,13,48,88,149
900350113,130,85,104,319
900350114,113,77,86,276
900350201,0,1,23,24
900350202,1,0,19,20
900350203,0,0,10,10
900350204,0,1,39,40
900350205,7,7,64,78
900350206,0,6,72,78
900350207,1,6,64,71
900350208,1,3,43,47
900350209,11,13,13,37
900350210,0,0,5,5
900350211,0,1,5,6
900350212,114,41,68,223
900350213,107,79,157,343
900350214,52,49,81,182
900350301,8,21,50,79
900350302,0,3,36,39
900350303,5,4,22,31
900350304,2,2,36,40
900350305,1,0,51,52
900350306,0,0,12,12
900350307,1,1,47,49
900350308,0,1,11,12
900350309,0,2,20,22
900350310,2,2,90,94
900350311,2,8,36,46
900350312,73,121,148,342
900420101,135,115,46,296
900420102,118,123,91,332
900420103,88,55,22,165
900420104,117,40,12,169
900420105,98,99,32,229
900420106,78,126,26,230
900420107,177,81,53,311
900420108,194,102,24,320
900420109,88,30,13,131
900420110,92,54,34,180
900420111,31,51,52,134
900420112,116,69,21,206
900420113,204,51,8,263
900420114,259,17,7,283
900420115,224,24,17,265
900420116,59,106,45,210
900420201,0,5,135,140
900420202,0,11,45,56
900420203,2,14,30,46
900420204,0,3,45,48
900420205,6,21,33,60
900420206,7,8,29,44
900420207,2,10,44,56
900420208,15,22,129,166
900420209,23,73,174,270
900420210,5,22,106,133
900420211,42,71,174,287
900420212,102,126,258,486
900420213,3,11,93,107
900420214,129,69,33,231
900420215,26,44,65,135
900420216,96,29,21,146
900420217,48,71,28,147
900420301,6,3,38,47
900420302,35,45,118,198
900420303,2,3,67,72
900420304,10,15,42,67
900420305,11,20,60,91
900420306,113,70,91,274
900420401,0,1,19,20
900420402,3,22,72,97
900490101,35,46,53,134
900490102,14,36,108,158
900490201,33,40,73,146
900490202,0,3,14,17
900490203,40,56,182,278
900490204,14,55,283,352
900490205,4,8,54,66
900490301,37,79,92,208
900490302,22,25,32,79
900490401,19,47,51,117
900490402,36,64,53,153
900490403,17,42,70,129
900490404,5,12,9,26
900490501,63,96,58,217
900490502,18,34,55,107
900490503,3,4,3,10
900490504,2,4,24,30
900490505,1,6,1,8
900490506,18,21,33,72
900490507,0,9,31,40
900490508,99,68,29,196
900490509,155,143,67,365
900490510,91,131,79,301
900490511,125,99,88,312
900490512,50,97,55,202
900490601,0,0,2,2
900490602,49,47,50,146
900490603,14,20,20,54
900490701,1,0,0,1
900490702,27,56,38,121
900490703,51,41,50,142
900560101,8,8,11,27
900560102,2,21,9,32
900560103,78,110,64,252
900560201,6,9,32,47
900560202,0,0,1,1
900560203,54,74,45,173
900560301,76,112,47,235
900560302,109,129,60,298
900560303,39,113,55,207
900560304,11,82,62,155
900560305,141,105,108,354
900560306,209,64,57,330
900560307,97,77,30,204
900560308,182,88,26,296
900560309,129,89,52,270
900560310,106,110,80,296
900560311,154,187,64,405
900560312,154,105,96,355
900560401,11,23,64,98
900560402,47,69,101,217
900560403,9,36,63,108
900560404,1,3,30,34
900560405,4,5,18,27
900560406,10,10,48,68
900560407,2,10,11,23
900560408,97,47,6,150
900560501,21,20,31,72
900560502,77,49,110,236
900560503,20,8,86,114
900560504,39,25,131,195
900560505,15,17,48,80
900560601,3,10,30,43
900560602,20,69,48,137
900560603,17,35,128,180
900560604,1,6,28,35
900560605,11,6,28,45
900560606,10,14,76,100
900560607,5,11,46,62
900560701,21,27,52,100
900560702,123,111,72,306
900560703,2,5,29,36
900560704,27,47,67,141
900560705,18,13,56,87
900560706,13,7,82,102
900560801,11,13,32,56
900560802,3,6,24,33
900560803,13,19,85,117
900560804,18,14,68,100
900560805,32,27,139,198
900560901,10,15,45,70
900560902,0,4,0,4
900560903,44,53,27,124
900560904,20,34,86,140
900560905,1,0,22,23
900560906,0,6,50,56
900560907,45,24,39,108
900560908,7,12,86,105
900560909,6,14,28,48
900560910,3,8,14,25
900560911,0,1,41,42
900561001,7,24,112,143
900561002,0,1,15,16
900561003,15,26,140,181
900561004,18,17,71,106
900561005,18,32,57,107
900561101,0,2,3,5
900561102,1,1,7,9
900561103,2,13,18,33
900561104,7,27,61,95
900561105,28,8,52,88
900561106,2,3,62,67
900561107,49,62,100,211
900561108,115,104,64,283
900561201,11,18,54,83
900561202,17,16,47,80
900561203,85,64,35,184
900561204,41,44,80,165
900561205,22,24,77,123
900561206,14,25,85,124
900561207,29,27,93,149
900561208,3,7,23,33
900561209,9,8,70,87
900561210,0,3,26,29
900561211,13,29,74,116
900561212,14,13,65,92
900561213,88,128,68,284
900561301,25,28,83,136
900561302,8,21,58,87
900561303,3,4,34,41
900561304,35,52,114,201
900561305,83,113,81,277
900561306,2,9,19,30
900561401,16,25,31,72
900561402,17,29,36,82
900561403,60,32,57,149
900561404,187,75,73,335
900561405,12,57,38,107
900561406,62,68,88,218
900561407,128,91,67,286
900561408,55,106,70,231
900630101,61,55,100,216
900630102,178,50,74,302
900630103,66,59,98,223
900630104,57,112,152,321
900630105,102,82,176,360
900630106,172,63,23,258
900630107,74,52,26,152
900630108,106,137,112,355
900630109,88,123,34,245
900630110,182,119,46,347
900630111,255,70,40,365
900630112,141,88,26,255
900630113,144,107,21,272
900630114,137,123,41,301
900630201,0,5,32,37
900630202,1,12,43,56
900630203,4,5,5,14
900630204,19,6,4,29
900630205,3,1,13,17
900630206,21,55,118,194
900630207,2,34,61,97
900630208,0,0,5,5
900630209,4,7,4,15
900630210,0,10,16,26
900630211,5,8,14,27
900630212,21,82,217,320
900630213,126,88,29,243
900630214,67,77,25,169
900630215,129,107,55,291
900630216,182,57,11,250
900630217,105,106,50,261
900630218,106,90,69,265
900630219,56,104,69,229
900630301,87,68,133,288
900630302,142,89,199,430
900630303,27,36,71,134
900630304,5,4,26,35
900630305,28,140,315,483
900630401,0,1,7,8
900630402,0,3,15,18
900630403,55,45,36,136
900630404,8,80,201,289
900630405,8,8,35,51
900630406,15,28,35,78
900630407,3,10,12,25
900630408,51,46,30,127
900630409,0,0,1,1
900630410,0,9,47,56
900630411,18,53,51,122
900630412,15,48,68,131
900630413,112,123,140,375
900630414,148,36,10,194
900630415,53,147,2,202
900630416,13,41,13,67
900630417,93,67,34,194
900630418,161,55,23,239
900630419,219,59,39,317
900630420,46,85,71,202
900630501,164,35,91,290
900630502,184,11,1,196
900630503,215,112,37,364
900630504,141,89,41,271
900630505,218,72,10,300
900630506,183,87,42,312
900630507,126,145,63,334
900630508,57,79,95,231
900630509,132,146,125,403
900630510,9,33,303,345
900630511,93,123,51,267
900630512,153,109,20,282
900630513,88,142,63,293
900700101,25,57,23,105
900700102,19,50,39,108
900700201,0,0,22,22
900700202,6,9,54,69
900700203,9,34,63,106
900700204,85,91,35,211
900700205,114,165,64,343
900700206,121,115,67,303
900700207,64,110,5,179
900700208,52,95,66,213
900700301,81,72,119,272
900700302,1,1,33,35
900700303,4,5,23,32
900700304,1,1,29,31
900700305,2,2,43,47
900700306,58,61,68,187
900700307,83,101,58,242
900700401,8,26,32,66
900700402,8,17,56,81
900700403,37,82,175,294
900700404,24,47,108,179
900700405,18,34,65,117
900700406,19,20,130,169
900700407,1,2,61,64
900700408,10,7,31,48
900700409,20,46,139,205
900700410,2,8,35,45
900700411,5,2,64,71
900700412,94,96,72,262
900700413,83,130,99,312
900700414,93,72,48,213
900700501,18,39,74,131
900700502,20,30,108,158
900700601,3,0,0,3
900700602,88,66,124,278
900700603,84,80,37,201
900700604,99,80,50,229
900700605,70,76,40,186
900700606,97,78,58,233
900700607,158,58,29,245
900700701,23,50,12,85
900700702,7,30,9,46
900700703,0,0,3,3
900700801,1,4,29,34
900700802,0,0,9,9
900700803,12,9,38,59
900700804,28,63,55,146
900700805,69,68,28,165
900700806,76,94,45,215
900700807,132,138,157,427
900700808,36,60,67,163
900700901,0,0,0,0
900700902,3,10,51,64
900700903,38,95,147,280
900700904,2,11,49,62
900701001,0,2,1,3
900701002,22,34,28,84
900701003,27,39,3,69
900701101,51,22,0,73
900701102,31,48,26,105
900701201,0,0,3,3
900701202,5,9,51,65
900701203,20,50,42,112
900701204,50,59,69,178
900701301,60,159,113,332
900701302,48,42,36,126
900701303,58,65,85,208
900701304,254,59,15,328
900701401,85,70,18,173
900701402,84,67,60,211
900701403,106,47,11,164
900701404,153,40,17,210
900701405,102,148,59,309
900701406,189,71,36,296
900701407,119,51,5,175
900701408,136,21,1,158
900701409,131,151,104,386
900701410,125,116,54,295
900701411,187,22,1,210
900701412,95,85,32,212
900701413,128,23,4,155
900701414,157,47,12,216
900701415,155,125,57,337
900701416,122,96,20,238
900701417,282,77,33,392
900701418,60,141,139,340
900701419,226,45,23,294
900701420,183,49,42,274
900701421,87,71,23,181
900770101,58,119,141,318
900770102,80,116,93,289
900770103,109,133,49,291
900770104,76,182,147,405
900770105,69,203,112,384
900770106,138,121,51,310
900770107,93,113,24,230
900770108,173,52,7,232
900770109,144,57,44,245
900770110,220,76,12,308
900770111,175,37,20,232
900770112,132,45,38,215
900770113,91,86,45,222
900770114,116,36,1,153
900770115,153,143,46,342
900770116,93,158,37,288
900770117,150,104,15,269
900770118,77,75,17,169
900770119,82,85,77,244
900770120,70,134,72,276
900770121,83,118,88,289
900770122,107,88,27,222
900770123,161,39,15,215
900770124,167,67,0,234
900770201,6,16,39,61
900770202,75,50,118,243
900770203,18,47,142,207
900770204,3,17,46,66
900770205,0,0,10,10
900770206,5,16,29,50
900770207,3,4,47,54
900770208,0,1,4,5
900770209,58,192,32,282
900770210,23,139,187,349
900770211,219,30,1,250
900770212,77,37,8,122
900770213,106,128,31,265
900770214,22,62,54,138
900770301,33,19,44,96
900770302,17,58,66,141
900770401,0,1,1,2
900770402,0,0,8,8
900770403,12,76,114,202
900770404,85,99,47,231
900770405,23,63,112,198
900770406,20,38,85,143
900770407,47,99,83,229
900770408,1,6,61,68
900770409,5,31,53,89
900770410,5,27,51,83
900770411,9,40,70,119
900770412,5,21,47,73
900770413,48,32,75,155
900770414,76,211,65,352
900770415,121,88,33,242
900770416,48,57,21,126
900770417,86,135,60,281
900770418,12,58,79,149
900770419,18,52,85,155
900770501,57,39,65,161
900770601,22,65,114,201
900770602,14,56,124,194
900770603,5,17,31,53
900770604,14,13,27,54
900770605,31,52,94,177
900770606,112,106,102,320
900770607,103,145,63,311
900840101,7,47,122,176
900840102,133,32,33,198
900840103,268,53,21,342
900840104,275,61,0,336
900840105,306,1,0,307
900840106,192,40,151,383
900840107,178,71,103,352
900840108,284,27,4,315
900840109,109,105,6,220
900840110,183,79,0,262
900840111,188,55,1,244
900840112,275,44,2,321
900840113,301,36,39,376
900840114,187,90,6,283
900840115,218,36,4,258
900840116,99,102,24,225
900840117,88,54,15,157
900840118,141,19,1,161
900840119,166,22,1,189
900840120,193,16,3,212
900840121,176,9,1,186
900840122,148,46,2,196
900840123,242,90,46,378
900840124,288,45,3,336
900840125,231,26,7,264
900840126,205,100,25,330
900840201,30,38,71,139
900840202,64,105,108,277
900840203,22,124,112,258
900840204,82,77,15,174
900840205,197,172,59,428
900840206,166,69,19,254
900840207,99,69,4,172
900840208,266,66,16,348
900840209,228,25,1,254
900840210,282,20,0,302
900840211,175,6,0,181
900840212,301,57,13,371
900840213,138,41,12,191
900840214,150,60,9,219
900840215,156,16,19,191
900840216,172,15,1,188
900840217,194,21,2,217
900840218,171,28,25,224
900840219,244,24,3,271
900840220,184,16,2,202
900840221,167,147,58,372
900840222,108,138,25,271
900840223,142,34,9,185
900840301,107,164,120,391
900840302,79,142,123,344
900840303,162,134,36,332
900840304,122,119,49,290
900840305,117,92,32,241
900840306,160,122,32,314
900840307,167,102,8,277
900840308,154,77,23,254
900840309,96,72,21,189
900840310,157,81,27,265
900840311,94,48,21,163
900840312,76,57,29,162
900840313,210,37,2,249
900840314,110,17,13,140
900840315,122,31,2,155
900840401,102,136,117,355
900840402,228,59,35,322
900840403,196,66,7,269
900840404,211,70,20,301
900840405,176,77,18,271
900840406,131,101,32,264
900840407,79,110,50,239
900840408,16,38,34,88
900840409,21,111,49,181
900840410,47,107,67,221
900840411,87,56,36,179
900840412,135,45,13,193
900840413,30,122,82,234
900840414,10,84,91,185
900840415,67,247,73,387
900840416,50,134,158,342
900840501,186,98,22,306
900840502,150,46,5,201
900840503,197,56,9,262
900840504,130,15,3,148
900840505,136,42,6,184
900840506,135,120,30,285
900840507,44,121,33,198
900840508,34,75,30,139
900840509,77,47,37,161
900840510,105,44,11,160
900840511,123,12,15,150
900840512,151,27,26,204
900840513,205,50,8,263
900840601,45,45,28,118
900840602,217,71,5,293
900840603,139,44,15,198
900840604,164,78,28,270
900840605,209,100,19,328
900840606,85,96,33,214
900840607,163,55,12,230
900840608,85,66,73,224
900840609,69,50,68,187
900840610,143,44,8,195
900840611,148,33,3,184
900840612,69,27,10,106
900840613,105,31,13,149
900840614,130,11,15,156
900840701,97,90,78,265
900840702,95,34,9,138
900840703,132,109,6,247
900840704,219,76,37,332
900840705,205,30,3,238
900840706,165,114,18,297
900840707,197,67,15,279
900840708,248,66,18,332
900840709,193,56,10,259
900840710,153,20,3,176
900840711,142,48,4,194
900840712,232,45,0,277
900840713,134,26,3,163
900840714,160,26,3,189
900840801,76,56,33,165
900840802,62,65,45,172
900840803,81,154,78,313
900840804,25,96,100,221
900840805,119,177,116,412
900840806,119,92,29,240
900840807,148,76,21,245
900840808,123,104,41,268
900840809,94,78,18,190
900840810,174,47,17,238
900840811,208,59,21,288
900840812,143,113,25,281
900840813,112,89,23,224
900840814,96,217,146,459
900840815,62,98,49,209
900840816,140,99,20,259
900840817,110,43,8,161
900840818,107,49,12,168
900840819,79,144,51,274
900840820,45,105,90,240
900840901,107,48,2,157
900840902,212,48,5,265
900840903,144,63,5,212
900840904,135,32,3,170
900840905,164,58,7,229
900840906,89,32,33,154
900840907,73,36,39,148
900840908,132,50,4,186
900840909,118,21,3,142
900840910,127,49,1,177
900840911,209,42,1,252
900840912,98,10,33,141
900840913,125,18,2,145
900840914,198,23,5,226
900840915,211,56,4,271
900841001,180,87,13,280
900841002,119,164,131,414
900841003,36,112,73,221
900841004,148,134,69,351
900841005,111,109,83,303
900841006,46,104,100,250
900841007,52,58,44,154
900841008,87,128,99,314
900841009,59,105,92,256
900841010,177,105,124,406
900841011,191,63,91,345
900841012,187,23,7,217
900841013,92,83,26,201
900841014,59,85,32,176
900841015,79,49,15,143
900841016,217,22,2,241
900841017,146,39,2,187
900841018,220,19,7,246
900841019,140,11,1,152
900841020,197,82,10,289
900841021,86,6,1,93
900841022,183,52,3,238
900841023,273,74,8,355
900841024,180,83,19,282
900841025,5,17,56,78
900841101,190,23,6,219
900841102,262,16,0,278
900841103,179,22,1,202
900841104,167,13,2,182
900841105,72,125,45,242
900841106,36,90,159,285
900841107,12,72,184,268
900841108,43,65,143,251
900841109,44,119,120,283
900841110,110,83,18,211
900841111,165,74,34,273
900841112,143,89,10,242
900841113,105,63,36,204
900841201,257,3,0,260
900841202,259,6,0,265
900841203,275,13,1,289
900841204,216,15,18,249
900841205,179,8,0,187
900841206,149,2,0,151
900841207,225,3,21,249
900841208,295,21,7,323
900841209,326,2,0,328
900841210,273,13,2,288
900841211,257,4,0,261
900841212,311,23,1,335
900841213,201,13,1,215
900841214,198,63,2,263
900841215,153,5,5,163
900841216,331,43,20,394
900841217,190,35,2,227
900841218,164,11,21,196
900841219,335,32,1,368
900841220,280,13,0,293
900841221,278,8,0,286
900841222,150,11,0,161
900841223,212,22,0,234
900841224,97,5,0,102
900841225,259,1,20,280
900841226,273,19,2,294
900841301,178,19,3,200
900841302,179,37,13,229
900841303,143,13,5,161
900841304,194,24,0,218
900841305,256,14,0,270
900841306,264,48,3,315
900841307,103,10,4,117
900841308,215,9,0,224
900841309,290,20,0,310
900841310,243,10,0,253
900841311,131,10,1,142
900841312,316,11,0,327
900841313,99,5,0,104
900841314,209,11,0,220
900841315,144,21,0,165
900841316,190,9,0,199
900841317,204,23,1,228
900841318,244,39,8,291
900841401,164,85,27,276
900841402,167,56,10,233
900841403,111,40,9,160
900841404,234,73,9,316
900841405,217,35,49,301
900841406,237,34,5,276
900841407,252,33,7,292
900841408,173,43,5,221
900841409,131,57,2,190
900841410,160,50,2,212
900841411,174,57,9,240
900841412,247,41,3,291
900841413,154,75,15,244
900841414,146,73,16,235
900841501,117,84,23,224
900841502,237,46,51,334
900841503,122,47,43,212
900841504,263,57,5,325
900841505,213,85,3,301
900841506,250,50,9,309
900841507,102,20,5,127
900841508,131,16,0,147
900841509,284,51,16,351
900841510,177,51,5,233
900841511,137,21,3,161
900841512,101,27,28,156
900841513,134,47,5,186
900841601,255,28,1,284
900841602,231,9,2,242
900841603,253,33,6,292
900841604,397,29,5,431
900841605,200,68,15,283
900841606,189,19,0,208
900841607,282,64,25,371
900841608,281,25,8,314
900841609,152,74,12,238
900841610,179,26,1,206
900841611,230,56,7,293
900841612,129,53,10,192
900841613,131,35,10,176
900841614,226,19,1,246
900841615,277,37,43,357
900841616,197,36,16,249
900841617,33,117,95,245
900841618,102,105,66,273
900841619,125,88,24,237
900841620,178,98,18,294
900841621,107,105,26,238
900841622,50,55,31,136
900841701,131,103,20,254
900841702,251,63,8,322
900841703,199,46,10,255
900841704,212,57,18,287
900841705,179,52,5,236
900841706,146,43,41,230
900841707,83,38,23,144
900841708,222,96,14,332
900841709,179,86,28,293
900841710,73,26,9,108
900841711,94,72,22,188
900841712,147,55,48,250
900841801,340,53,27,420
900841802,238,35,3,276
900841803,120,11,0,131
900841804,104,22,1,127
900841805,235,51,18,304
900841806,260,52,8,320
900841807,228,38,11,277
900841808,272,74,17,363
900841809,224,44,4,272
900841810,116,36,15,167
900841811,153,67,33,253
900841812,236,18,3,257
900841901,211,16,0,227
900841902,255,24,1,280
900841903,252,21,0,273
900841904,152,4,1,157
900841905,154,16,1,171
900841906,130,10,2,142
900841907,245,14,2,261
900841908,152,12,19,183
900841909,318,21,2,341
900841910,222,15,0,237
900841911,318,27,3,348
900841912,180,11,4,195
900841913,150,28,1,179
900841914,166,18,0,184
900841915,135,19,0,154
900841916,269,7,1,277
900841917,143,10,6,159
900841918,171,0,0,171
900841919,302,27,5,334
900842001,167,2,14,183
900842002,202,3,0,205
900842003,171,6,0,177
900842004,123,8,3,134
900842005,182,13,1,196
900842006,162,11,1,174
900842007,298,22,1,321
900842008,201,2,0,203
900842009,229,2,1,232
900842010,215,21,0,236
900842011,145,3,12,160
900842012,227,38,0,265
900842013,162,28,7,197
900842014,172,7,2,181
900842015,273,9,0,282
900842016,166,65,0,231
900842017,210,14,1,225
900842018,338,14,5,357
900842019,223,27,20,270
900842101,148,8,0,156
900842102,294,23,0,317
900842103,151,4,1,156
900842104,192,18,1,211
900842105,67,52,11,130
900842106,170,72,13,255
900842107,291,37,5,333
900842108,190,14,2,206
900842109,207,2,2,211
900842110,189,65,2,256
900842111,31,73,61,165
900842112,166,41,2,209
900842113,133,129,33,295
900842114,135,188,89,412
900842115,37,103,55,195
900842116,81,31,6,118
900842117,101,40,1,142
900842118,50,84,24,158
900842119,98,175,61,334
900842120,224,8,0,232
900842121,175,15,1,191
900842122,140,13,0,153
900842123,0,0,0,0
900842201,126,122,89,337
900842202,60,182,57,299
900842203,43,77,68,188
900842204,44,91,58,193
900842205,7,23,179,209
900842206,61,156,63,280
900842207,66,209,136,411
900842208,41,103,100,244
900842209,101,73,35,209
900842210,116,75,37,228
900842211,88,74,31,193
900842212,27,93,44,164
900842213,59,143,53,255
900842214,101,131,96,328
900842215,69,123,146,338
900842216,98,126,83,307
900842217,51,153,147,351
900842218,24,64,69,157
900842219,48,91,178,317
900842220,57,116,135,308
900842221,30,109,158,297
900842222,8,63,45,116
900842223,0,30,184,214
900842301,137,46,19,202
900842302,124,24,14,162
900842303,99,21,22,142
900842304,198,59,12,269
900842305,186,77,8,271
900842306,193,86,47,326
900842307,149,41,16,206
900842308,185,25,12,222
900842309,175,83,35,293
900842310,179,76,22,277
900842311,183,88,10,281
900842312,173,70,6,249
900842313,90,68,11,169
900842314,88,62,23,173
900842401,95,78,36,209
900842402,146,75,30,251
900842403,201,74,26,301
900842404,195,87,23,305
900842405,126,52,13,191
900842406,247,48,14,309
900842407,91,41,11,143
900842408,143,122,84,349
900842409,166,106,28,300
900842410,206,71,17,294
900842411,101,69,14,184
900842412,100,94,52,246
900842413,122,76,38,236
900842414,101,80,43,224
900842415,148,156,117,421
900842416,169,169,85,423
900842417,87,58,45,190
900842418,126,101,38,265
900842419,82,73,22,177
900842420,155,71,12,238
900842501,101,131,138,370
900842502,7,40,109,156
900842503,289,9,5,303
900842504,216,37,12,265
900842505,296,40,11,347
900842506,43,49,50,142
900842507,199,113,52,364
900842508,131,137,40,308
900842509,198,31,12,241
900842510,170,50,25,245
900842511,106,177,122,405
900842512,131,109,69,309
900842513,275,62,20,357
900842514,172,94,18,284
900842515,128,78,18,224
900842516,110,61,16,187
900842517,60,74,82,216
900842518,99,89,28,216
900842519,164,55,22,241
900842601,132,143,49,324
900842602,60,92,35,187
900842603,71,85,25,181
900842604,86,142,64,292
900842605,75,120,92,287
900842606,153,75,24,252
900842607,184,69,18,271
900842608,229,7,2,238
900842609,93,74,21,188
900842610,39,78,93,210
900842611,132,47,43,222
900842612,61,63,64,188
900842613,59,71,36,166
900842614,82,160,58,300
900842615,59,136,175,370
900842616,65,142,77,284
900842701,111,96,34,241
900842702,186,134,55,375
900842703,144,74,18,236
900842704,139,115,20,274
900842705,139,99,63,301
900842706,140,105,103,348
900842707,86,166,89,341
900842708,111,128,44,283
900842709,126,172,47,345
900842710,120,136,64,320
900842711,61,121,65,247
900842712,65,94,28,187
900842713,228,12,0,240
900842714,329,24,11,364
900842801,139,136,128,403
900842802,139,106,38,283
900842803,144,120,148,412
900842804,10,55,183,248
900842805,21,119,145,285
900842806,12,77,172,261
900842807,16,90,132,238
900842808,2,19,221,242
900842809,104,72,49,225
900842810,129,76,22,227
900842811,106,137,52,295
900842812,68,117,156,341
900842813,47,101,93,241
900842814,47,95,44,186
900842815,69,157,98,324
900842816,45,125,107,277
900842817,37,95,132,264
900842818,248,18,4,270
900842819,231,35,6,272
900842820,203,13,10,226
900842821,148,33,31,212
900842822,221,63,24,308
900842823,90,89,79,258
900842824,242,105,59,406
900842901,81,115,133,329
900842902,163,128,59,350
900842903,181,44,4,229
900842904,50,113,67,230
900842905,58,101,45,204
900842906,66,107,56,229
900842907,58,110,70,238
900842908,110,155,156,421
900842909,161,87,58,306
900842910,31,121,74,226
900842911,107,136,93,336
900842912,20,95,65,180
900842913,97,143,61,301
900842914,74,129,379,582
900842915,30,125,99,254
900842916,8,86,65,159
900843001,42,94,136,272
900843002,96,142,60,298
900843003,117,121,85,323
900843004,205,12,0,217
900843005,205,12,4,221
900843006,127,34,37,198
900843007,47,163,73,283
900843008,47,98,94,239
900843009,41,173,68,282
900843010,56,122,72,250
900843011,101,169,64,334
900843012,84,141,128,353
900843013,72,194,111,377
900843014,163,74,39,276
900843015,177,154,95,426
900843016,94,71,163,328
900843017,93,93,4,190
900843018,191,169,87,447
900843019,75,36,1,112
900910101,133,138,121,392
900910102,121,143,78,342
900910103,168,139,42,349
900910104,166,163,37,366
900910105,179,75,24,278
900910106,156,59,24,239
900910201,33,39,84,156
900910202,12,24,46,82
900910203,13,26,94,133
900910204,55,70,86,211
900910205,19,10,81,110
900910206,8,6,74,88
900910207,18,10,137,165
900910208,11,15,125,151
900910209,7,5,113,125
900910301,1,2,73,76
900910302,15,17,133,165
900910303,2,15,121,138
900910304,4,15,145,164
900910305,15,22,112,149
900910306,10,18,127,155
900910307,4,3,92,99
900910308,1,1,43,45
900910401,5,11,23,39
900910402,4,11,81,96
900910403,3,8,72,83
900910404,14,18,44,76
900910405,31,21,61,113
900910406,16,11,20,47
900910501,20,12,122,154
900910502,5,10,94,109
900910503,17,33,70,120
900910504,4,4,27,35
900910601,1,0,24,25
900910602,2,6,123,131
900910603,2,14,54,70
900910604,1,1,40,42
900910605,0,0,25,25
900910606,1,2,27,30
900910607,37,32,46,115
900910701,3,4,187,194
900910702,8,34,129,171
900910703,0,0,56,56
900910704,23,41,13,77
900910801,0,0,33,33
900910802,0,1,22,23
900910803,1,0,44,45
900910804,7,9,78,94
900910805,0,2,52,54
900910806,0,1,46,47
900910807,0,0,17,17
900910808,10,29,88,127
900910809,75,89,52,216
900910901,7,4,48,59
900910902,14,12,49,75
900910903,14,13,48,75
900910904,2,4,18,24
900911001,1,2,64,67
900911002,0,5,40,45
900911003,3,24,89,116
900911004,5,1,28,34
900911101,1,1,51,53
900911102,1,9,15,25
900911103,3,3,47,53
900911104,3,16,35,54
900911201,6,8,87,101
900911202,0,0,54,54
900911203,0,0,11,11
900980101,0,7,121,128
900980102,0,2,54,56
900980103,0,0,20,20
900980104,2,7,64,73
900980105,1,4,57,62
900980106,25,51,88,164
900980107,0,0,12,12
900980108,0,0,0,0
900980201,0,0,11,11
900980202,0,0,4,4
900980203,4,3,7,14
900980301,0,0,11,11
900980302,1,0,6,7
900980303,0,2,10,12
900980304,9,28,52,89
900980305,0,3,27,30
900980306,0,0,0,0
900980307,0,0,5,5
900980308,22,49,150,221
900980309,9,21,75,105
900980310,53,39,95,187
900980311,39,60,77,176
900980401,16,59,102,177
900980402,74,62,85,221
900980403,0,0,10,10
900980404,0,0,4,4
900980405,21,37,82,140
900980406,39,47,75,161
900980407,12,24,42,78
900980408,7,22,164,193
900980409,16,23,71,110
900980410,22,47,20,89
900980411,39,28,6,73
900980412,40,50,55,145
900980413,30,22,39,91
900980414,51,45,52,148
900980415,90,100,53,243
900980416,101,48,32,181
900980417,41,23,20,84
900980418,29,42,34,105
900980419,10,10,3,23
900980420,65,31,34,130
901050101,0,0,22,22
901050102,0,0,18,18
901050103,0,0,31,31
901050104,0,0,13,13
901050201,1,1,28,30
901050202,0,0,11,11
901050203,7,3,24,34
901050204,33,54,57,144
901050205,14,60,103,177
901050206,21,25,31,77
901050207,7,16,23,46
901050208,24,45,108,177
901050301,2,7,3,12
901050302,11,21,91,123
901050401,19,19,63,101
901050402,45,63,82,190
901050501,11,58,70,139
901050502,0,4,21,25
901050503,20,61,134,215
901050504,95,149,188,432
901050505,38,48,74,160
901050506,229,48,7,284
901050601,50,50,51,151
901050602,31,88,118,237
901050603,230,117,13,360
901050604,276,39,7,322
901050605,89,98,104,291
901050606,125,77,6,208
901050607,26,74,47,147
901050608,34,67,23,124
901050609,66,93,51,210
901050610,66,98,45,209
901050611,122,104,49,275
901050612,92,140,24,256
901050613,111,77,14,202
901050614,53,40,12,105
901050615,103,75,26,204
901050616,57,67,59,183
901050617,74,85,23,182
901050618,62,90,56,208
901050619,81,85,32,198
901050620,103,107,60,270
901050621,104,201,88,393
901050622,78,43,2,123
901050623,294,107,9,410
901050624,26,45,38,109
901050625,56,63,52,171
901050701,119,159,184,462
901050702,71,70,85,226
901050703,70,54,8,132
901050704,25,95,132,252
901050705,135,42,16,193
901050706,123,66,31,220
901050707,101,27,9,137
901050708,142,39,41,222
901050709,47,55,138,240
901050710,28,78,67,173
901050711,256,102,8,366
901050712,322,39,1,362
901050713,191,49,0,240
901050714,148,95,9,252
901050715,53,79,18,150
901050716,0,0,0,0
901050717,0,1,0,1
901050718,11,11,0,22
901050801,15,15,31,61
901050802,162,108,43,313
901050803,160,76,48,284
901050804,86,134,73,293
901050805,108,139,62,309
901050806,82,69,54,205
901050807,184,62,35,281
901050808,236,134,61,431
901050809,101,118,40,259
901050810,194,51,14,259
901050811,228,94,4,326
901050812,341,19,2,362
901050813,223,84,29,336
901050814,152,89,46,287
901050815,45,88,75,208
901050816,106,69,38,213
901050817,75,118,46,239
901050901,1,4,8,13
901050902,154,47,83,284
901050903,158,135,167,460
901050904,168,97,63,328
901050905,166,75,63,304
901050906,223,80,29,332
901050907,228,43,13,284
901050908,202,52,11,265
901050909,212,43,6,261
901050910,121,20,2,143
901050911,160,18,3,181
901050912,199,84,28,311
901050913,126,119,62,307
901050914,185,69,27,281
901050915,234,20,2,256
901050916,22,162,29,213
901050917,57,62,39,158
901051001,161,107,29,297
901051002,43,64,82,189
901051003,160,65,51,276
901051004,61,168,107,336
901051005,121,107,180,408
901051006,215,64,13,292
901051007,118,83,22,223
901051008,31,36,34,101
901051009,195,162,30,387
901051010,53,115,136,304
901051011,51,79,89,219
901051012,111,46,38,195
901051013,190,38,18,246
901051014,0,1,2,3
901051015,52,139,78,269
901051016,62,90,39,191
901051017,140,140,114,394
901051018,165,62,42,269
901051019,25,70,28,123
901051020,47,62,44,153
901051021,134,97,59,290
901051022,70,116,61,247
901051023,77,69,50,196
901051024,25,83,192,300
901120101,1,1,9,11
901120102,1,1,39,41
901120103,1,17,22,40
901120104,1,1,22,24
901120105,1,0,46,47
901120106,0,0,21,21
901120107,0,0,16,16
901120108,1,6,48,55
901120109,19,31,66,116
901120110,26,51,44,121
901120111,54,68,17,139
901120112,19,32,20,71
901120113,28,38,20,86
901120114,23,42,44,109
901120115,25,44,57,126
901120116,33,39,10,82
901120201,1,0,21,22
901120202,2,6,11,19
901120203,3,16,73,92
901120204,6,7,54,67
901120205,29,86,120,235
901120206,13,17,27,57
901120207,4,10,20,34
901120208,1,4,15,20
901120209,18,21,18,57
901120210,19,43,247,309
901120211,1,0,4,5
901120212,0,5,18,23
901120213,177,107,97,381
901120214,205,76,9,290
901120215,37,88,20,145
901120216,159,89,8,256
901120301,0,7,55,62
901120302,12,59,152,223
901120303,17,27,68,112
901120304,0,5,23,28
901120305,2,7,28,37
901120306,0,1,35,36
901120307,5,13,128,146
901120308,37,57,18,112
901120401,2,1,18,21
901120402,2,14,25,41
901120403,9,24,49,82
901120404,25,38,124,187
901190101,0,1,13,14
901190102,2,1,1,4
901190103,8,19,17,44
901190201,153,62,58,273
901190202,148,29,16,193
901190203,100,74,27,201
901190204,293,16,9,318
901190205,90,86,38,214
901190206,107,158,84,349
901190207,79,57,13,149
901190208,59,102,63,224
901190209,49,101,71,221
901190210,125,62,5,192
901190211,103,113,86,302
901190212,90,38,11,139
901190213,131,92,6,229
901190214,130,37,3,170
901190215,93,150,11,254
901190216,204,6,1,211
901190217,89,95,50,234
901190301,0,0,1,1
901190302,104,50,34,188
901190303,116,18,13,147
901190304,76,68,81,225
901190305,136,22,9,167
901190306,74,99,66,239
901190307,228,30,1,259
901190308,167,17,2,186
901190309,158,39,20,217
901190310,136,38,16,190
901190311,71,50,39,160
901190312,134,31,5,170
901190313,245,70,24,339
901190314,151,41,36,228
901190315,109,50,73,232
901190316,66,79,47,192
901190317,269,57,52,378
901190318,83,38,55,176
901190319,188,61,18,267
901190401,9,62,119,190
901190402,87,91,68,246
901190403,71,97,101,269
901190404,96,139,64,299
901190405,103,86,66,255
901190406,338,10,2,350
901190407,99,192,75,366
901190408,117,128,51,296
901190409,172,107,115,394
901190410,230,5,3,238
901190411,165,41,39,245
901190412,150,26,11,187
901190413,182,24,2,208
901190414,199,10,0,209
901190415,117,16,0,133
901190416,95,15,9,119
901190417,260,22,1,283
901190418,182,10,0,192
901190419,307,21,2,330
901190420,160,54,30,244
901190421,153,17,6,176
901190501,0,3,0,3
901190502,120,47,53,220
901190503,104,66,47,217
901190504,166,18,34,218
901190505,199,11,3,213
901190506,144,14,4,162
901190507,320,42,9,371
901190508,261,70,12,343
901190509,246,52,9,307
901190510,222,18,9,249
901190511,169,2,2,173
901190512,212,97,39,348
901190513,261,81,33,375
901190514,159,76,54,289
901190515,267,8,3,278
901190516,255,22,3,280
940070101,3,2,2,7
940070201,10,2,0,12
940070301,13,0,2,15
940070401,9,1,0,10
940070501,4,0,4,8
940070502,114,18,5,137
940070503,184,18,78,280
940070504,166,35,12,213
940070505,80,21,74,175
940070601,21,3,5,29
940070701,17,5,5,27
940070801,8,1,0,9
940071001,273,22,1,296
940071002,93,6,11,110
940071003,283,18,2,303
940071004,159,122,4,285
940071005,241,42,2,285
940071006,299,18,2,319
940071007,254,70,3,327
940071008,148,113,9,270
940071009,251,33,2,286
940071010,270,13,0,283
940071011,237,39,43,319
940071012,235,30,5,270
940071013,178,88,7,273
940071101,275,19,0,294
940071102,275,16,4,295
940071103,313,20,1,334
940071104,382,58,0,440
940071105,271,12,1,284
940071106,197,24,5,226
940071107,177,25,6,208
940071108,146,12,3,161
940071109,203,33,8,244
940071110,162,26,7,195
940071111,270,29,4,303
940071112,285,29,6,320
940071113,265,43,10,318
940071201,165,30,1,196
940071202,250,13,3,266
940071203,141,32,2,175
940071204,269,30,1,300
940071205,265,65,2,332
940071206,298,21,3,322
940071207,256,22,8,286
940071208,152,147,3,302
940071209,251,31,2,284
940071210,239,46,9,294
940071211,193,29,4,226
940071212,230,64,11,305
940071213,240,47,11,298
940071301,255,42,1,298
940071302,300,29,6,335
940071303,300,25,1,326
940071304,234,55,9,298
940071305,189,27,46,262
940071306,84,22,0,106
940071307,274,43,4,321
940071308,174,57,10,241
940071309,223,19,1,243
940071310,124,28,10,162
940071311,241,63,3,307
940071312,193,47,6,246
940071313,231,71,2,304
940071314,158,31,5,194
940071401,231,24,38,293
940071402,273,37,38,348
940071403,242,42,46,330
940071404,172,31,63,266
940071405,209,63,16,288
940071406,229,17,8,254
940071407,278,50,10,338
940071408,263,40,5,308
940071409,270,27,18,315
940071410,225,39,9,273
940071411,221,16,11,248
940071412,52,7,270,329
940071413,41,6,185,232
940071414,79,22,175,276
940071415,158,35,5,198
940071416,33,13,49,95
940140101,4,0,1,5
940140102,31,4,10,45
940140103,17,5,17,39
940140201,0,0,0,0
940140202,3,0,2,5
940140301,0,0,1,1
940140302,7,0,6,13
940140401,113,15,8,136
940140402,92,22,126,240
940140403,77,9,48,134
940140404,26,11,63,100
940140405,82,34,31,147
940140406,179,22,5,206
940140407,194,46,35,275
940140408,111,7,2,120
940140409,275,31,3,309
940140410,182,37,0,219
940140411,196,42,12,250
940140412,242,13,11,266
940140413,252,31,25,308
940140414,262,59,14,335
940140415,207,63,14,284
940140416,272,35,1,308
940140501,163,24,26,213
940140502,265,19,1,285
940140503,248,27,17,292
940140504,94,5,0,99
940140505,192,51,13,256
940140506,136,17,1,154
940140507,143,29,5,177
940140508,190,66,14,270
940140509,344,33,6,383
940140510,201,33,4,238
940140511,182,18,6,206
940140601,159,23,18,200
940140602,335,25,5,365
940140603,245,43,8,296
940140604,233,39,2,274
940140605,307,34,11,352
940140606,247,24,9,280
940140607,239,43,5,287
940140608,224,36,2,262
940140609,293,25,4,322
940140610,280,35,17,332
940140611,162,46,133,341
940140612,108,31,158,297
940140701,130,36,4,170
940140702,223,37,5,265
940140703,251,26,13,290
940140704,233,30,3,266
940140705,288,13,3,304
940140706,113,15,4,132
940140707,250,56,2,308
940140708,207,29,1,237
940140709,57,36,28,121
940140710,70,35,2,107
940140711,289,58,15,362
940140712,278,43,10,331
940140713,206,53,34,293
940140714,269,76,34,379
940140801,58,8,2,68
940140802,183,14,4,201
940140803,74,13,0,87
940140804,160,39,17,216
940140805,239,20,9,268
940140806,315,35,4,354
940140807,221,34,3,258
940140808,279,48,33,360
940140809,197,37,11,245
940140810,383,46,8,437
940140811,231,35,34,300
940140812,262,24,1,287
940140813,269,37,13,319
940210101,0,0,0,0
940280101,2,6,0,8
